1400,'CsRoyOff',642,,3062,17,,,0,70,,3063,17,,,0,30,,3061,17,,,0,100,,3060,17,,,0
1400,'CsRoyOffKerOff',642,,3069,17,,,0,70,,3070,17,,,0,30,,3068,17,,,0,100,,3067,17,,,0
1400,'EventOff',642,,3076,17,,,0,70,,3077,17,,,0,30,,3075,17,,,0,100,,3074,17,,,0
1400,'EventOn',642,,3083,17,,,0,70,,3084,17,,,0,30,,3082,17,,,0,100,,3081,17,,,0
1400,'KerOffPriveOff',642,,3090,17,,,0,70,,3091,17,,,0,30,,3089,17,,,0,100,,3088,17,,,0
1401,'CsRoyOff',1550,,3094,14,,,0,100,,3093,14,,,0,99,,3092,14,,,0
1401,'CsRoyOffKerOff',1550,,3100,14,,,0,100,,3099,14,,,0,99,,3098,14,,,0
1401,'EventOff',1550,,3106,14,,,0,100,,3105,14,,,0,99,,3104,14,,,0
1401,'EventOn',1550,,3112,14,,,0,100,,3111,14,,,0,99,,3110,14,,,0
1401,'KerOffPriveOff',1550,,3118,14,,,0,100,,3117,14,,,0,99,,3116,14,,,0
