2500,'CsRoyOff',634,,3548,27,,,0,75,,3546,27,,,0,40,,3549,27,,,0,75,,3547,27,,,0,76,,3550,27,,,0,34,,3551,27,,,0,75,,3552,27,,,0,35,,3553,27,,,0,75,,3554,27,,,0,35,,3555,27,,,0,75,,3556,27,,,0,75,,3557,27,,,0,35,,3558,27,,,0,75,,3559,27,,,0,35,,3560,27,,,0,81,,3561,27,,,0,78,,3562,27,,,0,36,,3563,27,,,0,75,,3564,27,,,0,35,,3565,27,,,0,75,,3566,27,,,0,75,,3567,27,,,0,105,,3568,27,,,0,105,,3569,27,,,0,105,,3570,27,,,0,105,,3571,27,,,0,105,,3572,27,,,0
2500,'CsRoyOffKerOff',634,,3579,27,,,0,75,,3577,27,,,0,40,,3580,27,,,0,75,,3578,27,,,0,76,,3581,27,,,0,34,,3582,27,,,0,75,,3583,27,,,0,35,,3584,27,,,0,75,,3585,27,,,0,35,,3586,27,,,0,75,,3587,27,,,0,75,,3588,27,,,0,35,,3589,27,,,0,75,,3590,27,,,0,35,,3591,27,,,0,81,,3592,27,,,0,78,,3593,27,,,0,36,,3594,27,,,0,75,,3595,27,,,0,35,,3596,27,,,0,75,,3597,27,,,0,75,,3598,27,,,0,105,,3599,27,,,0,105,,3600,27,,,0,105,,3601,27,,,0,105,,3602,27,,,0,105,,3603,27,,,0
2500,'Dimanche',934,,3610,27,,,0,105,,3611,27,,,0,105,,3612,27,,,0,105,,3613,27,,,0,105,,3614,27,,,0,105,,3615,27,,,0,145,,3616,27,,,0,105,,3608,27,,,0,105,,3609,27,,,0,105,,3607,27,,,0
2500,'EventOff',634,,3620,27,,,0,75,,3618,27,,,0,40,,3621,27,,,0,75,,3619,27,,,0,76,,3622,27,,,0,34,,3623,27,,,0,75,,3624,27,,,0,35,,3625,27,,,0,75,,3626,27,,,0,35,,3627,27,,,0,75,,3628,27,,,0,75,,3629,27,,,0,35,,3630,27,,,0,75,,3631,27,,,0,35,,3632,27,,,0,81,,3633,27,,,0,78,,3634,27,,,0,36,,3635,27,,,0,75,,3636,27,,,0,35,,3637,27,,,0,75,,3638,27,,,0,75,,3639,27,,,0,105,,3640,27,,,0,105,,3641,27,,,0,105,,3642,27,,,0,105,,3643,27,,,0,105,,3644,27,,,0
2500,'EventOn',634,,3648,27,,,0,75,,3646,27,,,0,40,,3649,27,,,0,75,,3647,27,,,0,76,,3650,27,,,0,34,,3651,27,,,0,75,,3652,27,,,0,35,,3653,27,,,0,75,,3654,27,,,0,35,,3655,27,,,0,75,,3656,27,,,0,75,,3657,27,,,0,35,,3658,27,,,0,75,,3659,27,,,0,35,,3660,27,,,0,81,,3661,27,,,0,25,,3678,18,,,0,53,,3662,27,,,0,36,,3663,27,,,0,75,,3664,27,,,0,35,,3665,27,,,0,75,,3666,27,,,0,75,,3667,27,,,0,105,,3668,27,,,0,105,,3669,27,,,0,105,,3670,27,,,0,105,,3671,27,,,0,105,,3672,27,,,0
2500,'KerOffPriveOff',634,,3683,27,,,0,75,,3681,27,,,0,40,,3684,27,,,0,75,,3682,27,,,0,76,,3685,27,,,0,34,,3686,27,,,0,75,,3687,27,,,0,35,,3688,27,,,0,75,,3689,27,,,0,35,,3690,27,,,0,75,,3691,27,,,0,75,,3692,27,,,0,35,,3693,27,,,0,75,,3694,27,,,0,35,,3695,27,,,0,81,,3696,27,,,0,25,,3711,18,,,0,53,,3697,27,,,0,36,,3698,27,,,0,75,,3699,27,,,0,35,,3700,27,,,0,75,,3701,27,,,0,75,,3702,27,,,0,105,,3703,27,,,0,105,,3704,27,,,0,105,,3705,27,,,0,105,,3706,27,,,0,105,,3707,27,,,0
2500,'Samedi',704,,3713,27,,,0,105,,3719,27,,,0,105,,3726,27,,,0,105,,3714,27,,,0,105,,3720,27,,,0,105,,3727,27,,,0,105,,3715,27,,,0,105,,3721,27,,,0,105,,3728,27,,,0,105,,3716,27,,,0,105,,3722,27,,,0,105,,3729,27,,,0,145,,3717,27,,,0,105,,3723,27,,,0,105,,3730,27,,,0,105,,3718,27,,,0,105,,3724,27,,,0
111800301,'CsRoyOff',1531,,4930,2,,,0
111800301,'EventOn',1531,,4931,2,,,0
111800401,'CsRoyOff',1601,,4934,2,,,0
111800401,'EventOn',1601,,4935,2,,,0
