2501,'CsRoyOff',620,,3731,8,,,0,34,,3733,8,,,0,78,,3732,8,,,0,77,,3734,8,,,0,35,,3752,8,,,0,74,,3735,8,,,0,35,,3736,8,,,0,75,,3737,8,,,0,75,,3738,8,,,0,35,,3739,8,,,0,75,,3740,8,,,0,35,,3741,8,,,0,75,,3742,8,,,0,35,,3743,8,,,0,75,,3744,8,,,0,78,,3745,8,,,0,21,,3758,3,0,7 8,0,17,,3746,8,,,0,78,,3747,8,,,0,77,,3748,8,,,0,35,,3749,8,,,0,75,,3750,8,,,0,33,,3751,8,,,0,75,,3753,8,,,0,104,,3754,8,,,0,105,,3755,8,,,0,105,,3756,8,,,0,105,,3757,8,,,0
2501,'CsRoyOffKerOff',620,,3759,8,,,0,34,,3761,8,,,0,78,,3760,8,,,0,77,,3762,8,,,0,35,,3780,8,,,0,74,,3763,8,,,0,35,,3764,8,,,0,75,,3765,8,,,0,75,,3766,8,,,0,35,,3767,8,,,0,75,,3768,8,,,0,35,,3769,8,,,0,75,,3770,8,,,0,35,,3771,8,,,0,75,,3772,8,,,0,78,,3773,8,,,0,38,,3774,8,,,0,78,,3775,8,,,0,77,,3776,8,,,0,35,,3777,8,,,0,75,,3778,8,,,0,33,,3779,8,,,0,75,,3781,8,,,0,104,,3782,8,,,0,105,,3783,8,,,0,105,,3784,8,,,0,105,,3785,8,,,0
2501,'Dimanche',846,,3788,8,,,0,105,,3789,8,,,0,105,,3790,8,,,0,145,,3791,8,,,0,105,,3792,8,,,0,105,,3793,8,,,0,105,,3794,8,,,0,105,,3795,8,,,0,105,,3787,8,,,0,105,,3786,8,,,0
2501,'EventOff',620,,3796,8,,,0,34,,3798,8,,,0,78,,3797,8,,,0,77,,3799,8,,,0,35,,3817,8,,,0,74,,3800,8,,,0,35,,3801,8,,,0,75,,3802,8,,,0,75,,3803,8,,,0,35,,3804,8,,,0,75,,3805,8,,,0,35,,3806,8,,,0,75,,3807,8,,,0,35,,3808,8,,,0,75,,3809,8,,,0,78,,3810,8,,,0,38,,3811,8,,,0,78,,3812,8,,,0,77,,3813,8,,,0,35,,3814,8,,,0,75,,3815,8,,,0,33,,3816,8,,,0,75,,3818,8,,,0,104,,3819,8,,,0,105,,3820,8,,,0,105,,3821,8,,,0,105,,3822,8,,,0
2501,'EventOn',620,,3823,8,,,0,34,,3825,8,,,0,71,,3850,8,0,9,0,7,,3824,8,,,0,12,,3851,8,0,10,0,65,,3826,8,,,0,35,,3844,8,,,0,74,,3827,8,,,0,35,,3828,8,,,0,75,,3829,8,,,0,75,,3830,8,,,0,35,,3831,8,,,0,75,,3832,8,,,0,35,,3833,8,,,0,75,,3834,8,,,0,35,,3835,8,,,0,75,,3836,8,,,0,78,,3837,8,,,0,21,,3852,3,0,7 8,0,17,,3838,8,,,0,78,,3839,8,,,0,77,,3840,8,,,0,35,,3841,8,,,0,75,,3842,8,,,0,33,,3843,8,,,0,75,,3845,8,,,0,104,,3846,8,,,0,105,,3847,8,,,0,105,,3848,8,,,0,105,,3849,8,,,0
2501,'KerOffPriveOff',620,,3853,8,,,0,34,,3855,8,,,0,71,,3880,8,0,9,0,7,,3854,8,,,0,12,,3881,8,0,10,0,65,,3856,8,,,0,35,,3874,8,,,0,74,,3857,8,,,0,35,,3858,8,,,0,75,,3859,8,,,0,75,,3860,8,,,0,35,,3861,8,,,0,75,,3862,8,,,0,35,,3863,8,,,0,75,,3864,8,,,0,35,,3865,8,,,0,75,,3866,8,,,0,78,,3867,8,,,0,38,,3868,8,,,0,78,,3869,8,,,0,77,,3870,8,,,0,35,,3871,8,,,0,75,,3872,8,,,0,33,,3873,8,,,0,75,,3875,8,,,0,104,,3876,8,,,0,105,,3877,8,,,0,105,,3878,8,,,0,105,,3879,8,,,0
2501,'Samedi',616,,3893,8,,,0,104,,3882,8,,,0,105,,3888,8,,,0,105,,3894,8,,,0,105,,3883,8,,,0,105,,3889,8,,,0,105,,3895,8,,,0,105,,3884,8,,,0,105,,3890,8,,,0,145,,3896,8,,,0,105,,3885,8,,,0,105,,3891,8,,,0,105,,3897,8,,,0,105,,3886,8,,,0,105,,3892,8,,,0,105,,3898,8,,,0,105,,3887,8,,,0
190300200,'CsRoyOff',736,,4950,8,,,0
190300200,'CsRoyOffKerOff',736,,4951,8,,,0
190300200,'EventOn',736,,4952,8,,,0
