1200,'CsRoyOff',700,,2509,14,,,0,116,,2510,14,,,0,110,,2511,14,,,0,110,,2512,14,,,0,110,,2513,14,,,0,110,,2514,14,,,0,149,,2515,14,,,0,115,,2516,14,,,0,81,,2525,3,,,0,38,,2517,14,,,0,107,,2518,14,,,0,110,,2519,14,,,0,145,,2523,14,,,0,105,,2522,14,,,0,105,,2521,14,,,0,105,,2520,14,,,0,105,,2524,14,,,0
1200,'CsRoyOffKerOff',700,,2526,14,,,0,116,,2527,14,,,0,110,,2528,14,,,0,110,,2529,14,,,0,110,,2530,14,,,0,110,,2531,14,,,0,149,,2532,14,,,0,115,,2533,14,,,0,81,,2542,3,,,0,38,,2534,14,,,0,107,,2535,14,,,0,110,,2536,14,,,0,145,,2540,14,,,0,105,,2539,14,,,0,105,,2538,14,,,0,105,,2537,14,,,0,105,,2541,14,,,0
1200,'Dimanche',926,,2544,14,,,0,104,,2546,14,,,0,106,,2547,14,,,0,104,,2548,14,,,0,105,,2549,14,,,0,105,,2550,14,,,0,105,,2551,14,,,0,145,,2552,14,,,0,106,,2545,14,,,0,105,,2543,14,,,0
1200,'EventOff',700,,2553,14,,,0,116,,2554,14,,,0,110,,2555,14,,,0,110,,2556,14,,,0,110,,2557,14,,,0,110,,2558,14,,,0,149,,2559,14,,,0,115,,2560,14,,,0,119,,2561,14,,,0,107,,2562,14,,,0,110,,2563,14,,,0,145,,2567,14,,,0,105,,2566,14,,,0,105,,2565,14,,,0,105,,2564,14,,,0,105,,2568,14,,,0
1200,'EventOn',700,,2569,14,,,0,116,,2570,14,,,0,110,,2571,14,,,0,110,,2572,14,,,0,110,,2573,14,,,0,110,,2574,14,,,0,149,,2575,14,,,0,115,,2576,14,,,0,81,,2585,3,,,0,38,,2577,14,,,0,107,,2578,14,,,0,110,,2579,14,,,0,145,,2583,14,,,0,105,,2582,14,,,0,105,,2581,14,,,0,105,,2580,14,,,0,105,,2584,14,,,0
1200,'KerOffPriveOff',700,,2586,14,,,0,116,,2587,14,,,0,110,,2588,14,,,0,110,,2589,14,,,0,110,,2590,14,,,0,110,,2591,14,,,0,149,,2592,14,,,0,115,,2593,14,,,0,119,,2594,14,,,0,107,,2595,14,,,0,110,,2596,14,,,0,145,,2600,14,,,0,105,,2599,14,,,0,105,,2598,14,,,0,105,,2597,14,,,0,105,,2601,14,,,0
1200,'Samedi',656,,2602,14,,,0,145,,2603,14,,,0,105,,2604,14,,,0,105,,2605,14,,,0,105,,2606,14,,,0,105,,2607,14,,,0,106,,2608,14,,,0,105,,2609,14,,,0,105,,2610,14,,,0,104,,2611,14,,,0,105,,2612,14,,,0,105,,2613,14,,,0,105,,2614,14,,,0,145,,2615,14,,,0,105,,2616,14,,,0,105,,2617,14,,,0,105,,2618,14,,,0
1701,'CsRoyOff',617,,3441,3,,,0,32,,3442,3,,,0,80,,3443,3,,,0,75,,3444,3,,,0,36,,3445,3,,,0,74,,3446,3,,,0,35,,3447,3,,,0,75,,3448,3,,,0,76,,3449,3,,,0,35,,3450,3,,,0,75,,3451,3,,,0,35,,3452,3,,,0,75,,3453,3,,,0,35,,3454,3,,,0,75,,3455,3,,,0,80,,3456,3,,,0,38,,3457,3,,,0,77,,3458,3,,,0,75,,3459,3,,,0,33,,3460,3,,,0,76,,3461,3,,,0
1701,'CsRoyOffKerOff',617,,3462,3,,,0,32,,3463,3,,,0,80,,3464,3,,,0,75,,3465,3,,,0,36,,3466,3,,,0,74,,3467,3,,,0,35,,3468,3,,,0,75,,3469,3,,,0,76,,3470,3,,,0,35,,3471,3,,,0,75,,3472,3,,,0,35,,3473,3,,,0,75,,3474,3,,,0,35,,3475,3,,,0,75,,3476,3,,,0,80,,3477,3,,,0,38,,3478,3,,,0,77,,3479,3,,,0,75,,3480,3,,,0,33,,3481,3,,,0,76,,3482,3,,,0
1701,'EventOff',617,,3483,3,,,0,32,,3484,3,,,0,80,,3485,3,,,0,75,,3486,3,,,0,36,,3487,3,,,0,74,,3488,3,,,0,35,,3489,3,,,0,75,,3490,3,,,0,76,,3491,3,,,0,35,,3492,3,,,0,75,,3493,3,,,0,35,,3494,3,,,0,75,,3495,3,,,0,35,,3496,3,,,0,75,,3497,3,,,0,80,,3498,3,,,0,38,,3499,3,,,0,77,,3500,3,,,0,75,,3501,3,,,0,33,,3502,3,,,0,76,,3503,3,,,0
1701,'EventOn',617,,3504,3,,,0,32,,3505,3,,,0,80,,3506,3,,,0,75,,3507,3,,,0,36,,3508,3,,,0,74,,3509,3,,,0,35,,3510,3,,,0,75,,3511,3,,,0,76,,3512,3,,,0,35,,3513,3,,,0,75,,3514,3,,,0,35,,3515,3,,,0,75,,3516,3,,,0,35,,3517,3,,,0,75,,3518,3,,,0,80,,3519,3,,,0,38,,3520,3,,,0,77,,3521,3,,,0,75,,3522,3,,,0,33,,3523,3,,,0,76,,3524,3,,,0
1701,'KerOffPriveOff',617,,3525,3,,,0,32,,3526,3,,,0,80,,3527,3,,,0,75,,3528,3,,,0,36,,3529,3,,,0,74,,3530,3,,,0,35,,3531,3,,,0,75,,3532,3,,,0,76,,3533,3,,,0,35,,3534,3,,,0,75,,3535,3,,,0,35,,3536,3,,,0,75,,3537,3,,,0,35,,3538,3,,,0,75,,3539,3,,,0,80,,3540,3,,,0,38,,3541,3,,,0,77,,3542,3,,,0,75,,3543,3,,,0,33,,3544,3,,,0,76,,3545,3,,,0
