600,'CsRoyOff',638,,1003,7,,,0,80,,995,7,,,0,20,,1015,7,0,6,0,15,,988,7,,,0,75,,999,7,,,0,73,,1005,7,,,0,35,,994,7,,,0,75,,996,7,,,0,35,,989,7,,,0,75,,1000,7,,,0,35,,1006,7,,,0,75,,992,7,,,0,75,,997,7,,,0,35,,990,7,,,0,76,,1001,7,,,0,35,,1007,7,,,0,80,,1004,7,,,0,76,,998,7,,,0,39,,991,7,,,0,75,,1002,7,,,0,35,,1008,7,,,0,74,,993,7,,,0,109,,1010,7,,,0,99,,1013,7,,,0,105,,1012,7,,,0,107,,1011,7,,,0,103,,1009,7,,,0
600,'CsRoyOffKerOff',638,,1031,7,,,0,80,,1023,7,,,0,35,,1016,7,,,0,75,,1027,7,,,0,73,,1033,7,,,0,35,,1022,7,,,0,75,,1024,7,,,0,35,,1017,7,,,0,75,,1028,7,,,0,35,,1034,7,,,0,75,,1020,7,,,0,75,,1025,7,,,0,35,,1018,7,,,0,76,,1029,7,,,0,35,,1035,7,,,0,80,,1032,7,,,0,76,,1026,7,,,0,39,,1019,7,,,0,75,,1030,7,,,0,35,,1036,7,,,0,74,,1021,7,,,0,109,,1038,7,,,0,99,,1041,7,,,0,105,,1040,7,,,0,107,,1039,7,,,0,103,,1037,7,,,0
600,'Dimanche',858,,1044,7,,,0,145,,1047,7,,,0,106,,1046,7,,,0,106,,1048,7,,,0,105,,1049,7,,,0,105,,1050,7,,,0,105,,1051,7,,,0,105,,1052,7,,,0,105,,1043,7,,,0,104,,1045,7,,,0
600,'EventOff',638,,1068,7,,,0,80,,1060,7,,,0,35,,1053,7,,,0,75,,1064,7,,,0,73,,1070,7,,,0,35,,1059,7,,,0,75,,1061,7,,,0,35,,1054,7,,,0,75,,1065,7,,,0,35,,1071,7,,,0,75,,1057,7,,,0,75,,1062,7,,,0,35,,1055,7,,,0,76,,1066,7,,,0,35,,1072,7,,,0,80,,1069,7,,,0,76,,1063,7,,,0,39,,1056,7,,,0,75,,1067,7,,,0,35,,1073,7,,,0,74,,1058,7,,,0,109,,1075,7,,,0,99,,1078,7,,,0,105,,1077,7,,,0,107,,1076,7,,,0,103,,1074,7,,,0
600,'EventOn',638,,1095,7,,,0,80,,1087,7,,,0,20,,1107,7,0,6,0,15,,1080,7,,,0,75,,1091,7,,,0,73,,1097,7,,,0,35,,1086,7,,,0,75,,1088,7,,,0,35,,1081,7,,,0,75,,1092,7,,,0,35,,1098,7,,,0,75,,1084,7,,,0,75,,1089,7,,,0,35,,1082,7,,,0,76,,1093,7,,,0,35,,1099,7,,,0,80,,1096,7,,,0,76,,1090,7,,,0,39,,1083,7,,,0,75,,1094,7,,,0,35,,1100,7,,,0,74,,1085,7,,,0,109,,1102,7,,,0,99,,1105,7,,,0,105,,1104,7,,,0,107,,1103,7,,,0,103,,1101,7,,,0
600,'KerOffPriveOff',638,,1124,7,,,0,80,,1116,7,,,0,35,,1109,7,,,0,75,,1120,7,,,0,73,,1126,7,,,0,35,,1115,7,,,0,75,,1117,7,,,0,35,,1110,7,,,0,75,,1121,7,,,0,35,,1127,7,,,0,75,,1113,7,,,0,75,,1118,7,,,0,35,,1111,7,,,0,76,,1122,7,,,0,35,,1128,7,,,0,80,,1125,7,,,0,76,,1119,7,,,0,39,,1112,7,,,0,75,,1123,7,,,0,35,,1129,7,,,0,74,,1114,7,,,0,109,,1131,7,,,0,99,,1134,7,,,0,105,,1133,7,,,0,107,,1132,7,,,0,103,,1130,7,,,0
600,'Samedi',632,,1137,7,,,0,103,,1146,7,,,0,105,,1138,7,,,0,106,,1147,7,,,0,105,,1139,7,,,0,105,,1148,7,,,0,145,,1140,7,,,0,104,,1149,7,,,0,104,,1141,7,,,0,106,,1150,7,,,0,106,,1142,7,,,0,104,,1151,7,,,0,105,,1143,7,,,0,105,,1152,7,,,0,105,,1144,7,,,0,105,,1153,7,,,0,105,,1145,7,,,0
8900,'CsRoyOff',1939,,4827,7,,,0,100,,4829,7,,,0,105,,4828,7,,,0,107,,4826,7,,,0,103,,4825,7,,,0
8900,'CsRoyOffKerOff',1939,,4832,7,,,0,100,,4834,7,,,0,105,,4833,7,,,0,107,,4831,7,,,0,103,,4830,7,,,0
8900,'Dimanche',858,,4836,7,,,0,145,,4838,7,,,0,106,,4839,7,,,0,105,,4840,7,,,0,105,,4842,7,,,0,105,,4841,7,,,0,105,,4843,7,,,0,105,,4844,7,,,0,105,,4835,7,,,0,104,,4837,7,,,0
8900,'EventOff',1939,,4847,7,,,0,100,,4849,7,,,0,105,,4848,7,,,0,107,,4846,7,,,0,103,,4845,7,,,0
8900,'EventOn',1939,,4852,7,,,0,100,,4854,7,,,0,105,,4853,7,,,0,107,,4851,7,,,0,103,,4850,7,,,0
8900,'KerOffPriveOff',1939,,4857,7,,,0,100,,4859,7,,,0,105,,4858,7,,,0,107,,4856,7,,,0,103,,4855,7,,,0
8900,'Samedi',631,,4876,7,,,0,103,,4860,7,,,0,105,,4868,7,,,0,106,,4861,7,,,0,105,,4869,7,,,0,105,,4862,7,,,0,145,,4870,7,,,0,104,,4863,7,,,0,104,,4871,7,,,0,106,,4864,7,,,0,106,,4872,7,,,0,104,,4865,7,,,0,105,,4873,7,,,0,105,,4866,7,,,0,105,,4874,7,,,0,105,,4867,7,,,0,105,,4875,7,,,0
160900101,'EventOn',737,,4948,7,,,0
160900101,'KerOffPriveOff',737,,4949,7,,,0
