901,'CsRoyOff',624,,1744,34,,,0,25,,1758,34,,,0,77,,1745,34,,,0,8,,1763,43,0,6,0,71,,1757,34,,,0,34,,1746,34,,,0,76,,1759,34,,,0,35,,1747,34,,,0,150,,1748,34,,,0,111,,1749,34,,,0,109,,1750,34,,,0,111,,1751,34,,,0,76,,1756,34,,,0,36,,1752,34,,,0,79,,1755,34,,,0,37,,1753,34,,,0,77,,1760,34,,,0,75,,1754,34,,,0,110,,1761,34,,,0
901,'CsRoyOffKerOff',624,,1764,34,,,0,25,,1778,34,,,0,77,,1765,34,,,0,79,,1777,34,,,0,34,,1766,34,,,0,76,,1779,34,,,0,35,,1767,34,,,0,150,,1768,34,,,0,111,,1769,34,,,0,109,,1770,34,,,0,111,,1771,34,,,0,76,,1776,34,,,0,36,,1772,34,,,0,79,,1775,34,,,0,37,,1773,34,,,0,77,,1780,34,,,0,75,,1774,34,,,0,110,,1781,34,,,0
901,'EventOff',624,,1783,34,,,0,25,,1797,34,,,0,77,,1784,34,,,0,79,,1796,34,,,0,34,,1785,34,,,0,76,,1798,34,,,0,35,,1786,34,,,0,150,,1787,34,,,0,111,,1788,34,,,0,109,,1789,34,,,0,111,,1790,34,,,0,76,,1795,34,,,0,36,,1791,34,,,0,79,,1794,34,,,0,37,,1792,34,,,0,77,,1799,34,,,0,75,,1793,34,,,0,110,,1800,34,,,0
901,'EventOn',624,,1801,34,,,0,25,,1815,34,,,0,77,,1802,34,,,0,8,,1820,43,0,6,0,71,,1814,34,,,0,34,,1803,34,,,0,76,,1816,34,,,0,35,,1804,34,,,0,150,,1805,34,,,0,111,,1806,34,,,0,109,,1807,34,,,0,111,,1808,34,,,0,76,,1813,34,,,0,36,,1809,34,,,0,79,,1812,34,,,0,37,,1810,34,,,0,77,,1817,34,,,0,75,,1811,34,,,0,110,,1818,34,,,0
901,'KerOffPriveOff',624,,1821,34,,,0,25,,1835,34,,,0,77,,1822,34,,,0,79,,1834,34,,,0,34,,1823,34,,,0,76,,1836,34,,,0,35,,1824,34,,,0,150,,1825,34,,,0,111,,1826,34,,,0,109,,1827,34,,,0,111,,1828,34,,,0,76,,1833,34,,,0,36,,1829,34,,,0,79,,1832,34,,,0,37,,1830,34,,,0,77,,1837,34,,,0,75,,1831,34,,,0,110,,1838,34,,,0
1100,'CsRoyOff',639,,2185,40,,,0,78,,2169,40,,,0,41,,2181,40,,,0,73,,2165,40,,,0,76,,2176,40,,,0,34,,2173,40,,,0,75,,2186,40,,,0,35,,2170,40,,,0,75,,2182,40,,,0,75,,2166,40,,,0,35,,2177,40,,,0,75,,2174,40,,,0,36,,2183,40,,,0,75,,2167,40,,,0,35,,2180,40,,,0,81,,2171,40,,,0,64,,2192,34,,,0,15,,2178,40,,,0,37,,2175,40,,,0,74,,2184,40,,,0,72,,2168,40,,,0,35,,2179,40,,,0,75,,2172,40,,,0,105,,2190,40,,,0,105,,2191,40,,,0,105,,2189,40,,,0,105,,2188,40,,,0,100,,2187,40,,,0
1100,'CsRoyOffKerOff',639,,2213,40,,,0,78,,2197,40,,,0,41,,2209,40,,,0,73,,2193,40,,,0,76,,2204,40,,,0,34,,2201,40,,,0,75,,2214,40,,,0,35,,2198,40,,,0,75,,2210,40,,,0,75,,2194,40,,,0,35,,2205,40,,,0,75,,2202,40,,,0,36,,2211,40,,,0,75,,2195,40,,,0,35,,2208,40,,,0,81,,2199,40,,,0,64,,2220,34,,,0,15,,2206,40,,,0,37,,2203,40,,,0,74,,2212,40,,,0,72,,2196,40,,,0,35,,2207,40,,,0,75,,2200,40,,,0,105,,2218,40,,,0,105,,2219,40,,,0,105,,2217,40,,,0,105,,2216,40,,,0,100,,2215,40,,,0
1100,'Dimanche',937,,2224,40,,,0,105,,2226,40,,,0,105,,2225,40,,,0,105,,2227,40,,,0,105,,2228,40,,,0,145,,2229,40,,,0,105,,2230,40,,,0,105,,2222,40,,,0,103,,2221,40,,,0,105,,2223,40,,,0
1100,'EventOff',639,,2251,40,,,0,78,,2235,40,,,0,41,,2247,40,,,0,73,,2231,40,,,0,76,,2242,40,,,0,34,,2239,40,,,0,75,,2252,40,,,0,35,,2236,40,,,0,75,,2248,40,,,0,75,,2232,40,,,0,35,,2243,40,,,0,75,,2240,40,,,0,36,,2249,40,,,0,75,,2233,40,,,0,35,,2246,40,,,0,81,,2237,40,,,0,79,,2244,40,,,0,37,,2241,40,,,0,74,,2250,40,,,0,72,,2234,40,,,0,35,,2245,40,,,0,75,,2238,40,,,0,105,,2256,40,,,0,105,,2257,40,,,0,105,,2255,40,,,0,105,,2254,40,,,0,100,,2253,40,,,0
1100,'EventOn',639,,2278,40,,,0,78,,2262,40,,,0,41,,2274,40,,,0,73,,2258,40,,,0,76,,2269,40,,,0,34,,2266,40,,,0,75,,2279,40,,,0,35,,2263,40,,,0,75,,2275,40,,,0,75,,2259,40,,,0,35,,2270,40,,,0,75,,2267,40,,,0,36,,2276,40,,,0,75,,2260,40,,,0,35,,2273,40,,,0,81,,2264,40,,,0,64,,2288,34,,,0,12,,2287,26,,,0,3,,2271,40,,,0,37,,2268,40,,,0,74,,2277,40,,,0,72,,2261,40,,,0,35,,2272,40,,,0,75,,2265,40,,,0,105,,2283,40,,,0,105,,2284,40,,,0,105,,2282,40,,,0,105,,2281,40,,,0,100,,2280,40,,,0
1100,'KerOffPriveOff',639,,2309,40,,,0,78,,2293,40,,,0,41,,2305,40,,,0,73,,2289,40,,,0,76,,2300,40,,,0,34,,2297,40,,,0,75,,2310,40,,,0,35,,2294,40,,,0,75,,2306,40,,,0,75,,2290,40,,,0,35,,2301,40,,,0,75,,2298,40,,,0,36,,2307,40,,,0,75,,2291,40,,,0,35,,2304,40,,,0,81,,2295,40,,,0,76,,2318,26,,,0,3,,2302,40,,,0,37,,2299,40,,,0,74,,2308,40,,,0,72,,2292,40,,,0,35,,2303,40,,,0,75,,2296,40,,,0,105,,2314,40,,,0,105,,2315,40,,,0,105,,2313,40,,,0,105,,2312,40,,,0,100,,2311,40,,,0
1100,'Samedi',707,,2319,40,,,0,106,,2328,40,,,0,105,,2320,40,,,0,105,,2329,40,,,0,104,,2321,40,,,0,105,,2330,40,,,0,105,,2322,40,,,0,105,,2331,40,,,0,105,,2323,40,,,0,105,,2332,40,,,0,104,,2324,40,,,0,144,,2333,40,,,0,105,,2325,40,,,0,105,,2334,40,,,0,105,,2326,40,,,0,105,,2335,40,,,0,105,,2327,40,,,0
1601,'CsRoyOff',621,,3244,11,,,0,115,,3229,11,,,0,110,,3230,11,,,0,110,,3231,11,,,0,150,,3232,11,,,0,110,,3233,11,,,0,110,,3234,11,,,0,110,,3235,11,,,0,116,,3236,11,,,0,155,,3237,11,,,0,110,,3238,11,,,0,109,,3239,11,,,0,100,,3240,11,,,0,105,,3241,11,,,0,105,,3243,11,,,0,105,,3242,11,,,0
1601,'CsRoyOffKerOff',621,,3260,11,,,0,115,,3245,11,,,0,110,,3246,11,,,0,110,,3247,11,,,0,150,,3248,11,,,0,110,,3249,11,,,0,110,,3250,11,,,0,110,,3251,11,,,0,116,,3252,11,,,0,155,,3253,11,,,0,110,,3254,11,,,0,109,,3255,11,,,0,100,,3256,11,,,0,105,,3257,11,,,0,105,,3259,11,,,0,105,,3258,11,,,0
1601,'Dimanche',846,,3269,11,,,0,105,,3262,11,,,0,105,,3263,11,,,0,145,,3264,11,,,0,105,,3265,11,,,0,105,,3266,11,,,0,105,,3267,11,,,0,105,,3268,11,,,0,105,,3261,11,,,0,105,,3270,11,,,0
1601,'EventOff',621,,3286,11,,,0,115,,3271,11,,,0,110,,3272,11,,,0,110,,3273,11,,,0,150,,3274,11,,,0,110,,3275,11,,,0,110,,3276,11,,,0,110,,3277,11,,,0,116,,3278,11,,,0,155,,3279,11,,,0,110,,3280,11,,,0,109,,3281,11,,,0,100,,3282,11,,,0,105,,3283,11,,,0,105,,3285,11,,,0,105,,3284,11,,,0
1601,'EventOn',621,,3302,11,,,0,115,,3287,11,,,0,110,,3288,11,,,0,110,,3289,11,,,0,150,,3290,11,,,0,110,,3291,11,,,0,110,,3292,11,,,0,110,,3293,11,,,0,116,,3294,11,,,0,155,,3295,11,,,0,110,,3296,11,,,0,109,,3297,11,,,0,100,,3298,11,,,0,105,,3299,11,,,0,105,,3301,11,,,0,105,,3300,11,,,0
1601,'KerOffPriveOff',621,,3318,11,,,0,115,,3303,11,,,0,110,,3304,11,,,0,110,,3305,11,,,0,150,,3306,11,,,0,110,,3307,11,,,0,110,,3308,11,,,0,110,,3309,11,,,0,116,,3310,11,,,0,155,,3311,11,,,0,110,,3312,11,,,0,109,,3313,11,,,0,100,,3314,11,,,0,105,,3315,11,,,0,105,,3317,11,,,0,105,,3316,11,,,0
1601,'Samedi',616,,3334,11,,,0,105,,3335,11,,,0,105,,3327,11,,,0,105,,3319,11,,,0,105,,3320,11,,,0,105,,3321,11,,,0,105,,3322,11,,,0,104,,3323,11,,,0,105,,3324,11,,,0,145,,3325,11,,,0,106,,3326,11,,,0,105,,3328,11,,,0,105,,3329,11,,,0,105,,3330,11,,,0,105,,3331,11,,,0,105,,3332,11,,,0,105,,3333,11,,,0
8901,'CsRoyOff',2025,,4880,34,,,0,105,,4879,34,,,0,105,,4878,34,,,0,105,,4877,34,,,0
8901,'CsRoyOffKerOff',2025,,4884,34,,,0,105,,4883,34,,,0,105,,4882,34,,,0,105,,4881,34,,,0
8901,'Dimanche',843,,4886,34,,,0,105,,4888,34,,,0,106,,4890,34,,,0,105,,4891,34,,,0,145,,4892,34,,,0,105,,4893,34,,,0,105,,4894,34,,,0,105,,4895,34,,,0,105,,4885,34,,,0,104,,4889,34,,,0,101,,4887,34,,,0
8901,'EventOff',2025,,4899,34,,,0,105,,4898,34,,,0,105,,4897,34,,,0,105,,4896,34,,,0
8901,'EventOn',2025,,4903,34,,,0,105,,4902,34,,,0,105,,4901,34,,,0,105,,4900,34,,,0
8901,'KerOffPriveOff',2025,,4907,34,,,0,105,,4906,34,,,0,105,,4905,34,,,0,105,,4904,34,,,0
8901,'Samedi',719,,4916,34,,,0,105,,4908,34,,,0,106,,4917,34,,,0,105,,4909,34,,,0,105,,4918,34,,,0,105,,4910,34,,,0,104,,4919,34,,,0,105,,4911,34,,,0,105,,4920,34,,,0,146,,4912,34,,,0,104,,4921,34,,,0,105,,4913,34,,,0,105,,4922,34,,,0,105,,4914,34,,,0,105,,4923,34,,,0,105,,4915,34,,,0
190300400,'CsRoyOff',725,,4962,3,,,0
190300400,'CsRoyOffKerOff',725,,4963,3,,,0
190300400,'EventOn',725,,4964,3,,,0
