1301,'CsRoyOff',625,,2899,24,,,0,80,,2905,24,,,0,33,,2894,24,,,0,80,,2910,24,,,0,34,,2900,24,,,0,74,,2906,24,,,0,74,,2895,24,,,0,35,,2911,24,,,0,77,,2901,24,,,0,34,,2907,24,,,0,75,,2896,24,,,0,35,,2912,24,,,0,74,,2902,24,,,0,75,,2908,24,,,0,38,,2897,24,,,0,80,,2913,24,,,0,26,,2920,26,0,7 8,0,51,,2903,24,,,0,37,,2909,24,,,0,77,,2898,24,,,0,35,,2914,24,,,0,74,,2904,24,,,0,108,,2915,24,,,0,104,,2919,24,,,0,105,,2918,24,,,0,105,,2917,24,,,0,105,,2916,24,,,0
1301,'CsRoyOffKerOff',625,,2926,24,,,0,80,,2932,24,,,0,33,,2921,24,,,0,80,,2937,24,,,0,34,,2927,24,,,0,74,,2933,24,,,0,74,,2922,24,,,0,35,,2938,24,,,0,77,,2928,24,,,0,34,,2934,24,,,0,75,,2923,24,,,0,35,,2939,24,,,0,74,,2929,24,,,0,75,,2935,24,,,0,38,,2924,24,,,0,80,,2940,24,,,0,77,,2930,24,,,0,37,,2936,24,,,0,77,,2925,24,,,0,35,,2941,24,,,0,74,,2931,24,,,0,108,,2942,24,,,0,104,,2946,24,,,0,105,,2945,24,,,0,105,,2944,24,,,0,105,,2943,24,,,0
1301,'Dimanche',853,,2948,24,,,0,105,,2949,24,,,0,146,,2950,24,,,0,106,,2953,24,,,0,105,,2952,24,,,0,105,,2954,24,,,0,104,,2955,24,,,0,105,,2956,24,,,0,105,,2951,24,,,0,105,,2947,24,,,0
1301,'EventOff',625,,2962,24,,,0,80,,2968,24,,,0,33,,2957,24,,,0,80,,2973,24,,,0,34,,2963,24,,,0,74,,2969,24,,,0,74,,2958,24,,,0,35,,2974,24,,,0,77,,2964,24,,,0,34,,2970,24,,,0,75,,2959,24,,,0,35,,2975,24,,,0,74,,2965,24,,,0,75,,2971,24,,,0,38,,2960,24,,,0,80,,2976,24,,,0,77,,2966,24,,,0,37,,2972,24,,,0,77,,2961,24,,,0,35,,2977,24,,,0,74,,2967,24,,,0,108,,2978,24,,,0,104,,2982,24,,,0,105,,2981,24,,,0,105,,2980,24,,,0,105,,2979,24,,,0
1301,'EventOn',625,,2988,24,,,0,80,,2994,24,,,0,33,,2983,24,,,0,80,,2999,24,,,0,34,,2989,24,,,0,74,,2995,24,,,0,74,,2984,24,,,0,35,,3000,24,,,0,77,,2990,24,,,0,34,,2996,24,,,0,75,,2985,24,,,0,35,,3001,24,,,0,74,,2991,24,,,0,75,,2997,24,,,0,38,,2986,24,,,0,80,,3002,24,,,0,26,,3011,26,0,7 8,0,51,,2992,24,,,0,37,,2998,24,,,0,77,,2987,24,,,0,35,,3003,24,,,0,74,,2993,24,,,0,108,,3004,24,,,0,104,,3008,24,,,0,105,,3007,24,,,0,105,,3006,24,,,0,105,,3005,24,,,0
1301,'KerOffPriveOff',625,,3017,24,,,0,80,,3023,24,,,0,33,,3012,24,,,0,80,,3028,24,,,0,34,,3018,24,,,0,74,,3024,24,,,0,74,,3013,24,,,0,35,,3029,24,,,0,77,,3019,24,,,0,34,,3025,24,,,0,75,,3014,24,,,0,35,,3030,24,,,0,74,,3020,24,,,0,75,,3026,24,,,0,38,,3015,24,,,0,80,,3031,24,,,0,77,,3021,24,,,0,37,,3027,24,,,0,77,,3016,24,,,0,35,,3032,24,,,0,74,,3022,24,,,0,108,,3033,24,,,0,104,,3037,24,,,0,105,,3036,24,,,0,105,,3035,24,,,0,105,,3034,24,,,0
1301,'Samedi',625,,3040,24,,,0,103,,3049,24,,,0,105,,3041,24,,,0,106,,3050,24,,,0,107,,3042,24,,,0,105,,3051,24,,,0,105,,3043,24,,,0,145,,3052,24,,,0,105,,3044,24,,,0,105,,3053,24,,,0,105,,3045,24,,,0,104,,3054,24,,,0,104,,3046,24,,,0,105,,3055,24,,,0,104,,3047,24,,,0,105,,3056,24,,,0,105,,3048,24,,,0
1600,'CsRoyOff',706,,3122,7,,,0,109,,3123,7,,,0,112,,3124,7,,,0,110,,3125,7,,,0,110,,3126,7,,,0,110,,3127,7,,,0,149,,3128,7,,,0,115,,3129,7,,,0,114,,3130,7,,,0,111,,3131,7,,,0,111,,3132,7,,,0,100,,3133,7,,,0,146,,3134,7,,,0,104,,3135,7,,,0,106,,3136,7,,,0,102,,3137,7,,,0
1600,'CsRoyOffKerOff',706,,3138,7,,,0,109,,3139,7,,,0,112,,3140,7,,,0,110,,3141,7,,,0,110,,3142,7,,,0,110,,3143,7,,,0,149,,3144,7,,,0,115,,3145,7,,,0,114,,3146,7,,,0,111,,3147,7,,,0,111,,3148,7,,,0,100,,3149,7,,,0,146,,3150,7,,,0,104,,3151,7,,,0,106,,3152,7,,,0,102,,3153,7,,,0
1600,'Dimanche',922,,3155,7,,,0,105,,3156,7,,,0,105,,3157,7,,,0,105,,3158,7,,,0,104,,3159,7,,,0,105,,3160,7,,,0,105,,3161,7,,,0,105,,3154,7,,,0,145,,3162,7,,,0,105,,3163,7,,,0
1600,'EventOff',706,,3164,7,,,0,109,,3165,7,,,0,112,,3166,7,,,0,110,,3167,7,,,0,110,,3168,7,,,0,110,,3169,7,,,0,149,,3170,7,,,0,115,,3171,7,,,0,114,,3172,7,,,0,111,,3173,7,,,0,111,,3174,7,,,0,100,,3175,7,,,0,146,,3176,7,,,0,104,,3177,7,,,0,106,,3178,7,,,0,102,,3179,7,,,0
1600,'EventOn',706,,3180,7,,,0,109,,3181,7,,,0,112,,3182,7,,,0,110,,3183,7,,,0,110,,3184,7,,,0,110,,3185,7,,,0,149,,3186,7,,,0,115,,3187,7,,,0,114,,3188,7,,,0,111,,3189,7,,,0,111,,3190,7,,,0,100,,3191,7,,,0,146,,3192,7,,,0,104,,3193,7,,,0,106,,3194,7,,,0,102,,3195,7,,,0
1600,'KerOffPriveOff',706,,3196,7,,,0,109,,3197,7,,,0,112,,3198,7,,,0,110,,3199,7,,,0,110,,3200,7,,,0,110,,3201,7,,,0,149,,3202,7,,,0,115,,3203,7,,,0,114,,3204,7,,,0,111,,3205,7,,,0,111,,3206,7,,,0,100,,3207,7,,,0,146,,3208,7,,,0,104,,3209,7,,,0,106,,3210,7,,,0,102,,3211,7,,,0
1600,'Samedi',651,,3227,7,,,0,105,,3228,7,,,0,145,,3212,7,,,0,105,,3213,7,,,0,105,,3214,7,,,0,105,,3215,7,,,0,105,,3216,7,,,0,105,,3217,7,,,0,105,,3218,7,,,0,105,,3219,7,,,0,105,,3221,7,,,0,105,,3222,7,,,0,105,,3223,7,,,0,105,,3224,7,,,0,145,,3225,7,,,0,105,,3226,7,,,0,105,,3220,7,,,0
2500,'CsRoyOff',628,,3548,17,,,0,75,,3546,17,,,0,40,,3549,17,,,0,69,,3574,8,0,6,0,6,,3547,17,,,0,36,,3550,17,,,0,74,,3551,17,,,0,75,,3552,17,,,0,35,,3553,17,,,0,75,,3554,17,,,0,35,,3555,17,,,0,75,,3556,17,,,0,35,,3557,17,,,0,75,,3558,17,,,0,75,,3559,17,,,0,35,,3560,17,,,0,81,,3561,17,,,0,78,,3562,17,,,0,36,,3563,17,,,0,75,,3564,17,,,0,35,,3565,17,,,0,75,,3566,17,,,0,35,,3567,17,,,0,145,,3568,17,,,0,105,,3569,17,,,0,105,,3570,17,,,0,105,,3571,17,,,0,105,,3572,17,,,0
2500,'CsRoyOffKerOff',628,,3579,17,,,0,75,,3577,17,,,0,40,,3580,17,,,0,75,,3578,17,,,0,36,,3581,17,,,0,74,,3582,17,,,0,75,,3583,17,,,0,35,,3584,17,,,0,75,,3585,17,,,0,35,,3586,17,,,0,75,,3587,17,,,0,35,,3588,17,,,0,75,,3589,17,,,0,75,,3590,17,,,0,35,,3591,17,,,0,81,,3592,17,,,0,78,,3593,17,,,0,36,,3594,17,,,0,75,,3595,17,,,0,35,,3596,17,,,0,75,,3597,17,,,0,35,,3598,17,,,0,145,,3599,17,,,0,105,,3600,17,,,0,105,,3601,17,,,0,105,,3602,17,,,0,105,,3603,17,,,0
2500,'Dimanche',928,,3610,17,,,0,105,,3611,17,,,0,105,,3612,17,,,0,105,,3613,17,,,0,105,,3614,17,,,0,105,,3615,17,,,0,105,,3616,17,,,0,145,,3608,17,,,0,105,,3609,17,,,0,105,,3607,17,,,0
2500,'EventOff',628,,3620,17,,,0,75,,3618,17,,,0,40,,3621,17,,,0,75,,3619,17,,,0,36,,3622,17,,,0,74,,3623,17,,,0,75,,3624,17,,,0,35,,3625,17,,,0,75,,3626,17,,,0,35,,3627,17,,,0,75,,3628,17,,,0,35,,3629,17,,,0,75,,3630,17,,,0,75,,3631,17,,,0,35,,3632,17,,,0,81,,3633,17,,,0,78,,3634,17,,,0,36,,3635,17,,,0,75,,3636,17,,,0,35,,3637,17,,,0,75,,3638,17,,,0,35,,3639,17,,,0,145,,3640,17,,,0,105,,3641,17,,,0,105,,3642,17,,,0,105,,3643,17,,,0,105,,3644,17,,,0
2500,'EventOn',628,,3648,17,,,0,75,,3646,17,,,0,40,,3649,17,,,0,69,,3675,8,0,6,0,6,,3647,17,,,0,36,,3650,17,,,0,74,,3651,17,,,0,75,,3652,17,,,0,35,,3653,17,,,0,75,,3654,17,,,0,35,,3655,17,,,0,75,,3656,17,,,0,35,,3657,17,,,0,75,,3658,17,,,0,75,,3659,17,,,0,35,,3660,17,,,0,81,,3661,17,,,0,26,,3678,8,,,0,52,,3662,17,,,0,36,,3663,17,,,0,75,,3664,17,,,0,35,,3665,17,,,0,75,,3666,17,,,0,35,,3667,17,,,0,145,,3668,17,,,0,105,,3669,17,,,0,105,,3670,17,,,0,105,,3671,17,,,0,105,,3672,17,,,0
2500,'KerOffPriveOff',628,,3683,17,,,0,75,,3681,17,,,0,40,,3684,17,,,0,75,,3682,17,,,0,36,,3685,17,,,0,74,,3686,17,,,0,75,,3687,17,,,0,35,,3688,17,,,0,75,,3689,17,,,0,35,,3690,17,,,0,75,,3691,17,,,0,35,,3692,17,,,0,75,,3693,17,,,0,75,,3694,17,,,0,35,,3695,17,,,0,81,,3696,17,,,0,26,,3711,8,,,0,52,,3697,17,,,0,36,,3698,17,,,0,75,,3699,17,,,0,35,,3700,17,,,0,75,,3701,17,,,0,35,,3702,17,,,0,145,,3703,17,,,0,105,,3704,17,,,0,105,,3705,17,,,0,105,,3706,17,,,0,105,,3707,17,,,0
2500,'Samedi',658,,3713,17,,,0,145,,3719,17,,,0,105,,3726,17,,,0,105,,3714,17,,,0,105,,3720,17,,,0,105,,3727,17,,,0,105,,3715,17,,,0,105,,3721,17,,,0,105,,3728,17,,,0,105,,3716,17,,,0,105,,3722,17,,,0,105,,3729,17,,,0,105,,3717,17,,,0,145,,3723,17,,,0,105,,3730,17,,,0,105,,3718,17,,,0,105,,3724,17,,,0
