1000,'CsRoyOff',621,,1850,4,,,0,35,,1857,4,,,0,80,,1855,4,,,0,75,,1845,4,,,0,36,,1839,4,,,0,74,,1851,4,,,0,35,,1858,4,,,0,75,,1849,4,,,0,75,,1846,4,,,0,35,,1840,4,,,0,75,,1852,4,,,0,35,,1859,4,,,0,75,,1843,4,,,0,75,,1847,4,,,0,35,,1841,4,,,0,80,,1853,4,,,0,38,,1860,4,,,0,79,,1856,4,,,0,73,,1848,4,,,0,35,,1842,4,,,0,75,,1854,4,,,0,35,,1861,4,,,0,105,,1866,4,,,0,145,,1865,4,,,0,105,,1862,4,,,0,105,,1863,4,,,0,105,,1864,4,,,0
1000,'CsRoyOffKerOff',621,,1878,4,,,0,35,,1885,4,,,0,80,,1883,4,,,0,75,,1873,4,,,0,36,,1867,4,,,0,74,,1879,4,,,0,35,,1886,4,,,0,75,,1877,4,,,0,75,,1874,4,,,0,35,,1868,4,,,0,75,,1880,4,,,0,35,,1887,4,,,0,75,,1871,4,,,0,75,,1875,4,,,0,35,,1869,4,,,0,80,,1881,4,,,0,38,,1888,4,,,0,79,,1884,4,,,0,73,,1876,4,,,0,35,,1870,4,,,0,75,,1882,4,,,0,35,,1889,4,,,0,105,,1894,4,,,0,145,,1893,4,,,0,105,,1890,4,,,0,105,,1891,4,,,0,105,,1892,4,,,0
1000,'Dimanche',921,,1896,4,,,0,105,,1898,4,,,0,105,,1899,4,,,0,105,,1901,4,,,0,105,,1902,4,,,0,105,,1903,4,,,0,105,,1904,4,,,0,105,,1900,4,,,0,145,,1897,4,,,0,105,,1895,4,,,0
1000,'EventOff',621,,1917,4,,,0,35,,1924,4,,,0,80,,1922,4,,,0,75,,1912,4,,,0,36,,1906,4,,,0,74,,1918,4,,,0,35,,1925,4,,,0,75,,1916,4,,,0,75,,1913,4,,,0,35,,1907,4,,,0,75,,1919,4,,,0,35,,1926,4,,,0,75,,1910,4,,,0,75,,1914,4,,,0,35,,1908,4,,,0,80,,1920,4,,,0,38,,1927,4,,,0,79,,1923,4,,,0,73,,1915,4,,,0,35,,1909,4,,,0,75,,1921,4,,,0,35,,1928,4,,,0,105,,1933,4,,,0,145,,1932,4,,,0,105,,1929,4,,,0,105,,1930,4,,,0,105,,1931,4,,,0
1000,'EventOn',621,,1945,4,,,0,35,,1952,4,,,0,80,,1950,4,,,0,75,,1940,4,,,0,36,,1934,4,,,0,74,,1946,4,,,0,35,,1953,4,,,0,75,,1944,4,,,0,75,,1941,4,,,0,35,,1935,4,,,0,75,,1947,4,,,0,35,,1954,4,,,0,75,,1938,4,,,0,75,,1942,4,,,0,35,,1936,4,,,0,80,,1948,4,,,0,38,,1955,4,,,0,79,,1951,4,,,0,73,,1943,4,,,0,35,,1937,4,,,0,75,,1949,4,,,0,35,,1956,4,,,0,105,,1961,4,,,0,145,,1960,4,,,0,105,,1957,4,,,0,105,,1958,4,,,0,105,,1959,4,,,0
1000,'KerOffPriveOff',621,,1973,4,,,0,35,,1980,4,,,0,80,,1978,4,,,0,75,,1968,4,,,0,36,,1962,4,,,0,74,,1974,4,,,0,35,,1981,4,,,0,75,,1972,4,,,0,75,,1969,4,,,0,35,,1963,4,,,0,75,,1975,4,,,0,35,,1982,4,,,0,75,,1966,4,,,0,75,,1970,4,,,0,35,,1964,4,,,0,80,,1976,4,,,0,38,,1983,4,,,0,79,,1979,4,,,0,73,,1971,4,,,0,35,,1965,4,,,0,75,,1977,4,,,0,35,,1984,4,,,0,105,,1989,4,,,0,145,,1988,4,,,0,105,,1985,4,,,0,105,,1986,4,,,0,105,,1987,4,,,0
1000,'Samedi',651,,1990,4,,,0,105,,1991,4,,,0,145,,1992,4,,,0,105,,1993,4,,,0,105,,1994,4,,,0,105,,1995,4,,,0,105,,1996,4,,,0,105,,1997,4,,,0,105,,1998,4,,,0,105,,1999,4,,,0,105,,2000,4,,,0,105,,2001,4,,,0,105,,2002,4,,,0,105,,2003,4,,,0,145,,2004,4,,,0,105,,2005,4,,,0,105,,2006,4,,,0
1200,'CsRoyOff',655,,2509,11,,,0,155,,2510,11,,,0,110,,2511,11,,,0,110,,2512,11,,,0,110,,2513,11,,,0,110,,2514,11,,,0,150,,2515,11,,,0,115,,2516,11,,,0,118,,2517,11,,,0,107,,2518,11,,,0,110,,2519,11,,,0,105,,2523,11,,,0,145,,2522,11,,,0,105,,2521,11,,,0,105,,2520,11,,,0,105,,2524,11,,,0
1200,'CsRoyOffKerOff',655,,2526,11,,,0,155,,2527,11,,,0,110,,2528,11,,,0,110,,2529,11,,,0,110,,2530,11,,,0,110,,2531,11,,,0,150,,2532,11,,,0,115,,2533,11,,,0,118,,2534,11,,,0,107,,2535,11,,,0,110,,2536,11,,,0,105,,2540,11,,,0,145,,2539,11,,,0,105,,2538,11,,,0,105,,2537,11,,,0,105,,2541,11,,,0
1200,'Dimanche',920,,2544,11,,,0,105,,2546,11,,,0,105,,2547,11,,,0,105,,2548,11,,,0,105,,2549,11,,,0,105,,2550,11,,,0,105,,2551,11,,,0,105,,2552,11,,,0,145,,2545,11,,,0,105,,2543,11,,,0
1200,'EventOff',655,,2553,11,,,0,155,,2554,11,,,0,110,,2555,11,,,0,110,,2556,11,,,0,110,,2557,11,,,0,110,,2558,11,,,0,150,,2559,11,,,0,115,,2560,11,,,0,118,,2561,11,,,0,107,,2562,11,,,0,110,,2563,11,,,0,105,,2567,11,,,0,145,,2566,11,,,0,105,,2565,11,,,0,105,,2564,11,,,0,105,,2568,11,,,0
1200,'EventOn',655,,2569,11,,,0,155,,2570,11,,,0,110,,2571,11,,,0,110,,2572,11,,,0,110,,2573,11,,,0,110,,2574,11,,,0,150,,2575,11,,,0,115,,2576,11,,,0,118,,2577,11,,,0,107,,2578,11,,,0,110,,2579,11,,,0,105,,2583,11,,,0,145,,2582,11,,,0,105,,2581,11,,,0,105,,2580,11,,,0,105,,2584,11,,,0
1200,'KerOffPriveOff',655,,2586,11,,,0,155,,2587,11,,,0,110,,2588,11,,,0,110,,2589,11,,,0,110,,2590,11,,,0,110,,2591,11,,,0,150,,2592,11,,,0,115,,2593,11,,,0,118,,2594,11,,,0,107,,2595,11,,,0,110,,2596,11,,,0,105,,2600,11,,,0,145,,2599,11,,,0,105,,2598,11,,,0,105,,2597,11,,,0,105,,2601,11,,,0
1200,'Samedi',650,,2602,11,,,0,105,,2603,11,,,0,145,,2604,11,,,0,105,,2605,11,,,0,105,,2606,11,,,0,105,,2607,11,,,0,106,,2608,11,,,0,105,,2609,11,,,0,105,,2610,11,,,0,104,,2611,11,,,0,105,,2612,11,,,0,105,,2613,11,,,0,105,,2614,11,,,0,105,,2615,11,,,0,145,,2616,11,,,0,105,,2617,11,,,0,105,,2618,11,,,0
6000,'CsRoyOff',633,,4484,19,,,0,82,,4474,19,,,0,31,,4485,19,,,0,80,,4475,19,,,0,75,,4486,19,,,0,34,,4476,19,,,0,76,,4487,19,,,0,34,,4477,19,,,0,75,,4488,19,,,0,34,,4478,19,,,0,76,,4489,19,,,0,75,,4479,19,,,0,28,,4490,19,,,0,77,,4501,19,,,0,25,,4480,19,,,0,80,,4491,19,,,0,39,,4481,19,,,0,79,,4492,19,,,0,73,,4482,19,,,0,34,,4493,19,,,0,75,,4483,19,,,0,35,,4494,19,,,0,78,,4495,19,,,0,105,,4500,19,,,0,105,,4499,19,,,0,105,,4498,19,,,0,105,,4496,19,,,0,101,,4497,19,0,14 15,0
6000,'CsRoyOffKerOff',633,,4513,19,,,0,82,,4503,19,,,0,31,,4514,19,,,0,80,,4504,19,,,0,75,,4515,19,,,0,34,,4505,19,,,0,76,,4516,19,,,0,34,,4506,19,,,0,75,,4517,19,,,0,34,,4507,19,,,0,76,,4518,19,,,0,75,,4508,19,,,0,28,,4519,19,,,0,77,,4530,19,,,0,25,,4509,19,,,0,80,,4520,19,,,0,39,,4510,19,,,0,79,,4521,19,,,0,73,,4511,19,,,0,34,,4522,19,,,0,75,,4512,19,,,0,35,,4523,19,,,0,78,,4524,19,,,0,105,,4529,19,,,0,105,,4528,19,,,0,105,,4527,19,,,0,105,,4525,19,,,0,101,,4526,19,0,14 15,0
6000,'Dimanche',855,,4531,19,,,0,145,,4532,19,,,0,104,,4534,19,,,0,106,,4536,19,,,0,104,,4537,19,,,0,105,,4538,19,,,0,105,,4539,19,,,0,104,,4540,19,,,0,106,,4535,19,,,0,105,,4533,19,,,0
6000,'EventOff',633,,4552,19,,,0,82,,4542,19,,,0,31,,4553,19,,,0,80,,4543,19,,,0,75,,4554,19,,,0,34,,4544,19,,,0,76,,4555,19,,,0,34,,4545,19,,,0,75,,4556,19,,,0,34,,4546,19,,,0,76,,4557,19,,,0,75,,4547,19,,,0,28,,4558,19,,,0,77,,4569,19,,,0,25,,4548,19,,,0,80,,4559,19,,,0,39,,4549,19,,,0,79,,4560,19,,,0,73,,4550,19,,,0,34,,4561,19,,,0,75,,4551,19,,,0,35,,4562,19,,,0,78,,4563,19,,,0,105,,4568,19,,,0,105,,4567,19,,,0,105,,4566,19,,,0,105,,4564,19,,,0,101,,4565,19,0,14 15,0
6000,'EventOn',633,,4581,19,,,0,82,,4571,19,,,0,31,,4582,19,,,0,80,,4572,19,,,0,75,,4583,19,,,0,34,,4573,19,,,0,76,,4584,19,,,0,34,,4574,19,,,0,75,,4585,19,,,0,34,,4575,19,,,0,76,,4586,19,,,0,75,,4576,19,,,0,28,,4587,19,,,0,77,,4598,19,,,0,25,,4577,19,,,0,80,,4588,19,,,0,39,,4578,19,,,0,79,,4589,19,,,0,73,,4579,19,,,0,34,,4590,19,,,0,75,,4580,19,,,0,35,,4591,19,,,0,78,,4592,19,,,0,105,,4597,19,,,0,105,,4596,19,,,0,105,,4595,19,,,0,105,,4593,19,,,0,101,,4594,19,0,14 15,0
6000,'KerOffPriveOff',633,,4613,19,,,0,82,,4603,19,,,0,31,,4614,19,,,0,80,,4604,19,,,0,75,,4615,19,,,0,34,,4605,19,,,0,76,,4616,19,,,0,34,,4606,19,,,0,75,,4617,19,,,0,34,,4607,19,,,0,76,,4618,19,,,0,75,,4608,19,,,0,28,,4619,19,,,0,77,,4630,19,,,0,25,,4609,19,,,0,80,,4620,19,,,0,39,,4610,19,,,0,79,,4621,19,,,0,73,,4611,19,,,0,34,,4622,19,,,0,75,,4612,19,,,0,35,,4623,19,,,0,78,,4624,19,,,0,105,,4629,19,,,0,105,,4628,19,,,0,105,,4627,19,,,0,105,,4625,19,,,0,101,,4626,19,0,14 15,0
6000,'Samedi',625,,4639,19,,,0,104,,4645,19,,,0,105,,4634,19,,,0,105,,4640,19,,,0,106,,4646,19,,,0,104,,4635,19,,,0,105,,4641,19,,,0,146,,4647,19,,,0,105,,4636,19,,,0,105,,4642,19,,,0,104,,4648,19,,,0,105,,4637,19,,,0,105,,4643,19,,,0,105,,4649,19,,,0,105,,4638,19,,,0,105,,4644,19,,,0,105,,4650,19,,,0,100,,4651,19,0,14 15,0
111800500,'CsRoyOff',1554,,4937,17,,,0
111800500,'CsRoyOffKerOff',1554,,4938,17,,,0
111800500,'EventOn',1554,,4940,17,,,0
