601,'CsRoyOff',620,,1181,29,,,0,35,,1159,35,,,0,76,,1182,35,,,0,6,,1154,35,,,0,74,,1165,35,,,0,36,,1171,35,,,0,74,,1158,35,,,0,35,,1160,35,,,0,75,,1155,35,,,0,75,,1166,35,,,0,35,,1172,35,,,0,75,,1164,35,,,0,35,,1161,35,,,0,75,,1156,35,,,0,75,,1167,35,,,0,35,,1173,35,,,0,81,,1170,35,,,0,30,,1183,20,,,0,7,,1162,35,,,0,77,,1157,35,,,0,75,,1168,35,,,0,34,,1174,35,,,0,75,,1169,35,,,0,35,,1163,35,,,0,79,,1179,35,,,0,100,,1178,35,,,0,105,,1177,35,,,0,105,,1176,35,,,0,105,,1175,35,,,0,100,,1180,35,,,0
601,'CsRoyOffKerOff',620,,1211,29,,,0,35,,1189,35,,,0,76,,1212,35,,,0,6,,1184,35,,,0,74,,1195,35,,,0,36,,1201,35,,,0,74,,1188,35,,,0,35,,1190,35,,,0,75,,1185,35,,,0,75,,1196,35,,,0,35,,1202,35,,,0,75,,1194,35,,,0,35,,1191,35,,,0,75,,1186,35,,,0,75,,1197,35,,,0,35,,1203,35,,,0,81,,1200,35,,,0,37,,1192,35,,,0,77,,1187,35,,,0,75,,1198,35,,,0,34,,1204,35,,,0,75,,1199,35,,,0,35,,1193,35,,,0,79,,1209,35,,,0,100,,1208,35,,,0,105,,1207,35,,,0,105,,1206,35,,,0,105,,1205,35,,,0,100,,1210,35,,,0
601,'Dimanche',847,,1215,35,,,0,105,,1214,35,,,0,106,,1219,35,,,0,145,,1218,35,,,0,105,,1220,35,,,0,105,,1221,35,,,0,105,,1222,35,,,0,105,,1223,35,,,0,105,,1217,35,,,0,104,,1216,35,,,0,102,,1213,35,,,0
601,'EventOff',620,,1251,29,,,0,35,,1229,35,,,0,82,,1224,35,,,0,74,,1235,35,,,0,36,,1241,35,,,0,74,,1228,35,,,0,35,,1230,35,,,0,75,,1225,35,,,0,75,,1236,35,,,0,35,,1242,35,,,0,75,,1234,35,,,0,35,,1231,35,,,0,75,,1226,35,,,0,75,,1237,35,,,0,35,,1243,35,,,0,81,,1240,35,,,0,37,,1232,35,,,0,77,,1227,35,,,0,75,,1238,35,,,0,34,,1244,35,,,0,75,,1239,35,,,0,35,,1233,35,,,0,79,,1249,35,,,0,100,,1248,35,,,0,105,,1247,35,,,0,105,,1246,35,,,0,105,,1245,35,,,0,100,,1250,35,,,0
601,'EventOn',620,,1279,29,,,0,35,,1257,35,,,0,76,,1280,35,,,0,6,,1252,35,,,0,74,,1263,35,,,0,36,,1269,35,,,0,74,,1256,35,,,0,35,,1258,35,,,0,75,,1253,35,,,0,75,,1264,35,,,0,35,,1270,35,,,0,75,,1262,35,,,0,35,,1259,35,,,0,75,,1254,35,,,0,75,,1265,35,,,0,35,,1271,35,,,0,81,,1268,35,,,0,30,,1281,20,,,0,7,,1260,35,,,0,58,,1282,35,,,0,19,,1255,35,,,0,75,,1266,35,,,0,34,,1272,35,,,0,75,,1267,35,,,0,35,,1261,35,,,0,79,,1277,35,,,0,100,,1276,35,,,0,105,,1275,35,,,0,105,,1274,35,,,0,105,,1273,35,,,0,100,,1278,35,,,0
601,'KerOffPriveOff',620,,1310,29,,,0,35,,1288,35,,,0,82,,1283,35,,,0,74,,1294,35,,,0,36,,1300,35,,,0,74,,1287,35,,,0,35,,1289,35,,,0,75,,1284,35,,,0,75,,1295,35,,,0,35,,1301,35,,,0,75,,1293,35,,,0,35,,1290,35,,,0,75,,1285,35,,,0,75,,1296,35,,,0,35,,1302,35,,,0,81,,1299,35,,,0,37,,1291,35,,,0,58,,1311,35,,,0,19,,1286,35,,,0,75,,1297,35,,,0,34,,1303,35,,,0,75,,1298,35,,,0,35,,1292,35,,,0,79,,1308,35,,,0,100,,1307,35,,,0,105,,1306,35,,,0,105,,1305,35,,,0,105,,1304,35,,,0,100,,1309,35,,,0
601,'Samedi',618,,1328,29,,,0,105,,1312,35,,,0,105,,1320,35,,,0,106,,1313,35,,,0,105,,1321,35,,,0,105,,1314,35,,,0,105,,1322,35,,,0,104,,1315,35,,,0,104,,1323,35,,,0,145,,1316,35,,,0,106,,1324,35,,,0,105,,1317,35,,,0,105,,1325,35,,,0,105,,1318,35,,,0,105,,1326,35,,,0,105,,1319,35,,,0,105,,1327,35,,,0,97,,1329,35,,,0
8901,'CsRoyOff',2028,,4880,39,,,0,105,,4879,39,,,0,105,,4878,39,,,0,105,,4877,39,,,0
8901,'CsRoyOffKerOff',2028,,4884,39,,,0,105,,4883,39,,,0,105,,4882,39,,,0,105,,4881,39,,,0
8901,'Dimanche',847,,4886,39,,,0,105,,4888,39,,,0,106,,4890,39,,,0,145,,4891,39,,,0,105,,4892,39,,,0,105,,4893,39,,,0,105,,4894,39,,,0,105,,4895,39,,,0,105,,4885,39,,,0,104,,4889,39,,,0,101,,4887,39,,,0
8901,'EventOff',2028,,4899,39,,,0,105,,4898,39,,,0,105,,4897,39,,,0,105,,4896,39,,,0
8901,'EventOn',2028,,4903,39,,,0,105,,4902,39,,,0,105,,4901,39,,,0,105,,4900,39,,,0
8901,'KerOffPriveOff',2028,,4907,39,,,0,105,,4906,39,,,0,105,,4905,39,,,0,105,,4904,39,,,0
8901,'Samedi',723,,4916,39,,,0,105,,4908,39,,,0,106,,4917,39,,,0,105,,4909,39,,,0,105,,4918,39,,,0,105,,4910,39,,,0,104,,4919,39,,,0,105,,4911,39,,,0,145,,4920,39,,,0,106,,4912,39,,,0,104,,4921,39,,,0,105,,4913,39,,,0,105,,4922,39,,,0,105,,4914,39,,,0,105,,4923,39,,,0,105,,4915,39,,,0
160900100,'EventOn',1553,,4946,19,,,0
160900100,'KerOffPriveOff',1553,,4947,19,,,0
