501,'CsRoyOff',1530,,850,1,,,0
501,'CsRoyOffKerOff',1530,,878,1,,,0
501,'EventOn',1530,,943,1,,,0
190300200,'CsRoyOff',755,,4950,13,4,,0
190300200,'CsRoyOffKerOff',755,,4951,13,4,,0
190300200,'EventOn',755,,4952,13,4,,0
190300201,'CsRoyOff',1530,,4953,1,,,0
190300201,'CsRoyOffKerOff',1530,,4954,1,,,0
190300201,'EventOn',1530,,4955,1,,,0
190300300,'CsRoyOff',810,,4956,2,,,0
190300300,'CsRoyOffKerOff',810,,4957,2,,,0
190300300,'EventOn',810,,4958,2,,,0
190300301,'CsRoyOff',1530,2,4959,2,,,0
190300301,'CsRoyOffKerOff',1530,2,4960,2,,,0
190300301,'EventOn',1530,2,4961,2,,,0
19200100000,'CsRoyOff',746,,4998,21,,,0
19200100000,'CsRoyOffKerOff',746,,4999,21,,,0
19200100000,'EventOn',746,,5000,21,,,0
19200100000,'KerOffPriveOff',746,,5001,21,,,0
19200100001,'CsRoyOff',1530,,5002,1,,,0
19200100001,'CsRoyOffKerOff',1530,,5003,1,,,0
19200100001,'EventOn',1530,,5004,1,,,0
19200100001,'KerOffPriveOff',1530,,5005,1,,,0
19200200000,'CsRoyOff',748,,5006,2,4,,0
19200200000,'CsRoyOffKerOff',748,,5007,2,4,,0
19200200000,'EventOn',748,,5008,2,4,,0
19200300000,'CsRoyOff',1530,,5010,1,0,14 15,0
19200300000,'CsRoyOffKerOff',1530,,5012,1,0,14 15,0
19200300000,'EventOn',1530,,5014,1,0,14 15,0
19200300001,'CsRoyOff',804,,5015,21,0,11 18,0
19200300001,'CsRoyOffKerOff',804,,5016,21,0,11 18,0
19200300001,'EventOn',804,,5017,21,0,11 18,0
