1601,'CsRoyOff',624,,3244,14,,,0,115,,3229,14,,,0,110,,3230,14,,,0,110,,3231,14,,,0,150,,3232,14,,,0,110,,3233,14,,,0,110,,3234,14,,,0,110,,3235,14,,,0,115,,3236,14,,,0,155,,3237,14,,,0,110,,3238,14,,,0,109,,3239,14,,,0,100,,3240,14,,,0,105,,3241,14,,,0,105,,3243,14,,,0,105,,3242,14,,,0
1601,'CsRoyOffKerOff',624,,3260,14,,,0,115,,3245,14,,,0,110,,3246,14,,,0,110,,3247,14,,,0,150,,3248,14,,,0,110,,3249,14,,,0,110,,3250,14,,,0,110,,3251,14,,,0,115,,3252,14,,,0,155,,3253,14,,,0,110,,3254,14,,,0,109,,3255,14,,,0,100,,3256,14,,,0,105,,3257,14,,,0,105,,3259,14,,,0,105,,3258,14,,,0
1601,'Dimanche',848,,3269,14,,,0,105,,3262,14,,,0,105,,3263,14,,,0,145,,3264,14,,,0,105,,3265,14,,,0,105,,3266,14,,,0,105,,3267,14,,,0,105,,3268,14,,,0,105,,3261,14,,,0,105,,3270,14,,,0
1601,'EventOff',624,,3286,14,,,0,115,,3271,14,,,0,110,,3272,14,,,0,110,,3273,14,,,0,150,,3274,14,,,0,110,,3275,14,,,0,110,,3276,14,,,0,110,,3277,14,,,0,115,,3278,14,,,0,155,,3279,14,,,0,110,,3280,14,,,0,109,,3281,14,,,0,100,,3282,14,,,0,105,,3283,14,,,0,105,,3285,14,,,0,105,,3284,14,,,0
1601,'EventOn',624,,3302,14,,,0,115,,3287,14,,,0,110,,3288,14,,,0,110,,3289,14,,,0,150,,3290,14,,,0,110,,3291,14,,,0,110,,3292,14,,,0,110,,3293,14,,,0,115,,3294,14,,,0,155,,3295,14,,,0,110,,3296,14,,,0,109,,3297,14,,,0,100,,3298,14,,,0,105,,3299,14,,,0,105,,3301,14,,,0,105,,3300,14,,,0
1601,'KerOffPriveOff',624,,3318,14,,,0,115,,3303,14,,,0,110,,3304,14,,,0,110,,3305,14,,,0,150,,3306,14,,,0,110,,3307,14,,,0,110,,3308,14,,,0,110,,3309,14,,,0,115,,3310,14,,,0,155,,3311,14,,,0,110,,3312,14,,,0,109,,3313,14,,,0,100,,3314,14,,,0,105,,3315,14,,,0,105,,3317,14,,,0,105,,3316,14,,,0
1601,'Samedi',619,,3334,14,,,0,105,,3335,14,,,0,105,,3327,14,,,0,105,,3319,14,,,0,105,,3320,14,,,0,105,,3321,14,,,0,105,,3322,14,,,0,104,,3323,14,,,0,105,,3324,14,,,0,145,,3325,14,,,0,106,,3326,14,,,0,105,,3328,14,,,0,105,,3329,14,,,0,105,,3330,14,,,0,105,,3331,14,,,0,105,,3332,14,,,0,105,,3333,14,,,0
3080100000,'EventOn',810,,4970,1,,,0
3080100000,'KerOffPriveOff',810,,4971,1,,,0
19200100000,'CsRoyOff',710,,4998,1,,,0
19200100000,'CsRoyOffKerOff',710,,4999,1,,,0
19200100000,'EventOn',710,,5000,1,,,0
19200100000,'KerOffPriveOff',710,,5001,1,,,0
