1401,'CsRoyOff',710,,3096,13,,,0,100,,3097,13,,,0,100,,3095,13,,,0,647,,3094,19,,,0,100,,3093,19,,,0,99,,3092,19,,,0
1401,'CsRoyOffKerOff',710,,3102,13,,,0,100,,3103,13,,,0,100,,3101,13,,,0,647,,3100,19,,,0,100,,3099,19,,,0,99,,3098,19,,,0
1401,'EventOff',710,,3108,13,,,0,100,,3109,13,,,0,100,,3107,13,,,0,647,,3106,19,,,0,100,,3105,19,,,0,99,,3104,19,,,0
1401,'EventOn',710,,3114,13,,,0,100,,3115,13,,,0,100,,3113,13,,,0,647,,3112,19,,,0,100,,3111,19,,,0,99,,3110,19,,,0
1401,'KerOffPriveOff',710,,3120,13,,,0,100,,3121,13,,,0,100,,3119,13,,,0,647,,3118,19,,,0,100,,3117,19,,,0,99,,3116,19,,,0
1601,'CsRoyOff',631,,3244,22,,,0,115,,3229,22,,,0,110,,3230,22,,,0,150,,3231,22,,,0,110,,3232,22,,,0,110,,3233,22,,,0,110,,3234,22,,,0,110,,3235,22,,,0,156,,3236,22,,,0,116,,3237,22,,,0,109,,3238,22,,,0,108,,3239,22,,,0,100,,3240,22,,,0,105,,3241,22,,,0,105,,3243,22,,,0,105,,3242,22,,,0
1601,'CsRoyOffKerOff',631,,3260,22,,,0,115,,3245,22,,,0,110,,3246,22,,,0,150,,3247,22,,,0,110,,3248,22,,,0,110,,3249,22,,,0,110,,3250,22,,,0,110,,3251,22,,,0,156,,3252,22,,,0,116,,3253,22,,,0,109,,3254,22,,,0,108,,3255,22,,,0,100,,3256,22,,,0,105,,3257,22,,,0,105,,3259,22,,,0,105,,3258,22,,,0
1601,'Dimanche',855,,3269,22,,,0,145,,3262,22,,,0,105,,3263,22,,,0,105,,3264,22,,,0,105,,3265,22,,,0,105,,3266,22,,,0,106,,3267,22,,,0,105,,3268,22,,,0,104,,3261,22,,,0,105,,3270,22,,,0
1601,'EventOff',631,,3286,22,,,0,115,,3271,22,,,0,110,,3272,22,,,0,150,,3273,22,,,0,110,,3274,22,,,0,110,,3275,22,,,0,110,,3276,22,,,0,110,,3277,22,,,0,156,,3278,22,,,0,116,,3279,22,,,0,109,,3280,22,,,0,108,,3281,22,,,0,100,,3282,22,,,0,105,,3283,22,,,0,105,,3285,22,,,0,105,,3284,22,,,0
1601,'EventOn',631,,3302,22,,,0,115,,3287,22,,,0,110,,3288,22,,,0,150,,3289,22,,,0,110,,3290,22,,,0,110,,3291,22,,,0,110,,3292,22,,,0,110,,3293,22,,,0,156,,3294,22,,,0,116,,3295,22,,,0,109,,3296,22,,,0,108,,3297,22,,,0,100,,3298,22,,,0,105,,3299,22,,,0,105,,3301,22,,,0,105,,3300,22,,,0
1601,'KerOffPriveOff',631,,3318,22,,,0,115,,3303,22,,,0,110,,3304,22,,,0,150,,3305,22,,,0,110,,3306,22,,,0,110,,3307,22,,,0,110,,3308,22,,,0,110,,3309,22,,,0,156,,3310,22,,,0,116,,3311,22,,,0,109,,3312,22,,,0,108,,3313,22,,,0,100,,3314,22,,,0,105,,3315,22,,,0,105,,3317,22,,,0,105,,3316,22,,,0
1601,'Samedi',625,,3334,22,,,0,105,,3335,22,,,0,105,,3327,22,,,0,105,,3319,22,,,0,105,,3320,22,,,0,105,,3321,22,,,0,105,,3322,22,,,0,104,,3323,22,,,0,145,,3324,22,,,0,105,,3325,22,,,0,106,,3326,22,,,0,105,,3328,22,,,0,105,,3329,22,,,0,105,,3330,22,,,0,105,,3331,22,,,0,105,,3332,22,,,0,105,,3333,22,,,0
111800301,'CsRoyOff',1533,,4930,3,,,0
111800301,'EventOn',1533,,4931,3,,,0
111800401,'CsRoyOff',1602,,4934,3,,,0
111800401,'EventOn',1602,,4935,3,,,0
