6000,'CsRoyOff',618,,4473,15,,,0,27,,4484,34,,,0,81,,4474,34,,,0,33,,4485,34,,,0,79,,4475,34,,,0,75,,4486,34,,,0,33,,4476,34,,,0,76,,4487,34,,,0,34,,4477,34,,,0,76,,4488,34,,,0,73,,4478,34,,,0,36,,4489,34,,,0,75,,4479,34,,,0,28,,4490,34,,,0,78,,4501,34,,,0,25,,4480,34,,,0,80,,4491,34,,,0,81,,4481,34,,,0,39,,4492,34,,,0,71,,4482,34,,,0,34,,4493,34,,,0,75,,4483,34,,,0,75,,4494,34,,,0,38,,4495,34,,,0,104,,4500,34,,,0,105,,4499,34,,,0,105,,4498,34,,,0,105,,4496,34,,,0
6000,'CsRoyOffKerOff',618,,4502,15,,,0,27,,4513,34,,,0,81,,4503,34,,,0,33,,4514,34,,,0,79,,4504,34,,,0,75,,4515,34,,,0,33,,4505,34,,,0,76,,4516,34,,,0,34,,4506,34,,,0,76,,4517,34,,,0,73,,4507,34,,,0,36,,4518,34,,,0,75,,4508,34,,,0,28,,4519,34,,,0,78,,4530,34,,,0,25,,4509,34,,,0,80,,4520,34,,,0,81,,4510,34,,,0,39,,4521,34,,,0,71,,4511,34,,,0,34,,4522,34,,,0,75,,4512,34,,,0,75,,4523,34,,,0,38,,4524,34,,,0,104,,4529,34,,,0,105,,4528,34,,,0,105,,4527,34,,,0,105,,4525,34,,,0
6000,'Dimanche',906,,4531,34,,,0,105,,4532,34,,,0,104,,4534,34,,,0,105,,4536,34,,,0,105,,4537,34,,,0,105,,4538,34,,,0,105,,4539,34,,,0,105,,4540,34,,,0,106,,4535,34,,,0,103,,4533,34,,,0
6000,'EventOff',618,,4541,15,,,0,27,,4552,34,,,0,81,,4542,34,,,0,33,,4553,34,,,0,79,,4543,34,,,0,75,,4554,34,,,0,33,,4544,34,,,0,76,,4555,34,,,0,34,,4545,34,,,0,76,,4556,34,,,0,73,,4546,34,,,0,36,,4557,34,,,0,75,,4547,34,,,0,28,,4558,34,,,0,78,,4569,34,,,0,25,,4548,34,,,0,80,,4559,34,,,0,81,,4549,34,,,0,39,,4560,34,,,0,71,,4550,34,,,0,34,,4561,34,,,0,75,,4551,34,,,0,75,,4562,34,,,0,38,,4563,34,,,0,104,,4568,34,,,0,105,,4567,34,,,0,105,,4566,34,,,0,105,,4564,34,,,0
6000,'EventOn',618,,4570,15,,,0,27,,4581,34,,,0,81,,4571,34,,,0,33,,4582,34,,,0,42,,4600,3,0,19,0,37,,4572,34,,,0,75,,4583,34,,,0,33,,4573,34,,,0,76,,4584,34,,,0,34,,4574,34,,,0,76,,4585,34,,,0,73,,4575,34,,,0,36,,4586,34,,,0,75,,4576,34,,,0,28,,4587,34,,,0,78,,4598,34,,,0,25,,4577,34,,,0,80,,4588,34,,,0,13,,4601,3,0,14 15,0,68,,4578,34,,,0,39,,4589,34,,,0,71,,4579,34,,,0,34,,4590,34,,,0,75,,4580,34,,,0,75,,4591,34,,,0,38,,4592,34,,,0,104,,4597,34,,,0,105,,4596,34,,,0,105,,4595,34,,,0,105,,4593,34,,,0
6000,'KerOffPriveOff',618,,4602,15,,,0,27,,4613,34,,,0,81,,4603,34,,,0,33,,4614,34,,,0,42,,4632,3,0,19,0,37,,4604,34,,,0,75,,4615,34,,,0,33,,4605,34,,,0,76,,4616,34,,,0,34,,4606,34,,,0,76,,4617,34,,,0,73,,4607,34,,,0,36,,4618,34,,,0,75,,4608,34,,,0,28,,4619,34,,,0,78,,4630,34,,,0,25,,4609,34,,,0,80,,4620,34,,,0,13,,4633,3,0,14 15,0,68,,4610,34,,,0,39,,4621,34,,,0,71,,4611,34,,,0,34,,4622,34,,,0,75,,4612,34,,,0,75,,4623,34,,,0,38,,4624,34,,,0,104,,4629,34,,,0,105,,4628,34,,,0,105,,4627,34,,,0,105,,4625,34,,,0
6000,'Samedi',636,,4639,34,,,0,104,,4645,34,,,0,105,,4634,34,,,0,105,,4640,34,,,0,105,,4646,34,,,0,145,,4635,34,,,0,106,,4641,34,,,0,105,,4647,34,,,0,105,,4636,34,,,0,105,,4642,34,,,0,104,,4648,34,,,0,105,,4637,34,,,0,105,,4643,34,,,0,105,,4649,34,,,0,105,,4638,34,,,0,105,,4644,34,,,0,105,,4650,34,,,0
19200300000,'CsRoyOff',731,,5009,15,0,11 18,0
19200300000,'CsRoyOffKerOff',731,,5011,15,0,11 18,0
19200300000,'EventOn',731,,5013,15,0,11 18,0
