900,'CsRoyOff',655,,1654,27,0,20,0,80,,1668,27,0,20,0,75,,1655,27,0,20,0,36,,1665,27,0,20,0,75,,1656,27,0,20,0,35,,1669,27,0,20,0,75,,1657,27,0,20,0,111,,1658,27,0,20,0,110,,1659,27,0,20,0,151,,1660,27,0,20,0,35,,1666,27,0,20,0,76,,1661,27,0,20,0,39,,1667,27,0,20,0,68,,1672,18,0,5,0,2,,1671,21,,,0,7,,1662,27,0,20,0,77,,1670,27,0,20,0,36,,1663,27,0,20,0,107,,1664,27,0,20,0
900,'CsRoyOffKerOff',655,,1673,27,0,20,0,80,,1687,27,0,20,0,75,,1674,27,0,20,0,36,,1684,27,0,20,0,75,,1675,27,0,20,0,35,,1688,27,0,20,0,75,,1676,27,0,20,0,111,,1677,27,0,20,0,110,,1678,27,0,20,0,151,,1679,27,0,20,0,35,,1685,27,0,20,0,76,,1680,27,0,20,0,39,,1686,27,0,20,0,68,,1690,18,0,5,0,9,,1681,27,0,20,0,77,,1689,27,0,20,0,36,,1682,27,0,20,0,107,,1683,27,0,20,0
900,'EventOff',655,,1691,27,0,20,0,80,,1705,27,0,20,0,75,,1692,27,0,20,0,36,,1702,27,0,20,0,75,,1693,27,0,20,0,35,,1706,27,0,20,0,75,,1694,27,0,20,0,111,,1695,27,0,20,0,110,,1696,27,0,20,0,151,,1697,27,0,20,0,35,,1703,27,0,20,0,76,,1698,27,0,20,0,39,,1704,27,0,20,0,77,,1699,27,0,20,0,77,,1707,27,0,20,0,36,,1700,27,0,20,0,107,,1701,27,0,20,0
900,'EventOn',655,,1708,27,0,20,0,80,,1722,27,0,20,0,75,,1709,27,0,20,0,36,,1719,27,0,20,0,75,,1710,27,0,20,0,35,,1723,27,0,20,0,75,,1711,27,0,20,0,111,,1712,27,0,20,0,110,,1713,27,0,20,0,151,,1714,27,0,20,0,35,,1720,27,0,20,0,76,,1715,27,0,20,0,39,,1721,27,0,20,0,68,,1726,18,0,5,0,2,,1725,21,,,0,7,,1716,27,0,20,0,77,,1724,27,0,20,0,36,,1717,27,0,20,0,107,,1718,27,0,20,0
900,'KerOffPriveOff',655,,1727,27,0,20,0,80,,1741,27,0,20,0,75,,1728,27,0,20,0,36,,1738,27,0,20,0,75,,1729,27,0,20,0,35,,1742,27,0,20,0,75,,1730,27,0,20,0,111,,1731,27,0,20,0,110,,1732,27,0,20,0,151,,1733,27,0,20,0,35,,1739,27,0,20,0,76,,1734,27,0,20,0,39,,1740,27,0,20,0,77,,1735,27,0,20,0,77,,1743,27,0,20,0,36,,1736,27,0,20,0,107,,1737,27,0,20,0
8900,'CsRoyOff',1949,,4827,28,,,0,100,,4829,28,,,0,105,,4828,28,,,0,147,,4826,28,,,0,103,,4825,28,,,0
8900,'CsRoyOffKerOff',1949,,4832,28,,,0,100,,4834,28,,,0,105,,4833,28,,,0,147,,4831,28,,,0,103,,4830,28,,,0
8900,'Dimanche',909,,4836,28,,,0,105,,4838,28,,,0,107,,4839,28,,,0,105,,4840,28,,,0,105,,4842,28,,,0,105,,4841,28,,,0,105,,4843,28,,,0,105,,4844,28,,,0,104,,4835,28,,,0,104,,4837,28,,,0
8900,'EventOff',1949,,4847,28,,,0,100,,4849,28,,,0,105,,4848,28,,,0,147,,4846,28,,,0,103,,4845,28,,,0
8900,'EventOn',1949,,4852,28,,,0,100,,4854,28,,,0,105,,4853,28,,,0,147,,4851,28,,,0,103,,4850,28,,,0
8900,'KerOffPriveOff',1949,,4857,28,,,0,100,,4859,28,,,0,105,,4858,28,,,0,147,,4856,28,,,0,103,,4855,28,,,0
8900,'Samedi',641,,4876,28,,,0,103,,4860,28,,,0,105,,4868,28,,,0,107,,4861,28,,,0,145,,4869,28,,,0,105,,4862,28,,,0,105,,4870,28,,,0,104,,4863,28,,,0,104,,4871,28,,,0,106,,4864,28,,,0,106,,4872,28,,,0,104,,4865,28,,,0,105,,4873,28,,,0,105,,4866,28,,,0,104,,4874,28,,,0,105,,4867,28,,,0,105,,4875,28,,,0
