901,'CsRoyOff',610,,1744,4,,,0,24,,1758,4,,,0,67,,1762,5,0,5,0,5,,1763,5,0,6,0,4,,1745,4,,,0,40,,1757,4,,,0,74,,1746,4,,,0,76,,1759,4,,,0,35,,1747,4,,,0,110,,1748,4,,,0,111,,1749,4,,,0,149,,1750,4,,,0,111,,1751,4,,,0,35,,1756,4,,,0,76,,1752,4,,,0,79,,1755,4,,,0,37,,1753,4,,,0,77,,1760,4,,,0,36,,1754,4,,,0,150,,1761,4,,,0
901,'CsRoyOffKerOff',610,,1764,4,,,0,24,,1778,4,,,0,67,,1782,5,0,5,0,9,,1765,4,,,0,40,,1777,4,,,0,74,,1766,4,,,0,76,,1779,4,,,0,35,,1767,4,,,0,110,,1768,4,,,0,111,,1769,4,,,0,149,,1770,4,,,0,111,,1771,4,,,0,35,,1776,4,,,0,76,,1772,4,,,0,79,,1775,4,,,0,37,,1773,4,,,0,77,,1780,4,,,0,36,,1774,4,,,0,150,,1781,4,,,0
901,'EventOff',610,,1783,4,,,0,24,,1797,4,,,0,76,,1784,4,,,0,40,,1796,4,,,0,74,,1785,4,,,0,76,,1798,4,,,0,35,,1786,4,,,0,110,,1787,4,,,0,111,,1788,4,,,0,149,,1789,4,,,0,111,,1790,4,,,0,35,,1795,4,,,0,76,,1791,4,,,0,79,,1794,4,,,0,37,,1792,4,,,0,77,,1799,4,,,0,36,,1793,4,,,0,150,,1800,4,,,0
901,'EventOn',610,,1801,4,,,0,24,,1815,4,,,0,67,,1819,5,0,5,0,5,,1820,5,0,6,0,4,,1802,4,,,0,40,,1814,4,,,0,74,,1803,4,,,0,76,,1816,4,,,0,35,,1804,4,,,0,110,,1805,4,,,0,111,,1806,4,,,0,149,,1807,4,,,0,111,,1808,4,,,0,35,,1813,4,,,0,76,,1809,4,,,0,79,,1812,4,,,0,37,,1810,4,,,0,77,,1817,4,,,0,36,,1811,4,,,0,150,,1818,4,,,0
901,'KerOffPriveOff',610,,1821,4,,,0,24,,1835,4,,,0,76,,1822,4,,,0,40,,1834,4,,,0,74,,1823,4,,,0,76,,1836,4,,,0,35,,1824,4,,,0,110,,1825,4,,,0,111,,1826,4,,,0,149,,1827,4,,,0,111,,1828,4,,,0,35,,1833,4,,,0,76,,1829,4,,,0,79,,1832,4,,,0,37,,1830,4,,,0,77,,1837,4,,,0,36,,1831,4,,,0,150,,1838,4,,,0
8901,'CsRoyOff',2011,,4880,4,,,0,105,,4879,4,,,0,105,,4878,4,,,0,105,,4877,4,,,0
8901,'CsRoyOffKerOff',2011,,4884,4,,,0,105,,4883,4,,,0,105,,4882,4,,,0,105,,4881,4,,,0
8901,'Dimanche',828,,4886,4,,,0,105,,4888,4,,,0,106,,4890,4,,,0,105,,4891,4,,,0,105,,4892,4,,,0,105,,4893,4,,,0,105,,4894,4,,,0,145,,4895,4,,,0,105,,4885,4,,,0,104,,4889,4,,,0,101,,4887,4,,,0
8901,'EventOff',2011,,4899,4,,,0,105,,4898,4,,,0,105,,4897,4,,,0,105,,4896,4,,,0
8901,'EventOn',2011,,4903,4,,,0,105,,4902,4,,,0,105,,4901,4,,,0,105,,4900,4,,,0
8901,'KerOffPriveOff',2011,,4907,4,,,0,105,,4906,4,,,0,105,,4905,4,,,0,105,,4904,4,,,0
8901,'Samedi',704,,4916,4,,,0,105,,4908,4,,,0,106,,4917,4,,,0,105,,4909,4,,,0,105,,4918,4,,,0,105,,4910,4,,,0,104,,4919,4,,,0,105,,4911,4,,,0,105,,4920,4,,,0,106,,4912,4,,,0,104,,4921,4,,,0,105,,4913,4,,,0,145,,4922,4,,,0,105,,4914,4,,,0,105,,4923,4,,,0,105,,4915,4,,,0
