901,'CsRoyOff',623,,1744,32,,,0,25,,1758,32,,,0,76,,1762,41,4,,0,1,,1745,32,,,0,8,,1763,41,0,6,0,71,,1757,32,,,0,34,,1746,32,,,0,76,,1759,32,,,0,35,,1747,32,,,0,110,,1748,32,,,0,151,,1749,32,,,0,109,,1750,32,,,0,111,,1751,32,,,0,76,,1756,32,,,0,36,,1752,32,,,0,79,,1755,32,,,0,37,,1753,32,,,0,77,,1760,32,,,0,75,,1754,32,,,0,110,,1761,32,,,0
901,'CsRoyOffKerOff',623,,1764,32,,,0,25,,1778,32,,,0,76,,1782,41,4,,0,1,,1765,32,,,0,79,,1777,32,,,0,34,,1766,32,,,0,76,,1779,32,,,0,35,,1767,32,,,0,110,,1768,32,,,0,151,,1769,32,,,0,109,,1770,32,,,0,111,,1771,32,,,0,76,,1776,32,,,0,36,,1772,32,,,0,79,,1775,32,,,0,37,,1773,32,,,0,77,,1780,32,,,0,75,,1774,32,,,0,110,,1781,32,,,0
901,'EventOff',623,,1783,32,,,0,25,,1797,32,,,0,77,,1784,32,,,0,79,,1796,32,,,0,34,,1785,32,,,0,76,,1798,32,,,0,35,,1786,32,,,0,110,,1787,32,,,0,151,,1788,32,,,0,109,,1789,32,,,0,111,,1790,32,,,0,76,,1795,32,,,0,36,,1791,32,,,0,79,,1794,32,,,0,37,,1792,32,,,0,77,,1799,32,,,0,75,,1793,32,,,0,110,,1800,32,,,0
901,'EventOn',623,,1801,32,,,0,25,,1815,32,,,0,76,,1819,41,4,,0,1,,1802,32,,,0,8,,1820,41,0,6,0,71,,1814,32,,,0,34,,1803,32,,,0,76,,1816,32,,,0,35,,1804,32,,,0,110,,1805,32,,,0,151,,1806,32,,,0,109,,1807,32,,,0,111,,1808,32,,,0,76,,1813,32,,,0,36,,1809,32,,,0,79,,1812,32,,,0,37,,1810,32,,,0,77,,1817,32,,,0,75,,1811,32,,,0,110,,1818,32,,,0
901,'KerOffPriveOff',623,,1821,32,,,0,25,,1835,32,,,0,77,,1822,32,,,0,79,,1834,32,,,0,34,,1823,32,,,0,76,,1836,32,,,0,35,,1824,32,,,0,110,,1825,32,,,0,151,,1826,32,,,0,109,,1827,32,,,0,111,,1828,32,,,0,76,,1833,32,,,0,36,,1829,32,,,0,79,,1832,32,,,0,37,,1830,32,,,0,77,,1837,32,,,0,75,,1831,32,,,0,110,,1838,32,,,0
8901,'CsRoyOff',2024,,4880,32,,,0,105,,4879,32,,,0,105,,4878,32,,,0,105,,4877,32,,,0
8901,'CsRoyOffKerOff',2024,,4884,32,,,0,105,,4883,32,,,0,105,,4882,32,,,0,105,,4881,32,,,0
8901,'Dimanche',842,,4886,32,,,0,105,,4888,32,,,0,106,,4890,32,,,0,105,,4891,32,,,0,145,,4892,32,,,0,105,,4893,32,,,0,105,,4894,32,,,0,105,,4895,32,,,0,105,,4885,32,,,0,104,,4889,32,,,0,101,,4887,32,,,0
8901,'EventOff',2024,,4899,32,,,0,105,,4898,32,,,0,105,,4897,32,,,0,105,,4896,32,,,0
8901,'EventOn',2024,,4903,32,,,0,105,,4902,32,,,0,105,,4901,32,,,0,105,,4900,32,,,0
8901,'KerOffPriveOff',2024,,4907,32,,,0,105,,4906,32,,,0,105,,4905,32,,,0,105,,4904,32,,,0
8901,'Samedi',718,,4916,32,,,0,105,,4908,32,,,0,106,,4917,32,,,0,105,,4909,32,,,0,105,,4918,32,,,0,105,,4910,32,,,0,104,,4919,32,,,0,105,,4911,32,,,0,105,,4920,32,,,0,146,,4912,32,,,0,104,,4921,32,,,0,105,,4913,32,,,0,105,,4922,32,,,0,105,,4914,32,,,0,105,,4923,32,,,0,105,,4915,32,,,0
190300400,'CsRoyOff',724,,4962,1,,,0
190300400,'CsRoyOffKerOff',724,,4963,1,,,0
190300400,'EventOn',724,,4964,1,,,0
