2600,'CsRoyOff',628,,3899,24,,,0,75,,3900,24,,,0,41,,3901,24,,,0,75,,3902,24,,,0,35,,3903,24,,,0,74,,3904,24,,,0,75,,3905,24,,,0,35,,3906,24,,,0,75,,3907,24,,,0,35,,3908,24,,,0,75,,3909,24,,,0,35,,3910,24,,,0,75,,3911,24,,,0,75,,3912,24,,,0,35,,3913,24,,,0,80,,3914,24,,,0,79,,3915,24,,,0,37,,3916,24,,,0,74,,3917,24,,,0,35,,3918,24,,,0,75,,3919,24,,,0,35,,3920,24,,,0,145,,3921,24,,,0,105,,3922,24,,,0,105,,3923,24,,,0,105,,3924,24,,,0,105,,3925,24,,,0
2600,'CsRoyOffKerOff',628,,3926,24,,,0,75,,3927,24,,,0,41,,3928,24,,,0,75,,3929,24,,,0,35,,3930,24,,,0,74,,3931,24,,,0,75,,3932,24,,,0,35,,3933,24,,,0,75,,3934,24,,,0,35,,3935,24,,,0,75,,3936,24,,,0,35,,3937,24,,,0,75,,3938,24,,,0,75,,3939,24,,,0,35,,3940,24,,,0,80,,3941,24,,,0,79,,3942,24,,,0,37,,3943,24,,,0,74,,3944,24,,,0,35,,3945,24,,,0,75,,3946,24,,,0,35,,3947,24,,,0,145,,3948,24,,,0,105,,3949,24,,,0,105,,3950,24,,,0,105,,3951,24,,,0,105,,3952,24,,,0
2600,'Dimanche',928,,3954,24,,,0,105,,3957,24,,,0,105,,3959,24,,,0,105,,3958,24,,,0,105,,3960,24,,,0,105,,3961,24,,,0,105,,3962,24,,,0,145,,3953,24,,,0,105,,3955,24,,,0,105,,3956,24,,,0
2600,'EventOff',628,,3963,24,,,0,75,,3964,24,,,0,41,,3965,24,,,0,75,,3966,24,,,0,35,,3967,24,,,0,74,,3968,24,,,0,75,,3969,24,,,0,35,,3970,24,,,0,75,,3971,24,,,0,35,,3972,24,,,0,75,,3973,24,,,0,35,,3974,24,,,0,75,,3975,24,,,0,75,,3976,24,,,0,35,,3977,24,,,0,80,,3978,24,,,0,79,,3979,24,,,0,37,,3980,24,,,0,74,,3981,24,,,0,35,,3982,24,,,0,75,,3983,24,,,0,35,,3984,24,,,0,145,,3985,24,,,0,105,,3986,24,,,0,105,,3987,24,,,0,105,,3988,24,,,0,105,,3989,24,,,0
2600,'EventOn',628,,3990,24,,,0,75,,3991,24,,,0,41,,3992,24,,,0,75,,3993,24,,,0,35,,3994,24,,,0,74,,3995,24,,,0,75,,3996,24,,,0,35,,3997,24,,,0,75,,3998,24,,,0,35,,3999,24,,,0,75,,4000,24,,,0,35,,4001,24,,,0,75,,4002,24,,,0,75,,4003,24,,,0,35,,4004,24,,,0,80,,4005,24,,,0,18,,4017,7,,,0,61,,4006,24,,,0,37,,4007,24,,,0,74,,4008,24,,,0,35,,4009,24,,,0,75,,4010,24,,,0,35,,4011,24,,,0,145,,4012,24,,,0,105,,4013,24,,,0,105,,4014,24,,,0,105,,4015,24,,,0,105,,4016,24,,,0
2600,'KerOffPriveOff',628,,4018,24,,,0,75,,4019,24,,,0,41,,4020,24,,,0,75,,4021,24,,,0,35,,4022,24,,,0,74,,4023,24,,,0,75,,4024,24,,,0,35,,4025,24,,,0,75,,4026,24,,,0,35,,4027,24,,,0,75,,4028,24,,,0,35,,4029,24,,,0,75,,4030,24,,,0,75,,4031,24,,,0,35,,4032,24,,,0,80,,4033,24,,,0,18,,4045,7,,,0,61,,4034,24,,,0,37,,4035,24,,,0,74,,4036,24,,,0,35,,4037,24,,,0,75,,4038,24,,,0,35,,4039,24,,,0,145,,4040,24,,,0,105,,4041,24,,,0,105,,4042,24,,,0,105,,4043,24,,,0,105,,4044,24,,,0
2600,'Samedi',658,,4055,24,,,0,145,,4054,24,,,0,105,,4053,24,,,0,105,,4052,24,,,0,105,,4051,24,,,0,105,,4060,24,,,0,105,,4059,24,,,0,105,,4058,24,,,0,105,,4057,24,,,0,105,,4056,24,,,0,105,,4061,24,,,0,105,,4062,24,,,0,105,,4047,24,,,0,145,,4048,24,,,0,105,,4049,24,,,0,105,,4050,24,,,0,105,,4046,24,,,0
6001,'CsRoyOff',615,,4678,16,,,0,34,,4652,40,,,0,73,,4663,40,,,0,82,,4653,40,,,0,34,,4664,40,,,0,72,,4654,40,,,0,36,,4665,40,,,0,74,,4655,40,,,0,35,,4666,40,,,0,75,,4656,40,,,0,75,,4667,40,,,0,35,,4657,40,,,0,73,,4668,40,,,0,35,,4658,40,,,0,67,,4669,40,,,0,40,,4679,40,,,0,71,,4659,40,,,0,84,,4670,40,,,0,30,,4660,40,,,0,78,,4671,40,,,0,36,,4661,40,,,0,75,,4672,40,,,0,29,,4662,40,,,0,153,,4675,40,,,0,105,,4677,40,,,0,105,,4676,40,,,0,105,,4674,40,,,0,103,,4673,40,,,0
6001,'CsRoyOffKerOff',615,,4706,16,,,0,34,,4680,40,,,0,73,,4691,40,,,0,82,,4681,40,,,0,34,,4692,40,,,0,72,,4682,40,,,0,36,,4693,40,,,0,74,,4683,40,,,0,35,,4694,40,,,0,75,,4684,40,,,0,75,,4695,40,,,0,35,,4685,40,,,0,73,,4696,40,,,0,35,,4686,40,,,0,67,,4697,40,,,0,40,,4707,40,,,0,71,,4687,40,,,0,84,,4698,40,,,0,30,,4688,40,,,0,78,,4699,40,,,0,36,,4689,40,,,0,75,,4700,40,,,0,29,,4690,40,,,0,153,,4703,40,,,0,105,,4705,40,,,0,105,,4704,40,,,0,105,,4702,40,,,0,103,,4701,40,,,0
6001,'Dimanche',936,,4708,40,,,0,104,,4710,40,,,0,106,,4711,40,,,0,105,,4713,40,,,0,107,,4714,40,,,0,143,,4715,40,,,0,105,,4716,40,,,0,104,,4717,40,,,0,106,,4712,40,,,0,105,,4709,40,,,0
6001,'EventOff',615,,4744,16,,,0,34,,4718,40,,,0,73,,4729,40,,,0,82,,4719,40,,,0,34,,4730,40,,,0,72,,4720,40,,,0,36,,4731,40,,,0,74,,4721,40,,,0,35,,4732,40,,,0,75,,4722,40,,,0,75,,4733,40,,,0,35,,4723,40,,,0,73,,4734,40,,,0,35,,4724,40,,,0,67,,4735,40,,,0,40,,4745,40,,,0,71,,4725,40,,,0,84,,4736,40,,,0,30,,4726,40,,,0,78,,4737,40,,,0,36,,4727,40,,,0,75,,4738,40,,,0,29,,4728,40,,,0,153,,4741,40,,,0,105,,4743,40,,,0,105,,4742,40,,,0,105,,4740,40,,,0,103,,4739,40,,,0
6001,'EventOn',615,,4772,16,,,0,34,,4746,40,,,0,73,,4757,40,,,0,82,,4747,40,,,0,34,,4758,40,,,0,72,,4748,40,,,0,36,,4759,40,,,0,74,,4749,40,,,0,35,,4760,40,,,0,75,,4750,40,,,0,75,,4761,40,,,0,35,,4751,40,,,0,73,,4762,40,,,0,35,,4752,40,,,0,67,,4763,40,,,0,40,,4773,40,,,0,71,,4753,40,,,0,21,,4775,4,,,0,63,,4764,40,,,0,30,,4754,40,,,0,78,,4765,40,,,0,36,,4755,40,,,0,75,,4766,40,,,0,29,,4756,40,,,0,153,,4769,40,,,0,105,,4771,40,,,0,105,,4770,40,,,0,105,,4768,40,,,0,103,,4767,40,,,0
6001,'KerOffPriveOff',615,,4803,16,,,0,34,,4777,40,,,0,73,,4788,40,,,0,82,,4778,40,,,0,34,,4789,40,,,0,72,,4779,40,,,0,36,,4790,40,,,0,74,,4780,40,,,0,35,,4791,40,,,0,75,,4781,40,,,0,75,,4792,40,,,0,35,,4782,40,,,0,73,,4793,40,,,0,35,,4783,40,,,0,67,,4794,40,,,0,40,,4804,40,,,0,71,,4784,40,,,0,21,,4806,4,,,0,63,,4795,40,,,0,30,,4785,40,,,0,78,,4796,40,,,0,36,,4786,40,,,0,75,,4797,40,,,0,29,,4787,40,,,0,153,,4800,40,,,0,105,,4802,40,,,0,105,,4801,40,,,0,105,,4799,40,,,0,103,,4798,40,,,0
6001,'Samedi',706,,4813,40,,,0,105,,4819,40,,,0,105,,4808,40,,,0,105,,4814,40,,,0,106,,4820,40,,,0,105,,4809,40,,,0,106,,4815,40,,,0,105,,4821,40,,,0,105,,4810,40,,,0,103,,4816,40,,,0,105,,4822,40,,,0,145,,4811,40,,,0,105,,4817,40,,,0,105,,4823,40,,,0,105,,4812,40,,,0,105,,4818,40,,,0,105,,4824,40,,,0
111800501,'CsRoyOff',803,,4941,34,,,0
111800501,'EventOn',803,,4944,34,,,0
