6000,'CsRoyOff',618,,4473,16,,,0,27,,4484,35,,,0,81,,4474,35,,,0,33,,4485,35,,,0,79,,4475,35,,,0,75,,4486,35,,,0,33,,4476,35,,,0,76,,4487,35,,,0,34,,4477,35,,,0,76,,4488,35,,,0,73,,4478,35,,,0,36,,4489,35,,,0,75,,4479,35,,,0,28,,4490,35,,,0,78,,4501,35,,,0,25,,4480,35,,,0,80,,4491,35,,,0,81,,4481,35,,,0,39,,4492,35,,,0,71,,4482,35,,,0,34,,4493,35,,,0,75,,4483,35,,,0,75,,4494,35,,,0,38,,4495,35,,,0,105,,4500,35,,,0,105,,4499,35,,,0,105,,4498,35,,,0,145,,4496,35,,,0
6000,'CsRoyOffKerOff',618,,4502,16,,,0,27,,4513,35,,,0,81,,4503,35,,,0,33,,4514,35,,,0,79,,4504,35,,,0,75,,4515,35,,,0,33,,4505,35,,,0,76,,4516,35,,,0,34,,4506,35,,,0,76,,4517,35,,,0,73,,4507,35,,,0,36,,4518,35,,,0,75,,4508,35,,,0,28,,4519,35,,,0,78,,4530,35,,,0,25,,4509,35,,,0,80,,4520,35,,,0,81,,4510,35,,,0,39,,4521,35,,,0,71,,4511,35,,,0,34,,4522,35,,,0,75,,4512,35,,,0,75,,4523,35,,,0,38,,4524,35,,,0,105,,4529,35,,,0,105,,4528,35,,,0,105,,4527,35,,,0,145,,4525,35,,,0
6000,'Dimanche',907,,4531,35,,,0,105,,4532,35,,,0,104,,4534,35,,,0,105,,4536,35,,,0,105,,4537,35,,,0,105,,4538,35,,,0,105,,4539,35,,,0,105,,4540,35,,,0,106,,4535,35,,,0,103,,4533,35,,,0
6000,'EventOff',618,,4541,16,,,0,27,,4552,35,,,0,81,,4542,35,,,0,33,,4553,35,,,0,79,,4543,35,,,0,75,,4554,35,,,0,33,,4544,35,,,0,76,,4555,35,,,0,34,,4545,35,,,0,76,,4556,35,,,0,73,,4546,35,,,0,36,,4557,35,,,0,75,,4547,35,,,0,28,,4558,35,,,0,78,,4569,35,,,0,25,,4548,35,,,0,80,,4559,35,,,0,81,,4549,35,,,0,39,,4560,35,,,0,71,,4550,35,,,0,34,,4561,35,,,0,75,,4551,35,,,0,75,,4562,35,,,0,38,,4563,35,,,0,105,,4568,35,,,0,105,,4567,35,,,0,105,,4566,35,,,0,145,,4564,35,,,0
6000,'EventOn',618,,4570,16,,,0,27,,4581,35,,,0,81,,4571,35,,,0,33,,4582,35,,,0,42,,4600,4,0,19,0,37,,4572,35,,,0,75,,4583,35,,,0,33,,4573,35,,,0,76,,4584,35,,,0,34,,4574,35,,,0,76,,4585,35,,,0,73,,4575,35,,,0,36,,4586,35,,,0,75,,4576,35,,,0,28,,4587,35,,,0,78,,4598,35,,,0,25,,4577,35,,,0,80,,4588,35,,,0,13,,4601,4,0,14 15,0,68,,4578,35,,,0,39,,4589,35,,,0,71,,4579,35,,,0,34,,4590,35,,,0,75,,4580,35,,,0,75,,4591,35,,,0,38,,4592,35,,,0,105,,4597,35,,,0,105,,4596,35,,,0,105,,4595,35,,,0,145,,4593,35,,,0
6000,'KerOffPriveOff',618,,4602,16,,,0,27,,4613,35,,,0,81,,4603,35,,,0,33,,4614,35,,,0,42,,4632,4,0,19,0,37,,4604,35,,,0,75,,4615,35,,,0,33,,4605,35,,,0,76,,4616,35,,,0,34,,4606,35,,,0,76,,4617,35,,,0,73,,4607,35,,,0,36,,4618,35,,,0,75,,4608,35,,,0,28,,4619,35,,,0,78,,4630,35,,,0,25,,4609,35,,,0,80,,4620,35,,,0,13,,4633,4,0,14 15,0,68,,4610,35,,,0,39,,4621,35,,,0,71,,4611,35,,,0,34,,4622,35,,,0,75,,4612,35,,,0,75,,4623,35,,,0,38,,4624,35,,,0,105,,4629,35,,,0,105,,4628,35,,,0,105,,4627,35,,,0,145,,4625,35,,,0
6000,'Samedi',637,,4639,35,,,0,104,,4645,35,,,0,105,,4634,35,,,0,105,,4640,35,,,0,105,,4646,35,,,0,145,,4635,35,,,0,106,,4641,35,,,0,105,,4647,35,,,0,105,,4636,35,,,0,105,,4642,35,,,0,104,,4648,35,,,0,105,,4637,35,,,0,105,,4643,35,,,0,105,,4649,35,,,0,105,,4638,35,,,0,105,,4644,35,,,0,105,,4650,35,,,0
111800500,'CsRoyOff',732,,4936,17,,,0,880,,4937,34,,,0
111800500,'CsRoyOffKerOff',1612,,4938,34,,,0
111800500,'EventOn',732,,4939,17,,,0,880,,4940,34,,,0
19200300000,'CsRoyOff',732,,5009,16,0,11 18,0
19200300000,'CsRoyOffKerOff',732,,5011,16,0,11 18,0
19200300000,'EventOn',732,,5013,16,0,11 18,0
