2500,'CsRoyOff',615,,3573,14,,,0,29,,3548,41,,,0,75,,3546,41,,,0,9,,3575,24,0,21,0,31,,3549,41,,,0,75,,3547,41,,,0,75,,3550,41,,,0,34,,3551,41,,,0,75,,3552,41,,,0,35,,3553,41,,,0,75,,3554,41,,,0,75,,3555,41,,,0,35,,3556,41,,,0,75,,3557,41,,,0,35,,3558,41,,,0,75,,3559,41,,,0,35,,3560,41,,,0,81,,3561,41,,,0,71,,3576,24,,,0,7,,3562,41,,,0,36,,3563,41,,,0,75,,3564,41,,,0,75,,3565,41,,,0,35,,3566,41,,,0,75,,3567,41,,,0,104,,3568,41,,,0,105,,3569,41,,,0,105,,3570,41,,,0,105,,3571,41,,,0,105,,3572,41,,,0
2500,'CsRoyOffKerOff',615,,3604,14,,,0,29,,3579,41,,,0,75,,3577,41,,,0,9,,3605,24,0,21,0,31,,3580,41,,,0,75,,3578,41,,,0,75,,3581,41,,,0,34,,3582,41,,,0,75,,3583,41,,,0,35,,3584,41,,,0,75,,3585,41,,,0,75,,3586,41,,,0,35,,3587,41,,,0,75,,3588,41,,,0,35,,3589,41,,,0,75,,3590,41,,,0,35,,3591,41,,,0,81,,3592,41,,,0,71,,3606,24,,,0,7,,3593,41,,,0,36,,3594,41,,,0,75,,3595,41,,,0,75,,3596,41,,,0,35,,3597,41,,,0,75,,3598,41,,,0,104,,3599,41,,,0,105,,3600,41,,,0,105,,3601,41,,,0,105,,3602,41,,,0,105,,3603,41,,,0
2500,'Dimanche',839,,3617,14,,,0,104,,3610,41,,,0,105,,3611,41,,,0,105,,3612,41,,,0,105,,3613,41,,,0,145,,3614,41,,,0,105,,3615,41,,,0,105,,3616,41,,,0,105,,3608,41,,,0,105,,3609,41,,,0,105,,3607,41,,,0
2500,'EventOff',615,,3645,14,,,0,29,,3620,41,,,0,75,,3618,41,,,0,40,,3621,41,,,0,75,,3619,41,,,0,75,,3622,41,,,0,34,,3623,41,,,0,75,,3624,41,,,0,35,,3625,41,,,0,75,,3626,41,,,0,75,,3627,41,,,0,35,,3628,41,,,0,75,,3629,41,,,0,35,,3630,41,,,0,75,,3631,41,,,0,35,,3632,41,,,0,81,,3633,41,,,0,78,,3634,41,,,0,36,,3635,41,,,0,75,,3636,41,,,0,75,,3637,41,,,0,35,,3638,41,,,0,75,,3639,41,,,0,104,,3640,41,,,0,105,,3641,41,,,0,105,,3642,41,,,0,105,,3643,41,,,0,105,,3644,41,,,0
2500,'EventOn',615,,3673,14,,,0,29,,3648,41,,,0,74,,3674,14,0,9,0,1,,3646,41,,,0,9,,3677,24,0,21,0,31,,3649,41,,,0,75,,3647,41,,,0,75,,3650,41,,,0,34,,3651,41,,,0,75,,3652,41,,,0,35,,3653,41,,,0,75,,3654,41,,,0,75,,3655,41,,,0,35,,3656,41,,,0,75,,3657,41,,,0,35,,3658,41,,,0,75,,3659,41,,,0,35,,3660,41,,,0,81,,3661,41,,,0,19,,3680,15,,,0,52,,3679,24,,,0,5,,3678,43,,,0,2,,3662,41,,,0,36,,3663,41,,,0,75,,3664,41,,,0,75,,3665,41,,,0,35,,3666,41,,,0,75,,3667,41,,,0,104,,3668,41,,,0,105,,3669,41,,,0,105,,3670,41,,,0,105,,3671,41,,,0,105,,3672,41,,,0
2500,'KerOffPriveOff',615,,3708,14,,,0,29,,3683,41,,,0,74,,3709,14,0,9,0,1,,3681,41,,,0,40,,3684,41,,,0,75,,3682,41,,,0,75,,3685,41,,,0,34,,3686,41,,,0,75,,3687,41,,,0,35,,3688,41,,,0,75,,3689,41,,,0,75,,3690,41,,,0,35,,3691,41,,,0,75,,3692,41,,,0,35,,3693,41,,,0,75,,3694,41,,,0,35,,3695,41,,,0,81,,3696,41,,,0,19,,3712,15,,,0,57,,3711,43,,,0,2,,3697,41,,,0,36,,3698,41,,,0,75,,3699,41,,,0,75,,3700,41,,,0,35,,3701,41,,,0,75,,3702,41,,,0,104,,3703,41,,,0,105,,3704,41,,,0,105,,3705,41,,,0,105,,3706,41,,,0,105,,3707,41,,,0
2500,'Samedi',607,,3725,14,,,0,106,,3713,41,,,0,105,,3719,41,,,0,105,,3726,41,,,0,105,,3714,41,,,0,105,,3720,41,,,0,105,,3727,41,,,0,105,,3715,41,,,0,105,,3721,41,,,0,105,,3728,41,,,0,105,,3716,41,,,0,145,,3722,41,,,0,105,,3729,41,,,0,105,,3717,41,,,0,105,,3723,41,,,0,105,,3730,41,,,0,105,,3718,41,,,0,105,,3724,41,,,0
3080300000,'EventOn',806,,4978,6,,,0
3080300000,'KerOffPriveOff',806,,4979,6,,,0
3080300001,'EventOn',1603,,4980,8,,,0
3080300001,'KerOffPriveOff',1603,,4981,8,,,0
3080400000,'EventOn',811,,4982,34,,,0
3080400000,'KerOffPriveOff',811,,4983,34,,,0
3080400001,'EventOn',1604,,4984,15,,,0
3080400001,'KerOffPriveOff',1604,,4985,15,,,0
