5000,'CsRoyOff',642,,4263,9,,,0,65,,4262,9,,,0,16,,4218,9,,,0,15,,4219,9,,,0,62,,4220,9,,,0,18,,4221,9,,,0,17,,4222,9,,,0,18,,4223,9,,,0,56,,4224,9,,,0,15,,4225,9,,,0,20,,4226,9,,,0,15,,4227,9,,,0,59,,4228,9,,,0,15,,4229,9,,,0,20,,4230,9,,,0,55,,4231,9,,,0,20,,4232,9,,,0,15,,4233,9,,,0,60,,4234,9,,,0,15,,4235,9,,,0,20,,4236,9,,,0,15,,4237,9,,,0,60,,4238,9,,,0,15,,4239,9,,,0,19,,4240,9,,,0,55,,4241,9,,,0,20,,4242,9,,,0,15,,4243,9,,,0,21,,4244,9,,,0,55,,4245,9,,,0,24,,4246,9,,,0,19,,4247,9,,,0,59,,4248,9,,,0,18,,4249,9,,,0,21,,4250,9,,,0,56,,4251,9,,,0,20,,4252,9,,,0,16,,4253,9,,,0,58,,4254,9,,,0,16,,4255,9,,,0,19,,4256,9,,,0,15,,4257,9,,,0,168,,4258,9,,,0,105,,4259,9,,,0,105,,4260,9,,,0,105,,4261,9,,,0
5000,'CsRoyOffKerOff',642,,4309,9,,,0,65,,4308,9,,,0,16,,4264,9,,,0,15,,4265,9,,,0,62,,4266,9,,,0,18,,4267,9,,,0,17,,4268,9,,,0,18,,4269,9,,,0,56,,4270,9,,,0,15,,4271,9,,,0,20,,4272,9,,,0,15,,4273,9,,,0,59,,4274,9,,,0,15,,4275,9,,,0,20,,4276,9,,,0,55,,4277,9,,,0,20,,4278,9,,,0,15,,4279,9,,,0,60,,4280,9,,,0,15,,4281,9,,,0,20,,4282,9,,,0,15,,4283,9,,,0,60,,4284,9,,,0,15,,4285,9,,,0,19,,4286,9,,,0,55,,4287,9,,,0,20,,4288,9,,,0,15,,4289,9,,,0,21,,4290,9,,,0,55,,4291,9,,,0,24,,4292,9,,,0,19,,4293,9,,,0,59,,4294,9,,,0,18,,4295,9,,,0,21,,4296,9,,,0,56,,4297,9,,,0,20,,4298,9,,,0,16,,4299,9,,,0,58,,4300,9,,,0,16,,4301,9,,,0,19,,4302,9,,,0,15,,4303,9,,,0,168,,4304,9,,,0,105,,4305,9,,,0,105,,4306,9,,,0,105,,4307,9,,,0
5000,'Dimanche',946,,4310,9,,,0,105,,4313,9,,,0,105,,4315,9,,,0,145,,4314,9,,,0,105,,4316,9,,,0,105,,4317,9,,,0,106,,4318,9,,,0,105,,4311,9,,,0,105,,4312,9,,,0
5000,'EventOff',642,,4364,9,,,0,65,,4363,9,,,0,16,,4319,9,,,0,15,,4320,9,,,0,62,,4321,9,,,0,18,,4322,9,,,0,17,,4323,9,,,0,18,,4324,9,,,0,56,,4325,9,,,0,15,,4326,9,,,0,20,,4327,9,,,0,15,,4328,9,,,0,59,,4329,9,,,0,15,,4330,9,,,0,20,,4331,9,,,0,55,,4332,9,,,0,20,,4333,9,,,0,15,,4334,9,,,0,60,,4335,9,,,0,15,,4336,9,,,0,20,,4337,9,,,0,15,,4338,9,,,0,60,,4339,9,,,0,15,,4340,9,,,0,19,,4341,9,,,0,55,,4342,9,,,0,20,,4343,9,,,0,15,,4344,9,,,0,21,,4345,9,,,0,55,,4346,9,,,0,24,,4347,9,,,0,19,,4348,9,,,0,59,,4349,9,,,0,18,,4350,9,,,0,21,,4351,9,,,0,56,,4352,9,,,0,20,,4353,9,,,0,16,,4354,9,,,0,58,,4355,9,,,0,16,,4356,9,,,0,19,,4357,9,,,0,15,,4358,9,,,0,168,,4359,9,,,0,105,,4360,9,,,0,105,,4361,9,,,0,105,,4362,9,,,0
5000,'EventOn',642,,4410,9,,,0,65,,4409,9,,,0,16,,4365,9,,,0,15,,4366,9,,,0,62,,4367,9,,,0,18,,4368,9,,,0,17,,4369,9,,,0,18,,4370,9,,,0,56,,4371,9,,,0,15,,4372,9,,,0,20,,4373,9,,,0,15,,4374,9,,,0,59,,4375,9,,,0,15,,4376,9,,,0,20,,4377,9,,,0,55,,4378,9,,,0,20,,4379,9,,,0,15,,4380,9,,,0,60,,4381,9,,,0,15,,4382,9,,,0,20,,4383,9,,,0,15,,4384,9,,,0,60,,4385,9,,,0,15,,4386,9,,,0,19,,4387,9,,,0,55,,4388,9,,,0,20,,4389,9,,,0,15,,4390,9,,,0,21,,4391,9,,,0,55,,4392,9,,,0,24,,4393,9,,,0,19,,4394,9,,,0,59,,4395,9,,,0,18,,4396,9,,,0,21,,4397,9,,,0,56,,4398,9,,,0,20,,4399,9,,,0,16,,4400,9,,,0,58,,4401,9,,,0,16,,4402,9,,,0,19,,4403,9,,,0,15,,4404,9,,,0,168,,4405,9,,,0,105,,4406,9,,,0,105,,4407,9,,,0,105,,4408,9,,,0
5000,'KerOffPriveOff',642,,4456,9,,,0,65,,4455,9,,,0,16,,4411,9,,,0,15,,4412,9,,,0,62,,4413,9,,,0,18,,4414,9,,,0,17,,4415,9,,,0,18,,4416,9,,,0,56,,4417,9,,,0,15,,4418,9,,,0,20,,4419,9,,,0,15,,4420,9,,,0,59,,4421,9,,,0,15,,4422,9,,,0,20,,4423,9,,,0,55,,4424,9,,,0,20,,4425,9,,,0,15,,4426,9,,,0,60,,4427,9,,,0,15,,4428,9,,,0,20,,4429,9,,,0,15,,4430,9,,,0,60,,4431,9,,,0,15,,4432,9,,,0,19,,4433,9,,,0,55,,4434,9,,,0,20,,4435,9,,,0,15,,4436,9,,,0,21,,4437,9,,,0,55,,4438,9,,,0,24,,4439,9,,,0,19,,4440,9,,,0,59,,4441,9,,,0,18,,4442,9,,,0,21,,4443,9,,,0,56,,4444,9,,,0,20,,4445,9,,,0,16,,4446,9,,,0,58,,4447,9,,,0,16,,4448,9,,,0,19,,4449,9,,,0,15,,4450,9,,,0,168,,4451,9,,,0,105,,4452,9,,,0,105,,4453,9,,,0,105,,4454,9,,,0
5000,'Samedi',716,,4464,9,,,0,107,,4463,9,,,0,103,,4462,9,,,0,105,,4461,9,,,0,105,,4469,9,,,0,105,,4468,9,,,0,105,,4467,9,,,0,105,,4466,9,,,0,107,,4465,9,,,0,144,,4472,9,,,0,105,,4470,9,,,0,105,,4471,9,,,0,105,,4457,9,,,0,105,,4458,9,,,0,105,,4459,9,,,0,105,,4460,9,,,0
6001,'CsRoyOff',611,,4678,10,,,0,34,,4652,34,,,0,73,,4663,34,,,0,82,,4653,34,,,0,34,,4664,34,,,0,72,,4654,34,,,0,36,,4665,34,,,0,74,,4655,34,,,0,35,,4666,34,,,0,75,,4656,34,,,0,75,,4667,34,,,0,35,,4657,34,,,0,73,,4668,34,,,0,35,,4658,34,,,0,67,,4669,34,,,0,40,,4679,34,,,0,71,,4659,34,,,0,84,,4670,34,,,0,30,,4660,34,,,0,78,,4671,34,,,0,36,,4661,34,,,0,75,,4672,34,,,0,29,,4662,34,,,0,153,,4675,34,,,0,105,,4677,34,,,0,105,,4676,34,,,0,105,,4674,34,,,0,103,,4673,34,,,0
6001,'CsRoyOffKerOff',611,,4706,10,,,0,34,,4680,34,,,0,73,,4691,34,,,0,82,,4681,34,,,0,34,,4692,34,,,0,72,,4682,34,,,0,36,,4693,34,,,0,74,,4683,34,,,0,35,,4694,34,,,0,75,,4684,34,,,0,75,,4695,34,,,0,35,,4685,34,,,0,73,,4696,34,,,0,35,,4686,34,,,0,67,,4697,34,,,0,40,,4707,34,,,0,71,,4687,34,,,0,84,,4698,34,,,0,30,,4688,34,,,0,78,,4699,34,,,0,36,,4689,34,,,0,75,,4700,34,,,0,29,,4690,34,,,0,153,,4703,34,,,0,105,,4705,34,,,0,105,,4704,34,,,0,105,,4702,34,,,0,103,,4701,34,,,0
6001,'Dimanche',932,,4708,34,,,0,104,,4710,34,,,0,106,,4711,34,,,0,105,,4713,34,,,0,107,,4714,34,,,0,103,,4715,34,,,0,145,,4716,34,,,0,104,,4717,34,,,0,106,,4712,34,,,0,105,,4709,34,,,0
6001,'EventOff',611,,4744,10,,,0,34,,4718,34,,,0,73,,4729,34,,,0,82,,4719,34,,,0,34,,4730,34,,,0,72,,4720,34,,,0,36,,4731,34,,,0,74,,4721,34,,,0,35,,4732,34,,,0,75,,4722,34,,,0,75,,4733,34,,,0,35,,4723,34,,,0,73,,4734,34,,,0,35,,4724,34,,,0,67,,4735,34,,,0,40,,4745,34,,,0,71,,4725,34,,,0,84,,4736,34,,,0,30,,4726,34,,,0,78,,4737,34,,,0,36,,4727,34,,,0,75,,4738,34,,,0,29,,4728,34,,,0,153,,4741,34,,,0,105,,4743,34,,,0,105,,4742,34,,,0,105,,4740,34,,,0,103,,4739,34,,,0
6001,'EventOn',611,,4772,10,,,0,34,,4746,34,,,0,73,,4757,34,,,0,82,,4747,34,,,0,34,,4758,34,,,0,72,,4748,34,,,0,36,,4759,34,,,0,74,,4749,34,,,0,35,,4760,34,,,0,75,,4750,34,,,0,75,,4761,34,,,0,35,,4751,34,,,0,73,,4762,34,,,0,35,,4752,34,,,0,67,,4763,34,,,0,40,,4773,34,,,0,71,,4753,34,,,0,84,,4764,34,,,0,30,,4754,34,,,0,78,,4765,34,,,0,36,,4755,34,,,0,75,,4766,34,,,0,29,,4756,34,,,0,153,,4769,34,,,0,105,,4771,34,,,0,105,,4770,34,,,0,105,,4768,34,,,0,103,,4767,34,,,0
6001,'KerOffPriveOff',611,,4803,10,,,0,34,,4777,34,,,0,73,,4788,34,,,0,82,,4778,34,,,0,34,,4789,34,,,0,72,,4779,34,,,0,36,,4790,34,,,0,74,,4780,34,,,0,35,,4791,34,,,0,75,,4781,34,,,0,75,,4792,34,,,0,35,,4782,34,,,0,73,,4793,34,,,0,35,,4783,34,,,0,67,,4794,34,,,0,40,,4804,34,,,0,71,,4784,34,,,0,84,,4795,34,,,0,30,,4785,34,,,0,78,,4796,34,,,0,36,,4786,34,,,0,75,,4797,34,,,0,29,,4787,34,,,0,153,,4800,34,,,0,105,,4802,34,,,0,105,,4801,34,,,0,105,,4799,34,,,0,103,,4798,34,,,0
6001,'Samedi',702,,4813,34,,,0,105,,4819,34,,,0,105,,4808,34,,,0,105,,4814,34,,,0,106,,4820,34,,,0,105,,4809,34,,,0,106,,4815,34,,,0,105,,4821,34,,,0,105,,4810,34,,,0,103,,4816,34,,,0,105,,4822,34,,,0,105,,4811,34,,,0,145,,4817,34,,,0,105,,4823,34,,,0,105,,4812,34,,,0,105,,4818,34,,,0,105,,4824,34,,,0
111800501,'CsRoyOff',800,,4941,28,,,0
111800501,'EventOn',800,,4944,28,,,0
