900,'CsRoyOff',653,,1654,20,0,20,0,80,,1668,20,0,20,0,75,,1655,20,0,20,0,36,,1665,20,0,20,0,75,,1656,20,0,20,0,35,,1669,20,0,20,0,75,,1657,20,0,20,0,111,,1658,20,0,20,0,110,,1659,20,0,20,0,151,,1660,20,0,20,0,35,,1666,20,0,20,0,76,,1661,20,0,20,0,39,,1667,20,0,20,0,62,,1672,8,0,5,0,2,,1671,11,,,0,13,,1662,20,0,20,0,77,,1670,20,0,20,0,36,,1663,20,0,20,0,107,,1664,20,0,20,0
900,'CsRoyOffKerOff',653,,1673,20,0,20,0,80,,1687,20,0,20,0,75,,1674,20,0,20,0,36,,1684,20,0,20,0,75,,1675,20,0,20,0,35,,1688,20,0,20,0,75,,1676,20,0,20,0,111,,1677,20,0,20,0,110,,1678,20,0,20,0,151,,1679,20,0,20,0,35,,1685,20,0,20,0,76,,1680,20,0,20,0,39,,1686,20,0,20,0,62,,1690,8,0,5,0,15,,1681,20,0,20,0,77,,1689,20,0,20,0,36,,1682,20,0,20,0,107,,1683,20,0,20,0
900,'EventOff',653,,1691,20,0,20,0,80,,1705,20,0,20,0,75,,1692,20,0,20,0,36,,1702,20,0,20,0,75,,1693,20,0,20,0,35,,1706,20,0,20,0,75,,1694,20,0,20,0,111,,1695,20,0,20,0,110,,1696,20,0,20,0,151,,1697,20,0,20,0,35,,1703,20,0,20,0,76,,1698,20,0,20,0,39,,1704,20,0,20,0,77,,1699,20,0,20,0,77,,1707,20,0,20,0,36,,1700,20,0,20,0,107,,1701,20,0,20,0
900,'EventOn',653,,1708,20,0,20,0,80,,1722,20,0,20,0,75,,1709,20,0,20,0,36,,1719,20,0,20,0,75,,1710,20,0,20,0,35,,1723,20,0,20,0,75,,1711,20,0,20,0,111,,1712,20,0,20,0,110,,1713,20,0,20,0,151,,1714,20,0,20,0,35,,1720,20,0,20,0,76,,1715,20,0,20,0,39,,1721,20,0,20,0,62,,1726,8,0,5,0,2,,1725,11,,,0,13,,1716,20,0,20,0,77,,1724,20,0,20,0,36,,1717,20,0,20,0,107,,1718,20,0,20,0
900,'KerOffPriveOff',653,,1727,20,0,20,0,80,,1741,20,0,20,0,75,,1728,20,0,20,0,36,,1738,20,0,20,0,75,,1729,20,0,20,0,35,,1742,20,0,20,0,75,,1730,20,0,20,0,111,,1731,20,0,20,0,110,,1732,20,0,20,0,151,,1733,20,0,20,0,35,,1739,20,0,20,0,76,,1734,20,0,20,0,39,,1740,20,0,20,0,77,,1735,20,0,20,0,77,,1743,20,0,20,0,36,,1736,20,0,20,0,107,,1737,20,0,20,0
8900,'CsRoyOff',1947,,4827,21,,,0,100,,4829,21,,,0,105,,4828,21,,,0,107,,4826,21,,,0,143,,4825,21,,,0
8900,'CsRoyOffKerOff',1947,,4832,21,,,0,100,,4834,21,,,0,105,,4833,21,,,0,107,,4831,21,,,0,143,,4830,21,,,0
8900,'Dimanche',906,,4836,21,,,0,105,,4838,21,,,0,107,,4839,21,,,0,105,,4840,21,,,0,105,,4842,21,,,0,105,,4841,21,,,0,105,,4843,21,,,0,105,,4844,21,,,0,105,,4835,21,,,0,104,,4837,21,,,0
8900,'EventOff',1947,,4847,21,,,0,100,,4849,21,,,0,105,,4848,21,,,0,107,,4846,21,,,0,143,,4845,21,,,0
8900,'EventOn',1947,,4852,21,,,0,100,,4854,21,,,0,105,,4853,21,,,0,107,,4851,21,,,0,143,,4850,21,,,0
8900,'KerOffPriveOff',1947,,4857,21,,,0,100,,4859,21,,,0,105,,4858,21,,,0,107,,4856,21,,,0,143,,4855,21,,,0
8900,'Samedi',639,,4876,21,,,0,103,,4860,21,,,0,105,,4868,21,,,0,107,,4861,21,,,0,105,,4869,21,,,0,145,,4862,21,,,0,105,,4870,21,,,0,104,,4863,21,,,0,104,,4871,21,,,0,106,,4864,21,,,0,106,,4872,21,,,0,104,,4865,21,,,0,105,,4873,21,,,0,105,,4866,21,,,0,104,,4874,21,,,0,105,,4867,21,,,0,105,,4875,21,,,0
