800,'CsRoyOff',622,,1330,9,,,0,35,,1341,9,,,0,81,,1331,9,,,0,75,,1342,9,,,0,35,,1332,9,,,0,74,,1343,9,,,0,35,,1333,9,,,0,75,,1344,9,,,0,76,,1334,9,,,0,35,,1345,9,,,0,75,,1335,9,,,0,35,,1346,9,,,0,75,,1336,9,,,0,75,,1347,9,,,0,35,,1337,9,,,0,80,,1348,9,,,0,39,,1338,9,,,0,77,,1349,9,,,0,75,,1339,9,,,0,33,,1350,9,,,0,75,,1340,9,,,0,35,,1351,9,,,0,105,,1356,9,,,0,145,,1355,9,,,0,105,,1352,9,,,0,105,,1353,9,,,0,105,,1354,9,,,0
800,'CsRoyOffKerOff',622,,1357,9,,,0,35,,1368,9,,,0,81,,1358,9,,,0,75,,1369,9,,,0,35,,1359,9,,,0,74,,1370,9,,,0,35,,1360,9,,,0,75,,1371,9,,,0,76,,1361,9,,,0,35,,1372,9,,,0,75,,1362,9,,,0,35,,1373,9,,,0,75,,1363,9,,,0,75,,1374,9,,,0,35,,1364,9,,,0,80,,1375,9,,,0,39,,1365,9,,,0,77,,1376,9,,,0,75,,1366,9,,,0,33,,1377,9,,,0,75,,1367,9,,,0,35,,1378,9,,,0,105,,1383,9,,,0,145,,1382,9,,,0,105,,1379,9,,,0,105,,1380,9,,,0,105,,1381,9,,,0
800,'Dimanche',923,,1386,9,,,0,105,,1387,9,,,0,105,,1389,9,,,0,105,,1390,9,,,0,105,,1391,9,,,0,105,,1392,9,,,0,105,,1393,9,,,0,105,,1388,9,,,0,145,,1384,9,,,0,105,,1385,9,,,0
800,'EventOff',622,,1394,9,,,0,35,,1405,9,,,0,81,,1395,9,,,0,75,,1406,9,,,0,35,,1396,9,,,0,74,,1407,9,,,0,35,,1397,9,,,0,75,,1408,9,,,0,76,,1398,9,,,0,35,,1409,9,,,0,75,,1399,9,,,0,35,,1410,9,,,0,75,,1400,9,,,0,75,,1411,9,,,0,35,,1401,9,,,0,80,,1412,9,,,0,39,,1402,9,,,0,77,,1413,9,,,0,75,,1403,9,,,0,33,,1414,9,,,0,75,,1404,9,,,0,35,,1415,9,,,0,105,,1420,9,,,0,145,,1419,9,,,0,105,,1416,9,,,0,105,,1417,9,,,0,105,,1418,9,,,0
800,'EventOn',622,,1421,9,,,0,35,,1432,9,,,0,81,,1422,9,,,0,75,,1433,9,,,0,35,,1423,9,,,0,74,,1434,9,,,0,35,,1424,9,,,0,75,,1435,9,,,0,76,,1425,9,,,0,35,,1436,9,,,0,75,,1426,9,,,0,35,,1437,9,,,0,75,,1427,9,,,0,75,,1438,9,,,0,35,,1428,9,,,0,80,,1439,9,,,0,39,,1429,9,,,0,77,,1440,9,,,0,75,,1430,9,,,0,33,,1441,9,,,0,75,,1431,9,,,0,35,,1442,9,,,0,105,,1447,9,,,0,145,,1446,9,,,0,105,,1443,9,,,0,105,,1444,9,,,0,105,,1445,9,,,0
800,'KerOffPriveOff',622,,1448,9,,,0,35,,1459,9,,,0,81,,1449,9,,,0,75,,1460,9,,,0,35,,1450,9,,,0,74,,1461,9,,,0,35,,1451,9,,,0,75,,1462,9,,,0,76,,1452,9,,,0,35,,1463,9,,,0,75,,1453,9,,,0,35,,1464,9,,,0,75,,1454,9,,,0,75,,1465,9,,,0,35,,1455,9,,,0,80,,1466,9,,,0,39,,1456,9,,,0,77,,1467,9,,,0,75,,1457,9,,,0,33,,1468,9,,,0,75,,1458,9,,,0,35,,1469,9,,,0,105,,1474,9,,,0,145,,1473,9,,,0,105,,1470,9,,,0,105,,1471,9,,,0,105,,1472,9,,,0
800,'Samedi',651,,1475,9,,,0,105,,1476,9,,,0,145,,1477,9,,,0,106,,1478,9,,,0,105,,1479,9,,,0,105,,1480,9,,,0,105,,1481,9,,,0,105,,1482,9,,,0,105,,1483,9,,,0,105,,1484,9,,,0,105,,1485,9,,,0,105,,1486,9,,,0,105,,1487,9,,,0,105,,1488,9,,,0,144,,1489,9,,,0,105,,1490,9,,,0,105,,1491,9,,,0
1201,'CsRoyOff',641,,2619,43,,,0,113,,2620,43,,,0,148,,2621,43,,,0,110,,2622,43,,,0,112,,2623,43,,,0,108,,2624,43,,,0,108,,2625,43,,,0,107,,2626,43,,,0,156,,2627,43,,,0,117,,2628,43,,,0,112,,2629,43,,,0,104,,2630,43,,,0,105,,2633,43,,,0,105,,2632,43,,,0,105,,2631,43,,,0,105,,2634,43,,,0
1201,'CsRoyOffKerOff',641,,2635,43,,,0,113,,2636,43,,,0,148,,2637,43,,,0,110,,2638,43,,,0,112,,2639,43,,,0,108,,2640,43,,,0,108,,2641,43,,,0,107,,2642,43,,,0,156,,2643,43,,,0,117,,2644,43,,,0,112,,2645,43,,,0,104,,2646,43,,,0,105,,2649,43,,,0,105,,2648,43,,,0,105,,2647,43,,,0,105,,2650,43,,,0
1201,'Dimanche',903,,2652,43,,,0,105,,2653,43,,,0,105,,2655,43,,,0,105,,2656,43,,,0,105,,2657,43,,,0,104,,2658,43,,,0,105,,2659,43,,,0,105,,2660,43,,,0,106,,2651,43,,,0,103,,2654,43,,,0
1201,'EventOff',641,,2661,43,,,0,113,,2662,43,,,0,148,,2663,43,,,0,110,,2664,43,,,0,112,,2665,43,,,0,108,,2666,43,,,0,108,,2667,43,,,0,107,,2668,43,,,0,156,,2669,43,,,0,117,,2670,43,,,0,112,,2671,43,,,0,104,,2672,43,,,0,105,,2675,43,,,0,105,,2674,43,,,0,105,,2673,43,,,0,105,,2676,43,,,0
1201,'EventOn',641,,2677,43,,,0,113,,2678,43,,,0,148,,2679,43,,,0,110,,2680,43,,,0,112,,2681,43,,,0,108,,2682,43,,,0,108,,2683,43,,,0,107,,2684,43,,,0,156,,2685,43,,,0,117,,2686,43,,,0,112,,2687,43,,,0,104,,2688,43,,,0,105,,2691,43,,,0,105,,2690,43,,,0,105,,2689,43,,,0,105,,2692,43,,,0
1201,'KerOffPriveOff',641,,2693,43,,,0,113,,2694,43,,,0,148,,2695,43,,,0,110,,2696,43,,,0,112,,2697,43,,,0,108,,2698,43,,,0,108,,2699,43,,,0,107,,2700,43,,,0,156,,2701,43,,,0,117,,2702,43,,,0,112,,2703,43,,,0,104,,2704,43,,,0,105,,2707,43,,,0,105,,2706,43,,,0,105,,2705,43,,,0,105,,2708,43,,,0
1201,'Samedi',633,,2709,43,,,0,104,,2710,43,,,0,105,,2711,43,,,0,106,,2712,43,,,0,105,,2713,43,,,0,104,,2714,43,,,0,146,,2715,43,,,0,105,,2716,43,,,0,105,,2717,43,,,0,105,,2718,43,,,0,104,,2719,43,,,0,105,,2720,43,,,0,105,,2721,43,,,0,105,,2722,43,,,0,105,,2723,43,,,0,105,,2724,43,,,0,105,,2725,43,,,0
