401,'CsRoyOff',626,,496,22,,,0,79,,509,22,,,0,31,,519,22,0,7 8,0,4,,493,22,,,0,76,,504,22,,,0,35,,500,22,,,0,75,,512,22,,,0,74,,497,22,,,0,35,,510,22,,,0,75,,494,22,,,0,35,,505,22,,,0,75,,501,22,,,0,35,,513,22,,,0,74,,498,22,,,0,75,,506,22,,,0,36,,502,22,,,0,78,,511,22,,,0,38,,495,22,,,0,79,,508,22,,,0,77,,499,22,,,0,34,,507,22,,,0,75,,503,22,,,0,107,,515,22,,,0,105,,518,22,,,0,105,,517,22,,,0,105,,516,22,,,0,105,,514,22,,,0
401,'CsRoyOffKerOff',626,,523,22,,,0,79,,536,22,,,0,31,,546,22,0,7 8,0,4,,520,22,,,0,76,,531,22,,,0,35,,527,22,,,0,75,,539,22,,,0,74,,524,22,,,0,35,,537,22,,,0,75,,521,22,,,0,35,,532,22,,,0,75,,528,22,,,0,35,,540,22,,,0,74,,525,22,,,0,75,,533,22,,,0,36,,529,22,,,0,78,,538,22,,,0,38,,522,22,,,0,79,,535,22,,,0,77,,526,22,,,0,34,,534,22,,,0,75,,530,22,,,0,107,,542,22,,,0,105,,545,22,,,0,105,,544,22,,,0,105,,543,22,,,0,105,,541,22,,,0
401,'Dimanche',854,,549,22,,,0,104,,550,22,,,0,145,,551,22,,,0,105,,552,22,,,0,105,,553,22,,,0,105,,554,22,,,0,106,,555,22,,,0,104,,556,22,,,0,106,,548,22,,,0,105,,547,22,,,0
401,'EventOff',626,,560,22,,,0,79,,573,22,,,0,35,,557,22,,,0,76,,568,22,,,0,35,,564,22,,,0,75,,576,22,,,0,74,,561,22,,,0,35,,574,22,,,0,75,,558,22,,,0,35,,569,22,,,0,75,,565,22,,,0,35,,577,22,,,0,74,,562,22,,,0,75,,570,22,,,0,36,,566,22,,,0,78,,575,22,,,0,38,,559,22,,,0,79,,572,22,,,0,77,,563,22,,,0,34,,571,22,,,0,75,,567,22,,,0,107,,579,22,,,0,105,,582,22,,,0,105,,581,22,,,0,105,,580,22,,,0,105,,578,22,,,0
401,'EventOn',626,,586,22,,,0,79,,599,22,,,0,31,,609,22,0,7 8,0,4,,583,22,,,0,76,,594,22,,,0,35,,590,22,,,0,75,,602,22,,,0,74,,587,22,,,0,35,,600,22,,,0,75,,584,22,,,0,35,,595,22,,,0,75,,591,22,,,0,35,,603,22,,,0,74,,588,22,,,0,75,,596,22,,,0,36,,592,22,,,0,78,,601,22,,,0,38,,585,22,,,0,79,,598,22,,,0,77,,589,22,,,0,34,,597,22,,,0,75,,593,22,,,0,107,,605,22,,,0,105,,608,22,,,0,105,,607,22,,,0,105,,606,22,,,0,105,,604,22,,,0
401,'KerOffPriveOff',626,,613,22,,,0,79,,626,22,,,0,31,,636,22,0,7 8,0,4,,610,22,,,0,76,,621,22,,,0,35,,617,22,,,0,75,,629,22,,,0,74,,614,22,,,0,35,,627,22,,,0,75,,611,22,,,0,35,,622,22,,,0,75,,618,22,,,0,35,,630,22,,,0,74,,615,22,,,0,75,,623,22,,,0,36,,619,22,,,0,78,,628,22,,,0,38,,612,22,,,0,79,,625,22,,,0,77,,616,22,,,0,34,,624,22,,,0,75,,620,22,,,0,107,,632,22,,,0,105,,635,22,,,0,105,,634,22,,,0,105,,633,22,,,0,105,,631,22,,,0
401,'Samedi',625,,637,22,,,0,104,,638,22,,,0,104,,639,22,,,0,104,,640,22,,,0,104,,641,22,,,0,105,,642,22,,,0,105,,643,22,,,0,105,,644,22,,,0,145,,645,22,,,0,105,,646,22,,,0,105,,647,22,,,0,106,,648,22,,,0,105,,649,22,,,0,105,,650,22,,,0,106,,651,22,,,0,106,,652,22,,,0,105,,653,22,,,0
190300200,'CsRoyOff',737,,4950,9,,,0
190300200,'CsRoyOffKerOff',737,,4951,9,,,0
190300200,'EventOn',737,,4952,9,,,0
