900,'CsRoyOff',656,,1654,29,0,20,0,80,,1668,29,0,20,0,75,,1655,29,0,20,0,36,,1665,29,0,20,0,75,,1656,29,0,20,0,35,,1669,29,0,20,0,75,,1657,29,0,20,0,111,,1658,29,0,20,0,110,,1659,29,0,20,0,151,,1660,29,0,20,0,35,,1666,29,0,20,0,76,,1661,29,0,20,0,39,,1667,29,0,20,0,68,,1672,20,0,5,0,2,,1671,23,,,0,7,,1662,29,0,20,0,77,,1670,29,0,20,0,36,,1663,29,0,20,0,107,,1664,29,0,20,0
900,'CsRoyOffKerOff',656,,1673,29,0,20,0,80,,1687,29,0,20,0,75,,1674,29,0,20,0,36,,1684,29,0,20,0,75,,1675,29,0,20,0,35,,1688,29,0,20,0,75,,1676,29,0,20,0,111,,1677,29,0,20,0,110,,1678,29,0,20,0,151,,1679,29,0,20,0,35,,1685,29,0,20,0,76,,1680,29,0,20,0,39,,1686,29,0,20,0,68,,1690,20,0,5,0,9,,1681,29,0,20,0,77,,1689,29,0,20,0,36,,1682,29,0,20,0,107,,1683,29,0,20,0
900,'EventOff',656,,1691,29,0,20,0,80,,1705,29,0,20,0,75,,1692,29,0,20,0,36,,1702,29,0,20,0,75,,1693,29,0,20,0,35,,1706,29,0,20,0,75,,1694,29,0,20,0,111,,1695,29,0,20,0,110,,1696,29,0,20,0,151,,1697,29,0,20,0,35,,1703,29,0,20,0,76,,1698,29,0,20,0,39,,1704,29,0,20,0,77,,1699,29,0,20,0,77,,1707,29,0,20,0,36,,1700,29,0,20,0,107,,1701,29,0,20,0
900,'EventOn',656,,1708,29,0,20,0,80,,1722,29,0,20,0,75,,1709,29,0,20,0,36,,1719,29,0,20,0,75,,1710,29,0,20,0,35,,1723,29,0,20,0,75,,1711,29,0,20,0,111,,1712,29,0,20,0,110,,1713,29,0,20,0,151,,1714,29,0,20,0,35,,1720,29,0,20,0,76,,1715,29,0,20,0,39,,1721,29,0,20,0,68,,1726,20,0,5,0,2,,1725,23,,,0,7,,1716,29,0,20,0,77,,1724,29,0,20,0,36,,1717,29,0,20,0,107,,1718,29,0,20,0
900,'KerOffPriveOff',656,,1727,29,0,20,0,80,,1741,29,0,20,0,75,,1728,29,0,20,0,36,,1738,29,0,20,0,75,,1729,29,0,20,0,35,,1742,29,0,20,0,75,,1730,29,0,20,0,111,,1731,29,0,20,0,110,,1732,29,0,20,0,151,,1733,29,0,20,0,35,,1739,29,0,20,0,76,,1734,29,0,20,0,39,,1740,29,0,20,0,77,,1735,29,0,20,0,77,,1743,29,0,20,0,36,,1736,29,0,20,0,107,,1737,29,0,20,0
8900,'CsRoyOff',1950,,4827,30,,,0,100,,4829,30,,,0,105,,4828,30,,,0,147,,4826,30,,,0,103,,4825,30,,,0
8900,'CsRoyOffKerOff',1950,,4832,30,,,0,100,,4834,30,,,0,105,,4833,30,,,0,147,,4831,30,,,0,103,,4830,30,,,0
8900,'Dimanche',910,,4836,30,,,0,105,,4838,30,,,0,107,,4839,30,,,0,105,,4840,30,,,0,105,,4842,30,,,0,105,,4841,30,,,0,105,,4843,30,,,0,105,,4844,30,,,0,104,,4835,30,,,0,104,,4837,30,,,0
8900,'EventOff',1950,,4847,30,,,0,100,,4849,30,,,0,105,,4848,30,,,0,147,,4846,30,,,0,103,,4845,30,,,0
8900,'EventOn',1950,,4852,30,,,0,100,,4854,30,,,0,105,,4853,30,,,0,147,,4851,30,,,0,103,,4850,30,,,0
8900,'KerOffPriveOff',1950,,4857,30,,,0,100,,4859,30,,,0,105,,4858,30,,,0,147,,4856,30,,,0,103,,4855,30,,,0
8900,'Samedi',642,,4876,30,,,0,103,,4860,30,,,0,105,,4868,30,,,0,107,,4861,30,,,0,145,,4869,30,,,0,105,,4862,30,,,0,105,,4870,30,,,0,104,,4863,30,,,0,104,,4871,30,,,0,106,,4864,30,,,0,106,,4872,30,,,0,104,,4865,30,,,0,105,,4873,30,,,0,105,,4866,30,,,0,104,,4874,30,,,0,105,,4867,30,,,0,145,,4875,30,,,0
