1100,'CsRoyOff',618,,2185,6,,,0,35,,2169,6,,,0,80,,2181,6,,,0,75,,2165,6,,,0,36,,2176,6,,,0,74,,2173,6,,,0,35,,2186,6,,,0,75,,2170,6,,,0,75,,2182,6,,,0,35,,2166,6,,,0,75,,2177,6,,,0,35,,2174,6,,,0,75,,2183,6,,,0,35,,2167,6,,,0,75,,2180,6,,,0,80,,2171,6,,,0,38,,2178,6,,,0,77,,2175,6,,,0,75,,2184,6,,,0,35,,2168,6,,,0,75,,2179,6,,,0,35,,2172,6,,,0,105,,2190,6,,,0,105,,2191,6,,,0,145,,2189,6,,,0,105,,2188,6,,,0,105,,2187,6,,,0
1100,'CsRoyOffKerOff',618,,2213,6,,,0,35,,2197,6,,,0,80,,2209,6,,,0,75,,2193,6,,,0,36,,2204,6,,,0,74,,2201,6,,,0,35,,2214,6,,,0,75,,2198,6,,,0,75,,2210,6,,,0,35,,2194,6,,,0,75,,2205,6,,,0,35,,2202,6,,,0,75,,2211,6,,,0,35,,2195,6,,,0,75,,2208,6,,,0,80,,2199,6,,,0,38,,2206,6,,,0,77,,2203,6,,,0,75,,2212,6,,,0,35,,2196,6,,,0,75,,2207,6,,,0,35,,2200,6,,,0,105,,2218,6,,,0,105,,2219,6,,,0,145,,2217,6,,,0,105,,2216,6,,,0,105,,2215,6,,,0
1100,'Dimanche',918,,2224,6,,,0,105,,2226,6,,,0,105,,2225,6,,,0,105,,2227,6,,,0,105,,2228,6,,,0,105,,2229,6,,,0,105,,2230,6,,,0,105,,2222,6,,,0,105,,2221,6,,,0,145,,2223,6,,,0
1100,'EventOff',618,,2251,6,,,0,35,,2235,6,,,0,80,,2247,6,,,0,75,,2231,6,,,0,36,,2242,6,,,0,74,,2239,6,,,0,35,,2252,6,,,0,75,,2236,6,,,0,75,,2248,6,,,0,35,,2232,6,,,0,75,,2243,6,,,0,35,,2240,6,,,0,75,,2249,6,,,0,35,,2233,6,,,0,75,,2246,6,,,0,80,,2237,6,,,0,38,,2244,6,,,0,77,,2241,6,,,0,75,,2250,6,,,0,35,,2234,6,,,0,75,,2245,6,,,0,35,,2238,6,,,0,105,,2256,6,,,0,105,,2257,6,,,0,145,,2255,6,,,0,105,,2254,6,,,0,105,,2253,6,,,0
1100,'EventOn',618,,2278,6,,,0,35,,2262,6,,,0,80,,2274,6,,,0,75,,2258,6,,,0,9,,2286,6,0,11 12 13,0,3,,2285,6,0,11 12 13,0,24,,2269,6,,,0,74,,2266,6,,,0,35,,2279,6,,,0,75,,2263,6,,,0,75,,2275,6,,,0,35,,2259,6,,,0,75,,2270,6,,,0,35,,2267,6,,,0,75,,2276,6,,,0,35,,2260,6,,,0,75,,2273,6,,,0,80,,2264,6,,,0,38,,2271,6,,,0,77,,2268,6,,,0,75,,2277,6,,,0,35,,2261,6,,,0,75,,2272,6,,,0,35,,2265,6,,,0,105,,2283,6,,,0,105,,2284,6,,,0,145,,2282,6,,,0,105,,2281,6,,,0,105,,2280,6,,,0
1100,'KerOffPriveOff',618,,2309,6,,,0,35,,2293,6,,,0,80,,2305,6,,,0,75,,2289,6,,,0,9,,2317,6,0,11 12 13,0,3,,2316,6,0,11 12 13,0,24,,2300,6,,,0,74,,2297,6,,,0,35,,2310,6,,,0,75,,2294,6,,,0,75,,2306,6,,,0,35,,2290,6,,,0,75,,2301,6,,,0,35,,2298,6,,,0,75,,2307,6,,,0,35,,2291,6,,,0,75,,2304,6,,,0,80,,2295,6,,,0,38,,2302,6,,,0,77,,2299,6,,,0,75,,2308,6,,,0,35,,2292,6,,,0,75,,2303,6,,,0,35,,2296,6,,,0,105,,2314,6,,,0,105,,2315,6,,,0,145,,2313,6,,,0,105,,2312,6,,,0,105,,2311,6,,,0
1100,'Samedi',648,,2319,6,,,0,105,,2328,6,,,0,105,,2320,6,,,0,145,,2329,6,,,0,105,,2321,6,,,0,105,,2330,6,,,0,105,,2322,6,,,0,105,,2331,6,,,0,105,,2323,6,,,0,105,,2332,6,,,0,105,,2324,6,,,0,105,,2333,6,,,0,105,,2325,6,,,0,105,,2334,6,,,0,105,,2326,6,,,0,145,,2335,6,,,0,105,,2327,6,,,0
190300301,'CsRoyOff',1539,,4959,5,,,0
190300301,'CsRoyOffKerOff',1539,,4960,5,,,0
190300301,'EventOn',1539,,4961,5,,,0
