401,'CsRoyOff',642,,496,37,,,0,81,,509,37,,,0,35,,493,37,,,0,75,,504,37,,,0,76,,500,37,,,0,35,,512,37,,,0,74,,497,37,,,0,35,,510,37,,,0,75,,494,37,,,0,75,,505,37,,,0,35,,501,37,,,0,75,,513,37,,,0,34,,498,37,,,0,75,,506,37,,,0,36,,502,37,,,0,77,,511,37,,,0,79,,495,37,,,0,39,,508,37,,,0,76,,499,37,,,0,74,,507,37,,,0,35,,503,37,,,0,107,,515,37,,,0,105,,518,37,,,0,105,,517,37,,,0,145,,516,37,,,0,105,,514,37,,,0
401,'CsRoyOffKerOff',642,,523,37,,,0,81,,536,37,,,0,35,,520,37,,,0,75,,531,37,,,0,76,,527,37,,,0,35,,539,37,,,0,74,,524,37,,,0,35,,537,37,,,0,75,,521,37,,,0,75,,532,37,,,0,35,,528,37,,,0,75,,540,37,,,0,34,,525,37,,,0,75,,533,37,,,0,36,,529,37,,,0,77,,538,37,,,0,79,,522,37,,,0,39,,535,37,,,0,76,,526,37,,,0,74,,534,37,,,0,35,,530,37,,,0,107,,542,37,,,0,105,,545,37,,,0,105,,544,37,,,0,145,,543,37,,,0,105,,541,37,,,0
401,'Dimanche',908,,549,37,,,0,106,,550,37,,,0,105,,551,37,,,0,105,,552,37,,,0,105,,553,37,,,0,105,,554,37,,,0,106,,555,37,,,0,104,,556,37,,,0,105,,548,37,,,0,104,,547,37,,,0
401,'EventOff',642,,560,37,,,0,81,,573,37,,,0,35,,557,37,,,0,75,,568,37,,,0,76,,564,37,,,0,35,,576,37,,,0,74,,561,37,,,0,35,,574,37,,,0,75,,558,37,,,0,75,,569,37,,,0,35,,565,37,,,0,75,,577,37,,,0,34,,562,37,,,0,75,,570,37,,,0,36,,566,37,,,0,77,,575,37,,,0,79,,559,37,,,0,39,,572,37,,,0,76,,563,37,,,0,74,,571,37,,,0,35,,567,37,,,0,107,,579,37,,,0,105,,582,37,,,0,105,,581,37,,,0,145,,580,37,,,0,105,,578,37,,,0
401,'EventOn',642,,586,37,,,0,81,,599,37,,,0,35,,583,37,,,0,75,,594,37,,,0,76,,590,37,,,0,35,,602,37,,,0,74,,587,37,,,0,35,,600,37,,,0,75,,584,37,,,0,75,,595,37,,,0,35,,591,37,,,0,75,,603,37,,,0,34,,588,37,,,0,75,,596,37,,,0,36,,592,37,,,0,77,,601,37,,,0,79,,585,37,,,0,39,,598,37,,,0,76,,589,37,,,0,74,,597,37,,,0,35,,593,37,,,0,107,,605,37,,,0,105,,608,37,,,0,105,,607,37,,,0,145,,606,37,,,0,105,,604,37,,,0
401,'KerOffPriveOff',642,,613,37,,,0,81,,626,37,,,0,35,,610,37,,,0,75,,621,37,,,0,76,,617,37,,,0,35,,629,37,,,0,74,,614,37,,,0,35,,627,37,,,0,75,,611,37,,,0,75,,622,37,,,0,35,,618,37,,,0,75,,630,37,,,0,34,,615,37,,,0,75,,623,37,,,0,36,,619,37,,,0,77,,628,37,,,0,79,,612,37,,,0,39,,625,37,,,0,76,,616,37,,,0,74,,624,37,,,0,35,,620,37,,,0,107,,632,37,,,0,105,,635,37,,,0,105,,634,37,,,0,145,,633,37,,,0,105,,631,37,,,0
401,'Samedi',637,,637,37,,,0,105,,638,37,,,0,105,,639,37,,,0,105,,640,37,,,0,105,,641,37,,,0,145,,642,37,,,0,105,,643,37,,,0,105,,644,37,,,0,105,,645,37,,,0,105,,646,37,,,0,105,,647,37,,,0,105,,648,37,,,0,105,,649,37,,,0,105,,650,37,,,0,105,,651,37,,,0,105,,652,37,,,0,105,,653,37,,,0
2601,'CsRoyOff',640,,4063,7,,,0,80,,4064,7,,,0,35,,4065,7,,,0,75,,4066,7,,,0,75,,4067,7,,,0,35,,4068,7,,,0,75,,4069,7,,,0,35,,4070,7,,,0,75,,4071,7,,,0,75,,4072,7,,,0,35,,4073,7,,,0,72,,4074,7,,,0,38,,4075,7,,,0,75,,4076,7,,,0,80,,4077,7,,,0,35,,4078,7,,,0,78,,4079,7,,,0,37,,4080,7,,,0,75,,4081,7,,,0,75,,4082,7,,,0,35,,4083,7,,,0,75,,4084,7,,,0,130,,4088,7,,,0,105,,4087,7,,,0,105,,4086,7,,,0,105,,4085,7,,,0
2601,'CsRoyOffKerOff',640,,4089,7,,,0,80,,4090,7,,,0,35,,4091,7,,,0,75,,4092,7,,,0,75,,4093,7,,,0,35,,4094,7,,,0,75,,4095,7,,,0,35,,4096,7,,,0,75,,4097,7,,,0,75,,4098,7,,,0,35,,4099,7,,,0,72,,4100,7,,,0,38,,4101,7,,,0,75,,4102,7,,,0,80,,4103,7,,,0,35,,4104,7,,,0,78,,4105,7,,,0,37,,4106,7,,,0,75,,4107,7,,,0,75,,4108,7,,,0,35,,4109,7,,,0,75,,4110,7,,,0,130,,4114,7,,,0,105,,4113,7,,,0,105,,4112,7,,,0,105,,4111,7,,,0
2601,'Dimanche',1005,,4117,7,,,0,105,,4119,7,,,0,105,,4120,7,,,0,105,,4118,7,,,0,105,,4121,7,,,0,105,,4122,7,,,0,105,,4123,7,,,0,105,,4116,7,,,0,105,,4115,7,,,0
2601,'EventOff',640,,4124,7,,,0,80,,4125,7,,,0,35,,4126,7,,,0,75,,4127,7,,,0,75,,4128,7,,,0,35,,4129,7,,,0,75,,4130,7,,,0,35,,4131,7,,,0,75,,4132,7,,,0,75,,4133,7,,,0,35,,4134,7,,,0,72,,4135,7,,,0,38,,4136,7,,,0,75,,4137,7,,,0,80,,4138,7,,,0,35,,4139,7,,,0,78,,4140,7,,,0,37,,4141,7,,,0,75,,4142,7,,,0,75,,4143,7,,,0,35,,4144,7,,,0,75,,4145,7,,,0,130,,4149,7,,,0,105,,4148,7,,,0,105,,4147,7,,,0,105,,4146,7,,,0
2601,'EventOn',640,,4150,7,,,0,80,,4151,7,,,0,35,,4152,7,,,0,75,,4153,7,,,0,75,,4154,7,,,0,35,,4155,7,,,0,75,,4156,7,,,0,35,,4157,7,,,0,75,,4158,7,,,0,75,,4159,7,,,0,35,,4160,7,,,0,72,,4161,7,,,0,38,,4162,7,,,0,75,,4163,7,,,0,80,,4164,7,,,0,35,,4165,7,,,0,78,,4166,7,,,0,37,,4167,7,,,0,75,,4168,7,,,0,75,,4169,7,,,0,35,,4170,7,,,0,75,,4171,7,,,0,130,,4175,7,,,0,105,,4174,7,,,0,105,,4173,7,,,0,105,,4172,7,,,0
2601,'KerOffPriveOff',640,,4176,7,,,0,80,,4177,7,,,0,35,,4178,7,,,0,75,,4179,7,,,0,75,,4180,7,,,0,35,,4181,7,,,0,75,,4182,7,,,0,35,,4183,7,,,0,75,,4184,7,,,0,75,,4185,7,,,0,35,,4186,7,,,0,72,,4187,7,,,0,38,,4188,7,,,0,75,,4189,7,,,0,80,,4190,7,,,0,35,,4191,7,,,0,78,,4192,7,,,0,37,,4193,7,,,0,75,,4194,7,,,0,75,,4195,7,,,0,35,,4196,7,,,0,75,,4197,7,,,0,130,,4201,7,,,0,105,,4200,7,,,0,105,,4199,7,,,0,105,,4198,7,,,0
2601,'Samedi',735,,4209,7,,,0,105,,4208,7,,,0,105,,4207,7,,,0,105,,4206,7,,,0,105,,4214,7,,,0,145,,4213,7,,,0,105,,4212,7,,,0,105,,4211,7,,,0,105,,4210,7,,,0,105,,4215,7,,,0,105,,4216,7,,,0,105,,4217,7,,,0,105,,4202,7,,,0,105,,4203,7,,,0,105,,4204,7,,,0,105,,4205,7,,,0
