901,'CsRoyOff',619,,1744,24,,,0,24,,1758,24,,,0,71,,1762,30,0,5,0,6,,1745,24,,,0,3,,1763,30,0,6,0,36,,1757,24,,,0,74,,1746,24,,,0,76,,1759,24,,,0,35,,1747,24,,,0,110,,1748,24,,,0,151,,1749,24,,,0,109,,1750,24,,,0,111,,1751,24,,,0,76,,1756,24,,,0,36,,1752,24,,,0,79,,1755,24,,,0,37,,1753,24,,,0,77,,1760,24,,,0,75,,1754,24,,,0,110,,1761,24,,,0
901,'CsRoyOffKerOff',619,,1764,24,,,0,24,,1778,24,,,0,71,,1782,30,0,5,0,6,,1765,24,,,0,39,,1777,24,,,0,74,,1766,24,,,0,76,,1779,24,,,0,35,,1767,24,,,0,110,,1768,24,,,0,151,,1769,24,,,0,109,,1770,24,,,0,111,,1771,24,,,0,76,,1776,24,,,0,36,,1772,24,,,0,79,,1775,24,,,0,37,,1773,24,,,0,77,,1780,24,,,0,75,,1774,24,,,0,110,,1781,24,,,0
901,'EventOff',619,,1783,24,,,0,24,,1797,24,,,0,77,,1784,24,,,0,39,,1796,24,,,0,74,,1785,24,,,0,76,,1798,24,,,0,35,,1786,24,,,0,110,,1787,24,,,0,151,,1788,24,,,0,109,,1789,24,,,0,111,,1790,24,,,0,76,,1795,24,,,0,36,,1791,24,,,0,79,,1794,24,,,0,37,,1792,24,,,0,77,,1799,24,,,0,75,,1793,24,,,0,110,,1800,24,,,0
901,'EventOn',619,,1801,24,,,0,24,,1815,24,,,0,71,,1819,30,0,5,0,6,,1802,24,,,0,3,,1820,30,0,6,0,36,,1814,24,,,0,74,,1803,24,,,0,76,,1816,24,,,0,35,,1804,24,,,0,110,,1805,24,,,0,151,,1806,24,,,0,109,,1807,24,,,0,111,,1808,24,,,0,76,,1813,24,,,0,36,,1809,24,,,0,79,,1812,24,,,0,37,,1810,24,,,0,77,,1817,24,,,0,75,,1811,24,,,0,110,,1818,24,,,0
901,'KerOffPriveOff',619,,1821,24,,,0,24,,1835,24,,,0,77,,1822,24,,,0,39,,1834,24,,,0,74,,1823,24,,,0,76,,1836,24,,,0,35,,1824,24,,,0,110,,1825,24,,,0,151,,1826,24,,,0,109,,1827,24,,,0,111,,1828,24,,,0,76,,1833,24,,,0,36,,1829,24,,,0,79,,1832,24,,,0,37,,1830,24,,,0,77,,1837,24,,,0,75,,1831,24,,,0,110,,1838,24,,,0
8901,'CsRoyOff',2020,,4880,24,,,0,105,,4879,24,,,0,105,,4878,24,,,0,105,,4877,24,,,0
8901,'CsRoyOffKerOff',2020,,4884,24,,,0,105,,4883,24,,,0,105,,4882,24,,,0,105,,4881,24,,,0
8901,'Dimanche',838,,4886,24,,,0,105,,4888,24,,,0,106,,4890,24,,,0,105,,4891,24,,,0,105,,4892,24,,,0,145,,4893,24,,,0,105,,4894,24,,,0,105,,4895,24,,,0,105,,4885,24,,,0,104,,4889,24,,,0,101,,4887,24,,,0
8901,'EventOff',2020,,4899,24,,,0,105,,4898,24,,,0,105,,4897,24,,,0,105,,4896,24,,,0
8901,'EventOn',2020,,4903,24,,,0,105,,4902,24,,,0,105,,4901,24,,,0,105,,4900,24,,,0
8901,'KerOffPriveOff',2020,,4907,24,,,0,105,,4906,24,,,0,105,,4905,24,,,0,105,,4904,24,,,0
8901,'Samedi',714,,4916,24,,,0,105,,4908,24,,,0,106,,4917,24,,,0,105,,4909,24,,,0,105,,4918,24,,,0,105,,4910,24,,,0,104,,4919,24,,,0,105,,4911,24,,,0,105,,4920,24,,,0,146,,4912,24,,,0,104,,4921,24,,,0,105,,4913,24,,,0,105,,4922,24,,,0,105,,4914,24,,,0,105,,4923,24,,,0,105,,4915,24,,,0
