901,'CsRoyOff',620,,1744,26,,,0,24,,1758,26,,,0,76,,1762,35,0,5,0,1,,1745,26,,,0,8,,1763,35,0,6,0,71,,1757,26,,,0,34,,1746,26,,,0,76,,1759,26,,,0,35,,1747,26,,,0,110,,1748,26,,,0,151,,1749,26,,,0,109,,1750,26,,,0,111,,1751,26,,,0,76,,1756,26,,,0,36,,1752,26,,,0,79,,1755,26,,,0,37,,1753,26,,,0,77,,1760,26,,,0,75,,1754,26,,,0,110,,1761,26,,,0
901,'CsRoyOffKerOff',620,,1764,26,,,0,24,,1778,26,,,0,76,,1782,35,0,5,0,1,,1765,26,,,0,79,,1777,26,,,0,34,,1766,26,,,0,76,,1779,26,,,0,35,,1767,26,,,0,110,,1768,26,,,0,151,,1769,26,,,0,109,,1770,26,,,0,111,,1771,26,,,0,76,,1776,26,,,0,36,,1772,26,,,0,79,,1775,26,,,0,37,,1773,26,,,0,77,,1780,26,,,0,75,,1774,26,,,0,110,,1781,26,,,0
901,'EventOff',620,,1783,26,,,0,24,,1797,26,,,0,77,,1784,26,,,0,79,,1796,26,,,0,34,,1785,26,,,0,76,,1798,26,,,0,35,,1786,26,,,0,110,,1787,26,,,0,151,,1788,26,,,0,109,,1789,26,,,0,111,,1790,26,,,0,76,,1795,26,,,0,36,,1791,26,,,0,79,,1794,26,,,0,37,,1792,26,,,0,77,,1799,26,,,0,75,,1793,26,,,0,110,,1800,26,,,0
901,'EventOn',620,,1801,26,,,0,24,,1815,26,,,0,76,,1819,35,0,5,0,1,,1802,26,,,0,8,,1820,35,0,6,0,71,,1814,26,,,0,34,,1803,26,,,0,76,,1816,26,,,0,35,,1804,26,,,0,110,,1805,26,,,0,151,,1806,26,,,0,109,,1807,26,,,0,111,,1808,26,,,0,76,,1813,26,,,0,36,,1809,26,,,0,79,,1812,26,,,0,37,,1810,26,,,0,77,,1817,26,,,0,75,,1811,26,,,0,110,,1818,26,,,0
901,'KerOffPriveOff',620,,1821,26,,,0,24,,1835,26,,,0,77,,1822,26,,,0,79,,1834,26,,,0,34,,1823,26,,,0,76,,1836,26,,,0,35,,1824,26,,,0,110,,1825,26,,,0,151,,1826,26,,,0,109,,1827,26,,,0,111,,1828,26,,,0,76,,1833,26,,,0,36,,1829,26,,,0,79,,1832,26,,,0,37,,1830,26,,,0,77,,1837,26,,,0,75,,1831,26,,,0,110,,1838,26,,,0
8901,'CsRoyOff',2021,,4880,26,,,0,105,,4879,26,,,0,105,,4878,26,,,0,105,,4877,26,,,0
8901,'CsRoyOffKerOff',2021,,4884,26,,,0,105,,4883,26,,,0,105,,4882,26,,,0,105,,4881,26,,,0
8901,'Dimanche',839,,4886,26,,,0,105,,4888,26,,,0,106,,4890,26,,,0,105,,4891,26,,,0,145,,4892,26,,,0,105,,4893,26,,,0,105,,4894,26,,,0,105,,4895,26,,,0,105,,4885,26,,,0,104,,4889,26,,,0,101,,4887,26,,,0
8901,'EventOff',2021,,4899,26,,,0,105,,4898,26,,,0,105,,4897,26,,,0,105,,4896,26,,,0
8901,'EventOn',2021,,4903,26,,,0,105,,4902,26,,,0,105,,4901,26,,,0,105,,4900,26,,,0
8901,'KerOffPriveOff',2021,,4907,26,,,0,105,,4906,26,,,0,105,,4905,26,,,0,105,,4904,26,,,0
8901,'Samedi',715,,4916,26,,,0,105,,4908,26,,,0,106,,4917,26,,,0,105,,4909,26,,,0,105,,4918,26,,,0,105,,4910,26,,,0,104,,4919,26,,,0,105,,4911,26,,,0,105,,4920,26,,,0,146,,4912,26,,,0,104,,4921,26,,,0,105,,4913,26,,,0,105,,4922,26,,,0,105,,4914,26,,,0,105,,4923,26,,,0,105,,4915,26,,,0
