6001,'CsRoyOff',628,,4652,14,,,0,72,,4663,14,,,0,39,,4653,14,,,0,76,,4664,14,,,0,34,,4654,14,,,0,76,,4665,14,,,0,34,,4655,14,,,0,75,,4666,14,,,0,75,,4656,14,,,0,35,,4667,14,,,0,75,,4657,14,,,0,34,,4668,14,,,0,75,,4658,14,,,0,27,,4669,14,,,0,80,,4679,14,,,0,71,,4659,14,,,0,44,,4670,14,,,0,71,,4660,14,,,0,38,,4671,14,,,0,76,,4661,14,,,0,75,,4672,14,,,0,29,,4662,14,,,0,111,,4675,14,,,0,105,,4677,14,,,0,145,,4676,14,,,0,105,,4674,14,,,0,105,,4673,14,,,0
6001,'CsRoyOffKerOff',628,,4680,14,,,0,72,,4691,14,,,0,39,,4681,14,,,0,76,,4692,14,,,0,34,,4682,14,,,0,76,,4693,14,,,0,34,,4683,14,,,0,75,,4694,14,,,0,75,,4684,14,,,0,35,,4695,14,,,0,75,,4685,14,,,0,34,,4696,14,,,0,75,,4686,14,,,0,27,,4697,14,,,0,80,,4707,14,,,0,71,,4687,14,,,0,44,,4698,14,,,0,71,,4688,14,,,0,38,,4699,14,,,0,76,,4689,14,,,0,75,,4700,14,,,0,29,,4690,14,,,0,111,,4703,14,,,0,105,,4705,14,,,0,145,,4704,14,,,0,105,,4702,14,,,0,105,,4701,14,,,0
6001,'Dimanche',916,,4708,14,,,0,105,,4710,14,,,0,105,,4711,14,,,0,105,,4713,14,,,0,105,,4714,14,,,0,105,,4715,14,,,0,105,,4716,14,,,0,105,,4717,14,,,0,105,,4712,14,,,0,145,,4709,14,,,0
6001,'EventOff',628,,4718,14,,,0,72,,4729,14,,,0,39,,4719,14,,,0,76,,4730,14,,,0,34,,4720,14,,,0,76,,4731,14,,,0,34,,4721,14,,,0,75,,4732,14,,,0,75,,4722,14,,,0,35,,4733,14,,,0,75,,4723,14,,,0,34,,4734,14,,,0,75,,4724,14,,,0,27,,4735,14,,,0,80,,4745,14,,,0,71,,4725,14,,,0,44,,4736,14,,,0,71,,4726,14,,,0,38,,4737,14,,,0,76,,4727,14,,,0,75,,4738,14,,,0,29,,4728,14,,,0,111,,4741,14,,,0,105,,4743,14,,,0,145,,4742,14,,,0,105,,4740,14,,,0,105,,4739,14,,,0
6001,'EventOn',628,,4746,14,,,0,72,,4757,14,,,0,39,,4747,14,,,0,76,,4758,14,,,0,34,,4748,14,,,0,76,,4759,14,,,0,34,,4749,14,,,0,75,,4760,14,,,0,75,,4750,14,,,0,35,,4761,14,,,0,75,,4751,14,,,0,34,,4762,14,,,0,75,,4752,14,,,0,27,,4763,14,,,0,80,,4773,14,,,0,71,,4753,14,,,0,44,,4764,14,,,0,1,,4776,14,0,14 15,0,70,,4754,14,,,0,38,,4765,14,,,0,76,,4755,14,,,0,75,,4766,14,,,0,29,,4756,14,,,0,111,,4769,14,,,0,105,,4771,14,,,0,145,,4770,14,,,0,105,,4768,14,,,0,105,,4767,14,,,0
6001,'KerOffPriveOff',628,,4777,14,,,0,72,,4788,14,,,0,39,,4778,14,,,0,76,,4789,14,,,0,34,,4779,14,,,0,76,,4790,14,,,0,34,,4780,14,,,0,75,,4791,14,,,0,75,,4781,14,,,0,35,,4792,14,,,0,75,,4782,14,,,0,34,,4793,14,,,0,75,,4783,14,,,0,27,,4794,14,,,0,80,,4804,14,,,0,71,,4784,14,,,0,44,,4795,14,,,0,1,,4807,14,0,14 15,0,70,,4785,14,,,0,38,,4796,14,,,0,76,,4786,14,,,0,75,,4797,14,,,0,29,,4787,14,,,0,111,,4800,14,,,0,105,,4802,14,,,0,145,,4801,14,,,0,105,,4799,14,,,0,105,,4798,14,,,0
6001,'Samedi',646,,4813,14,,,0,105,,4819,14,,,0,105,,4808,14,,,0,145,,4814,14,,,0,105,,4820,14,,,0,105,,4809,14,,,0,106,,4815,14,,,0,105,,4821,14,,,0,105,,4810,14,,,0,104,,4816,14,,,0,105,,4822,14,,,0,105,,4811,14,,,0,105,,4817,14,,,0,105,,4823,14,,,0,105,,4812,14,,,0,145,,4818,14,,,0,105,,4824,14,,,0
111800501,'CsRoyOff',741,,4941,10,,,0,880,,4942,10,0,14 15,0
111800501,'CsRoyOffKerOff',1621,,4943,10,0,14 15,0
111800501,'EventOn',741,,4944,10,,,0,880,,4945,10,0,14 15,0
19200300001,'CsRoyOff',741,,5015,11,0,11 18,0
19200300001,'CsRoyOffKerOff',741,,5016,11,0,11 18,0
19200300001,'EventOn',741,,5017,11,0,11 18,0
