1301,'CsRoyOff',634,,2899,34,,,0,80,,2905,34,,,0,34,,2894,34,,,0,80,,2910,34,,,0,73,,2900,34,,,0,34,,2906,34,,,0,74,,2895,34,,,0,35,,2911,34,,,0,78,,2901,34,,,0,34,,2907,34,,,0,75,,2896,34,,,0,75,,2912,34,,,0,34,,2902,34,,,0,75,,2908,34,,,0,38,,2897,34,,,0,80,,2913,34,,,0,77,,2903,34,,,0,37,,2909,34,,,0,77,,2898,34,,,0,35,,2914,34,,,0,74,,2904,34,,,0,106,,2915,34,,,0,104,,2919,34,,,0,105,,2918,34,,,0,105,,2917,34,,,0,105,,2916,34,,,0
1301,'CsRoyOffKerOff',634,,2926,34,,,0,80,,2932,34,,,0,34,,2921,34,,,0,80,,2937,34,,,0,73,,2927,34,,,0,34,,2933,34,,,0,74,,2922,34,,,0,35,,2938,34,,,0,78,,2928,34,,,0,34,,2934,34,,,0,75,,2923,34,,,0,75,,2939,34,,,0,34,,2929,34,,,0,75,,2935,34,,,0,38,,2924,34,,,0,80,,2940,34,,,0,77,,2930,34,,,0,37,,2936,34,,,0,77,,2925,34,,,0,35,,2941,34,,,0,74,,2931,34,,,0,106,,2942,34,,,0,104,,2946,34,,,0,105,,2945,34,,,0,105,,2944,34,,,0,105,,2943,34,,,0
1301,'Dimanche',901,,2948,34,,,0,105,,2949,34,,,0,106,,2950,34,,,0,106,,2953,34,,,0,105,,2952,34,,,0,105,,2954,34,,,0,104,,2955,34,,,0,105,,2956,34,,,0,105,,2951,34,,,0,105,,2947,34,,,0
1301,'EventOff',634,,2962,34,,,0,80,,2968,34,,,0,34,,2957,34,,,0,80,,2973,34,,,0,73,,2963,34,,,0,34,,2969,34,,,0,74,,2958,34,,,0,35,,2974,34,,,0,78,,2964,34,,,0,34,,2970,34,,,0,75,,2959,34,,,0,75,,2975,34,,,0,34,,2965,34,,,0,75,,2971,34,,,0,38,,2960,34,,,0,80,,2976,34,,,0,77,,2966,34,,,0,37,,2972,34,,,0,77,,2961,34,,,0,35,,2977,34,,,0,74,,2967,34,,,0,106,,2978,34,,,0,104,,2982,34,,,0,105,,2981,34,,,0,105,,2980,34,,,0,105,,2979,34,,,0
1301,'EventOn',634,,2988,34,,,0,80,,2994,34,,,0,34,,2983,34,,,0,57,,3010,2,,,0,23,,2999,34,,,0,73,,2989,34,,,0,34,,2995,34,,,0,74,,2984,34,,,0,35,,3000,34,,,0,78,,2990,34,,,0,34,,2996,34,,,0,75,,2985,34,,,0,75,,3001,34,,,0,34,,2991,34,,,0,75,,2997,34,,,0,38,,2986,34,,,0,80,,3002,34,,,0,77,,2992,34,,,0,37,,2998,34,,,0,77,,2987,34,,,0,35,,3003,34,,,0,74,,2993,34,,,0,106,,3004,34,,,0,104,,3008,34,,,0,105,,3007,34,,,0,105,,3006,34,,,0,105,,3005,34,,,0
1301,'KerOffPriveOff',634,,3017,34,,,0,80,,3023,34,,,0,34,,3012,34,,,0,57,,3039,2,,,0,23,,3028,34,,,0,73,,3018,34,,,0,34,,3024,34,,,0,74,,3013,34,,,0,35,,3029,34,,,0,78,,3019,34,,,0,34,,3025,34,,,0,75,,3014,34,,,0,75,,3030,34,,,0,34,,3020,34,,,0,75,,3026,34,,,0,38,,3015,34,,,0,80,,3031,34,,,0,77,,3021,34,,,0,37,,3027,34,,,0,77,,3016,34,,,0,35,,3032,34,,,0,74,,3022,34,,,0,106,,3033,34,,,0,104,,3037,34,,,0,105,,3036,34,,,0,105,,3035,34,,,0,105,,3034,34,,,0
1301,'Samedi',633,,3040,34,,,0,103,,3049,34,,,0,105,,3041,34,,,0,106,,3050,34,,,0,107,,3042,34,,,0,105,,3051,34,,,0,145,,3043,34,,,0,105,,3052,34,,,0,105,,3044,34,,,0,105,,3053,34,,,0,105,,3045,34,,,0,104,,3054,34,,,0,104,,3046,34,,,0,105,,3055,34,,,0,104,,3047,34,,,0,105,,3056,34,,,0,105,,3048,34,,,0
2601,'CsRoyOff',636,,4063,3,,,0,80,,4064,3,,,0,35,,4065,3,,,0,75,,4066,3,,,0,75,,4067,3,,,0,35,,4068,3,,,0,75,,4069,3,,,0,35,,4070,3,,,0,75,,4071,3,,,0,35,,4072,3,,,0,75,,4073,3,,,0,72,,4074,3,,,0,38,,4075,3,,,0,75,,4076,3,,,0,40,,4077,3,,,0,75,,4078,3,,,0,78,,4079,3,,,0,37,,4080,3,,,0,75,,4081,3,,,0,35,,4082,3,,,0,75,,4083,3,,,0,75,,4084,3,,,0,130,,4088,3,,,0,105,,4087,3,,,0,105,,4086,3,,,0,105,,4085,3,,,0
2601,'CsRoyOffKerOff',636,,4089,3,,,0,80,,4090,3,,,0,35,,4091,3,,,0,75,,4092,3,,,0,75,,4093,3,,,0,35,,4094,3,,,0,75,,4095,3,,,0,35,,4096,3,,,0,75,,4097,3,,,0,35,,4098,3,,,0,75,,4099,3,,,0,72,,4100,3,,,0,38,,4101,3,,,0,75,,4102,3,,,0,40,,4103,3,,,0,75,,4104,3,,,0,78,,4105,3,,,0,37,,4106,3,,,0,75,,4107,3,,,0,35,,4108,3,,,0,75,,4109,3,,,0,75,,4110,3,,,0,130,,4114,3,,,0,105,,4113,3,,,0,105,,4112,3,,,0,105,,4111,3,,,0
2601,'Dimanche',1001,,4117,3,,,0,105,,4119,3,,,0,105,,4120,3,,,0,105,,4118,3,,,0,105,,4121,3,,,0,105,,4122,3,,,0,105,,4123,3,,,0,105,,4116,3,,,0,105,,4115,3,,,0
2601,'EventOff',636,,4124,3,,,0,80,,4125,3,,,0,35,,4126,3,,,0,75,,4127,3,,,0,75,,4128,3,,,0,35,,4129,3,,,0,75,,4130,3,,,0,35,,4131,3,,,0,75,,4132,3,,,0,35,,4133,3,,,0,75,,4134,3,,,0,72,,4135,3,,,0,38,,4136,3,,,0,75,,4137,3,,,0,40,,4138,3,,,0,75,,4139,3,,,0,78,,4140,3,,,0,37,,4141,3,,,0,75,,4142,3,,,0,35,,4143,3,,,0,75,,4144,3,,,0,75,,4145,3,,,0,130,,4149,3,,,0,105,,4148,3,,,0,105,,4147,3,,,0,105,,4146,3,,,0
2601,'EventOn',636,,4150,3,,,0,80,,4151,3,,,0,35,,4152,3,,,0,75,,4153,3,,,0,75,,4154,3,,,0,35,,4155,3,,,0,75,,4156,3,,,0,35,,4157,3,,,0,75,,4158,3,,,0,35,,4159,3,,,0,75,,4160,3,,,0,72,,4161,3,,,0,38,,4162,3,,,0,75,,4163,3,,,0,40,,4164,3,,,0,75,,4165,3,,,0,78,,4166,3,,,0,37,,4167,3,,,0,75,,4168,3,,,0,35,,4169,3,,,0,75,,4170,3,,,0,75,,4171,3,,,0,130,,4175,3,,,0,105,,4174,3,,,0,105,,4173,3,,,0,105,,4172,3,,,0
2601,'KerOffPriveOff',636,,4176,3,,,0,80,,4177,3,,,0,35,,4178,3,,,0,75,,4179,3,,,0,75,,4180,3,,,0,35,,4181,3,,,0,75,,4182,3,,,0,35,,4183,3,,,0,75,,4184,3,,,0,35,,4185,3,,,0,75,,4186,3,,,0,72,,4187,3,,,0,38,,4188,3,,,0,75,,4189,3,,,0,40,,4190,3,,,0,75,,4191,3,,,0,78,,4192,3,,,0,37,,4193,3,,,0,75,,4194,3,,,0,35,,4195,3,,,0,75,,4196,3,,,0,75,,4197,3,,,0,130,,4201,3,,,0,105,,4200,3,,,0,105,,4199,3,,,0,105,,4198,3,,,0
2601,'Samedi',731,,4209,3,,,0,105,,4208,3,,,0,105,,4207,3,,,0,105,,4206,3,,,0,105,,4214,3,,,0,105,,4213,3,,,0,145,,4212,3,,,0,105,,4211,3,,,0,105,,4210,3,,,0,105,,4215,3,,,0,105,,4216,3,,,0,105,,4217,3,,,0,105,,4202,3,,,0,105,,4203,3,,,0,105,,4204,3,,,0,105,,4205,3,,,0
