1000,'CsRoyOff',626,,1850,11,,,0,76,,1857,11,,,0,39,,1855,11,,,0,77,,1845,11,,,0,34,,1839,11,,,0,76,,1851,11,,,0,73,,1858,11,,,0,37,,1849,11,,,0,73,,1846,11,,,0,37,,1840,11,,,0,73,,1852,11,,,0,37,,1859,11,,,0,73,,1843,11,,,0,76,,1847,11,,,0,35,,1841,11,,,0,82,,1853,11,,,0,80,,1860,11,,,0,39,,1856,11,,,0,73,,1848,11,,,0,33,,1842,11,,,0,74,,1854,11,,,0,35,,1861,11,,,0,145,,1866,11,,,0,105,,1865,11,,,0,105,,1862,11,,,0,105,,1863,11,,,0,105,,1864,11,,,0
1000,'CsRoyOffKerOff',626,,1878,11,,,0,76,,1885,11,,,0,39,,1883,11,,,0,77,,1873,11,,,0,34,,1867,11,,,0,76,,1879,11,,,0,73,,1886,11,,,0,37,,1877,11,,,0,73,,1874,11,,,0,37,,1868,11,,,0,73,,1880,11,,,0,37,,1887,11,,,0,73,,1871,11,,,0,76,,1875,11,,,0,35,,1869,11,,,0,82,,1881,11,,,0,80,,1888,11,,,0,39,,1884,11,,,0,73,,1876,11,,,0,33,,1870,11,,,0,74,,1882,11,,,0,35,,1889,11,,,0,145,,1894,11,,,0,105,,1893,11,,,0,105,,1890,11,,,0,105,,1891,11,,,0,105,,1892,11,,,0
1000,'Dimanche',928,,1896,11,,,0,104,,1898,11,,,0,106,,1899,11,,,0,104,,1901,11,,,0,105,,1902,11,,,0,105,,1903,11,,,0,106,,1904,11,,,0,145,,1900,11,,,0,105,,1897,11,,,0,105,,1895,11,,,0
1000,'EventOff',626,,1917,11,,,0,76,,1924,11,,,0,39,,1922,11,,,0,77,,1912,11,,,0,34,,1906,11,,,0,76,,1918,11,,,0,73,,1925,11,,,0,37,,1916,11,,,0,73,,1913,11,,,0,37,,1907,11,,,0,73,,1919,11,,,0,37,,1926,11,,,0,73,,1910,11,,,0,76,,1914,11,,,0,35,,1908,11,,,0,82,,1920,11,,,0,80,,1927,11,,,0,39,,1923,11,,,0,73,,1915,11,,,0,33,,1909,11,,,0,74,,1921,11,,,0,35,,1928,11,,,0,145,,1933,11,,,0,105,,1932,11,,,0,105,,1929,11,,,0,105,,1930,11,,,0,105,,1931,11,,,0
1000,'EventOn',626,,1945,11,,,0,76,,1952,11,,,0,39,,1950,11,,,0,77,,1940,11,,,0,34,,1934,11,,,0,76,,1946,11,,,0,73,,1953,11,,,0,37,,1944,11,,,0,73,,1941,11,,,0,37,,1935,11,,,0,73,,1947,11,,,0,37,,1954,11,,,0,73,,1938,11,,,0,76,,1942,11,,,0,35,,1936,11,,,0,82,,1948,11,,,0,80,,1955,11,,,0,39,,1951,11,,,0,73,,1943,11,,,0,33,,1937,11,,,0,74,,1949,11,,,0,35,,1956,11,,,0,145,,1961,11,,,0,105,,1960,11,,,0,105,,1957,11,,,0,105,,1958,11,,,0,105,,1959,11,,,0
1000,'KerOffPriveOff',626,,1973,11,,,0,76,,1980,11,,,0,39,,1978,11,,,0,77,,1968,11,,,0,34,,1962,11,,,0,76,,1974,11,,,0,73,,1981,11,,,0,37,,1972,11,,,0,73,,1969,11,,,0,37,,1963,11,,,0,73,,1975,11,,,0,37,,1982,11,,,0,73,,1966,11,,,0,76,,1970,11,,,0,35,,1964,11,,,0,82,,1976,11,,,0,80,,1983,11,,,0,39,,1979,11,,,0,73,,1971,11,,,0,33,,1965,11,,,0,74,,1977,11,,,0,35,,1984,11,,,0,145,,1989,11,,,0,105,,1988,11,,,0,105,,1985,11,,,0,105,,1986,11,,,0,105,,1987,11,,,0
1000,'Samedi',658,,1990,11,,,0,145,,1991,11,,,0,105,,1992,11,,,0,105,,1993,11,,,0,105,,1994,11,,,0,105,,1995,11,,,0,106,,1996,11,,,0,105,,1997,11,,,0,105,,1998,11,,,0,104,,1999,11,,,0,105,,2000,11,,,0,105,,2001,11,,,0,105,,2002,11,,,0,145,,2003,11,,,0,105,,2004,11,,,0,105,,2005,11,,,0,105,,2006,11,,,0
1700,'CsRoyOff',635,,3336,7,,,0,80,,3337,7,,,0,37,,3338,7,,,0,79,,3339,7,,,0,74,,3340,7,,,0,35,,3341,7,,,0,75,,3342,7,,,0,35,,3343,7,,,0,75,,3344,7,,,0,76,,3345,7,,,0,35,,3346,7,,,0,75,,3347,7,,,0,35,,3348,7,,,0,75,,3349,7,,,0,37,,3350,7,,,0,80,,3351,7,,,0,77,,3352,7,,,0,36,,3353,7,,,0,69,,3354,7,,,0,80,,3355,7,,,0,33,,3356,7,,,0
1700,'CsRoyOffKerOff',635,,3357,7,,,0,80,,3358,7,,,0,37,,3359,7,,,0,79,,3360,7,,,0,74,,3361,7,,,0,35,,3362,7,,,0,75,,3363,7,,,0,35,,3364,7,,,0,75,,3365,7,,,0,76,,3366,7,,,0,35,,3367,7,,,0,75,,3368,7,,,0,35,,3369,7,,,0,75,,3370,7,,,0,37,,3371,7,,,0,80,,3372,7,,,0,77,,3373,7,,,0,36,,3374,7,,,0,69,,3375,7,,,0,80,,3376,7,,,0,33,,3377,7,,,0
1700,'EventOff',635,,3378,7,,,0,80,,3379,7,,,0,37,,3380,7,,,0,79,,3381,7,,,0,74,,3382,7,,,0,35,,3383,7,,,0,75,,3384,7,,,0,35,,3385,7,,,0,75,,3386,7,,,0,76,,3387,7,,,0,35,,3388,7,,,0,75,,3389,7,,,0,35,,3390,7,,,0,75,,3391,7,,,0,37,,3392,7,,,0,80,,3393,7,,,0,77,,3394,7,,,0,36,,3395,7,,,0,69,,3396,7,,,0,80,,3397,7,,,0,33,,3398,7,,,0
1700,'EventOn',635,,3399,7,,,0,80,,3400,7,,,0,37,,3401,7,,,0,79,,3402,7,,,0,74,,3403,7,,,0,35,,3404,7,,,0,75,,3405,7,,,0,35,,3406,7,,,0,75,,3407,7,,,0,76,,3408,7,,,0,35,,3409,7,,,0,75,,3410,7,,,0,35,,3411,7,,,0,75,,3412,7,,,0,37,,3413,7,,,0,80,,3414,7,,,0,77,,3415,7,,,0,36,,3416,7,,,0,69,,3417,7,,,0,80,,3418,7,,,0,33,,3419,7,,,0
1700,'KerOffPriveOff',635,,3420,7,,,0,80,,3421,7,,,0,37,,3422,7,,,0,79,,3423,7,,,0,74,,3424,7,,,0,35,,3425,7,,,0,75,,3426,7,,,0,35,,3427,7,,,0,75,,3428,7,,,0,76,,3429,7,,,0,35,,3430,7,,,0,75,,3431,7,,,0,35,,3432,7,,,0,75,,3433,7,,,0,37,,3434,7,,,0,80,,3435,7,,,0,77,,3436,7,,,0,36,,3437,7,,,0,69,,3438,7,,,0,80,,3439,7,,,0,33,,3440,7,,,0
