901,'CsRoyOff',621,,1744,29,,,0,25,,1758,29,,,0,76,,1762,38,0,5,0,1,,1745,29,,,0,8,,1763,38,0,6,0,71,,1757,29,,,0,34,,1746,29,,,0,76,,1759,29,,,0,35,,1747,29,,,0,110,,1748,29,,,0,151,,1749,29,,,0,109,,1750,29,,,0,111,,1751,29,,,0,76,,1756,29,,,0,36,,1752,29,,,0,79,,1755,29,,,0,37,,1753,29,,,0,77,,1760,29,,,0,75,,1754,29,,,0,110,,1761,29,,,0
901,'CsRoyOffKerOff',621,,1764,29,,,0,25,,1778,29,,,0,76,,1782,38,0,5,0,1,,1765,29,,,0,79,,1777,29,,,0,34,,1766,29,,,0,76,,1779,29,,,0,35,,1767,29,,,0,110,,1768,29,,,0,151,,1769,29,,,0,109,,1770,29,,,0,111,,1771,29,,,0,76,,1776,29,,,0,36,,1772,29,,,0,79,,1775,29,,,0,37,,1773,29,,,0,77,,1780,29,,,0,75,,1774,29,,,0,110,,1781,29,,,0
901,'EventOff',621,,1783,29,,,0,25,,1797,29,,,0,77,,1784,29,,,0,79,,1796,29,,,0,34,,1785,29,,,0,76,,1798,29,,,0,35,,1786,29,,,0,110,,1787,29,,,0,151,,1788,29,,,0,109,,1789,29,,,0,111,,1790,29,,,0,76,,1795,29,,,0,36,,1791,29,,,0,79,,1794,29,,,0,37,,1792,29,,,0,77,,1799,29,,,0,75,,1793,29,,,0,110,,1800,29,,,0
901,'EventOn',621,,1801,29,,,0,25,,1815,29,,,0,76,,1819,38,0,5,0,1,,1802,29,,,0,8,,1820,38,0,6,0,71,,1814,29,,,0,34,,1803,29,,,0,76,,1816,29,,,0,35,,1804,29,,,0,110,,1805,29,,,0,151,,1806,29,,,0,109,,1807,29,,,0,111,,1808,29,,,0,76,,1813,29,,,0,36,,1809,29,,,0,79,,1812,29,,,0,37,,1810,29,,,0,77,,1817,29,,,0,75,,1811,29,,,0,110,,1818,29,,,0
901,'KerOffPriveOff',621,,1821,29,,,0,25,,1835,29,,,0,77,,1822,29,,,0,79,,1834,29,,,0,34,,1823,29,,,0,76,,1836,29,,,0,35,,1824,29,,,0,110,,1825,29,,,0,151,,1826,29,,,0,109,,1827,29,,,0,111,,1828,29,,,0,76,,1833,29,,,0,36,,1829,29,,,0,79,,1832,29,,,0,37,,1830,29,,,0,77,,1837,29,,,0,75,,1831,29,,,0,110,,1838,29,,,0
8901,'CsRoyOff',2022,,4880,29,,,0,105,,4879,29,,,0,105,,4878,29,,,0,105,,4877,29,,,0
8901,'CsRoyOffKerOff',2022,,4884,29,,,0,105,,4883,29,,,0,105,,4882,29,,,0,105,,4881,29,,,0
8901,'Dimanche',840,,4886,29,,,0,105,,4888,29,,,0,106,,4890,29,,,0,105,,4891,29,,,0,145,,4892,29,,,0,105,,4893,29,,,0,105,,4894,29,,,0,105,,4895,29,,,0,105,,4885,29,,,0,104,,4889,29,,,0,101,,4887,29,,,0
8901,'EventOff',2022,,4899,29,,,0,105,,4898,29,,,0,105,,4897,29,,,0,105,,4896,29,,,0
8901,'EventOn',2022,,4903,29,,,0,105,,4902,29,,,0,105,,4901,29,,,0,105,,4900,29,,,0
8901,'KerOffPriveOff',2022,,4907,29,,,0,105,,4906,29,,,0,105,,4905,29,,,0,105,,4904,29,,,0
8901,'Samedi',716,,4916,29,,,0,105,,4908,29,,,0,106,,4917,29,,,0,105,,4909,29,,,0,105,,4918,29,,,0,105,,4910,29,,,0,104,,4919,29,,,0,105,,4911,29,,,0,105,,4920,29,,,0,146,,4912,29,,,0,104,,4921,29,,,0,105,,4913,29,,,0,105,,4922,29,,,0,105,,4914,29,,,0,105,,4923,29,,,0,105,,4915,29,,,0
