400,'CsRoyOff',615,,341,3,,,0,35,,325,3,,,0,81,,337,3,,,0,75,,333,3,,,0,36,,345,3,,,0,73,,330,3,,,0,35,,342,3,,,0,75,,326,3,,,0,75,,338,3,,,0,35,,334,3,,,0,75,,346,3,,,0,35,,331,3,,,0,75,,339,3,,,0,35,,335,3,,,0,75,,343,3,,,0,81,,327,3,,,0,38,,329,3,,,0,77,,332,3,,,0,75,,340,3,,,0,34,,336,3,,,0,75,,344,3,,,0,35,,328,3,,,0,105,,351,3,,,0,105,,350,3,,,0,145,,349,3,,,0,105,,348,3,,,0,105,,347,3,,,0
400,'CsRoyOffKerOff',615,,369,3,,,0,35,,353,3,,,0,81,,365,3,,,0,75,,361,3,,,0,36,,373,3,,,0,73,,358,3,,,0,35,,370,3,,,0,75,,354,3,,,0,75,,366,3,,,0,35,,362,3,,,0,75,,374,3,,,0,35,,359,3,,,0,75,,367,3,,,0,35,,363,3,,,0,75,,371,3,,,0,81,,355,3,,,0,38,,357,3,,,0,77,,360,3,,,0,75,,368,3,,,0,34,,364,3,,,0,75,,372,3,,,0,35,,356,3,,,0,105,,379,3,,,0,105,,378,3,,,0,145,,377,3,,,0,105,,376,3,,,0,105,,375,3,,,0
400,'Dimanche',915,,384,3,,,0,105,,385,3,,,0,105,,386,3,,,0,105,,387,3,,,0,105,,388,3,,,0,105,,389,3,,,0,105,,390,3,,,0,105,,381,3,,,0,105,,383,3,,,0,145,,382,3,,,0
400,'EventOff',615,,407,3,,,0,35,,391,3,,,0,81,,403,3,,,0,75,,399,3,,,0,36,,411,3,,,0,73,,396,3,,,0,35,,408,3,,,0,75,,392,3,,,0,75,,404,3,,,0,35,,400,3,,,0,75,,412,3,,,0,35,,397,3,,,0,75,,405,3,,,0,35,,401,3,,,0,75,,409,3,,,0,81,,393,3,,,0,38,,395,3,,,0,77,,398,3,,,0,75,,406,3,,,0,34,,402,3,,,0,75,,410,3,,,0,35,,394,3,,,0,105,,417,3,,,0,105,,416,3,,,0,145,,415,3,,,0,105,,414,3,,,0,105,,413,3,,,0
400,'EventOn',615,,434,3,,,0,35,,418,3,,,0,81,,430,3,,,0,75,,426,3,,,0,36,,438,3,,,0,73,,423,3,,,0,35,,435,3,,,0,75,,419,3,,,0,75,,431,3,,,0,35,,427,3,,,0,75,,439,3,,,0,35,,424,3,,,0,75,,432,3,,,0,35,,428,3,,,0,75,,436,3,,,0,81,,420,3,,,0,38,,422,3,,,0,77,,425,3,,,0,75,,433,3,,,0,34,,429,3,,,0,75,,437,3,,,0,35,,421,3,,,0,105,,444,3,,,0,105,,443,3,,,0,145,,442,3,,,0,105,,441,3,,,0,105,,440,3,,,0
400,'KerOffPriveOff',615,,463,3,,,0,35,,447,3,,,0,81,,459,3,,,0,75,,455,3,,,0,36,,467,3,,,0,73,,452,3,,,0,35,,464,3,,,0,75,,448,3,,,0,75,,460,3,,,0,35,,456,3,,,0,75,,468,3,,,0,35,,453,3,,,0,75,,461,3,,,0,35,,457,3,,,0,75,,465,3,,,0,81,,449,3,,,0,38,,451,3,,,0,77,,454,3,,,0,75,,462,3,,,0,34,,458,3,,,0,75,,466,3,,,0,35,,450,3,,,0,105,,473,3,,,0,105,,472,3,,,0,145,,471,3,,,0,105,,470,3,,,0,105,,469,3,,,0
400,'Samedi',645,,476,3,,,0,105,,477,3,,,0,105,,478,3,,,0,145,,479,3,,,0,105,,480,3,,,0,105,,481,3,,,0,105,,482,3,,,0,105,,483,3,,,0,105,,484,3,,,0,105,,485,3,,,0,105,,486,3,,,0,105,,487,3,,,0,105,,488,3,,,0,105,,489,3,,,0,105,,490,3,,,0,145,,491,3,,,0,105,,492,3,,,0
1000,'CsRoyOff',615,,1850,3,,,0,35,,1857,3,,,0,80,,1855,3,,,0,75,,1845,3,,,0,36,,1839,3,,,0,74,,1851,3,,,0,35,,1858,3,,,0,75,,1849,3,,,0,75,,1846,3,,,0,35,,1840,3,,,0,75,,1852,3,,,0,35,,1859,3,,,0,75,,1843,3,,,0,35,,1847,3,,,0,75,,1841,3,,,0,80,,1853,3,,,0,38,,1860,3,,,0,77,,1856,3,,,0,75,,1848,3,,,0,35,,1842,3,,,0,75,,1854,3,,,0,35,,1861,3,,,0,105,,1866,3,,,0,105,,1865,3,,,0,145,,1862,3,,,0,105,,1863,3,,,0,105,,1864,3,,,0
1000,'CsRoyOffKerOff',615,,1878,3,,,0,35,,1885,3,,,0,80,,1883,3,,,0,75,,1873,3,,,0,36,,1867,3,,,0,74,,1879,3,,,0,35,,1886,3,,,0,75,,1877,3,,,0,75,,1874,3,,,0,35,,1868,3,,,0,75,,1880,3,,,0,35,,1887,3,,,0,75,,1871,3,,,0,35,,1875,3,,,0,75,,1869,3,,,0,80,,1881,3,,,0,38,,1888,3,,,0,77,,1884,3,,,0,75,,1876,3,,,0,35,,1870,3,,,0,75,,1882,3,,,0,35,,1889,3,,,0,105,,1894,3,,,0,105,,1893,3,,,0,145,,1890,3,,,0,105,,1891,3,,,0,105,,1892,3,,,0
1000,'Dimanche',915,,1896,3,,,0,105,,1898,3,,,0,105,,1899,3,,,0,105,,1901,3,,,0,105,,1902,3,,,0,105,,1903,3,,,0,105,,1904,3,,,0,105,,1900,3,,,0,105,,1897,3,,,0,145,,1895,3,,,0
1000,'EventOff',615,,1917,3,,,0,35,,1924,3,,,0,80,,1922,3,,,0,75,,1912,3,,,0,36,,1906,3,,,0,74,,1918,3,,,0,35,,1925,3,,,0,75,,1916,3,,,0,75,,1913,3,,,0,35,,1907,3,,,0,75,,1919,3,,,0,35,,1926,3,,,0,75,,1910,3,,,0,35,,1914,3,,,0,75,,1908,3,,,0,80,,1920,3,,,0,38,,1927,3,,,0,77,,1923,3,,,0,75,,1915,3,,,0,35,,1909,3,,,0,75,,1921,3,,,0,35,,1928,3,,,0,105,,1933,3,,,0,105,,1932,3,,,0,145,,1929,3,,,0,105,,1930,3,,,0,105,,1931,3,,,0
1000,'EventOn',615,,1945,3,,,0,35,,1952,3,,,0,80,,1950,3,,,0,75,,1940,3,,,0,36,,1934,3,,,0,74,,1946,3,,,0,35,,1953,3,,,0,75,,1944,3,,,0,75,,1941,3,,,0,35,,1935,3,,,0,75,,1947,3,,,0,35,,1954,3,,,0,75,,1938,3,,,0,35,,1942,3,,,0,75,,1936,3,,,0,80,,1948,3,,,0,38,,1955,3,,,0,77,,1951,3,,,0,75,,1943,3,,,0,35,,1937,3,,,0,75,,1949,3,,,0,35,,1956,3,,,0,105,,1961,3,,,0,105,,1960,3,,,0,145,,1957,3,,,0,105,,1958,3,,,0,105,,1959,3,,,0
1000,'KerOffPriveOff',615,,1973,3,,,0,35,,1980,3,,,0,80,,1978,3,,,0,75,,1968,3,,,0,36,,1962,3,,,0,74,,1974,3,,,0,35,,1981,3,,,0,75,,1972,3,,,0,75,,1969,3,,,0,35,,1963,3,,,0,75,,1975,3,,,0,35,,1982,3,,,0,75,,1966,3,,,0,35,,1970,3,,,0,75,,1964,3,,,0,80,,1976,3,,,0,38,,1983,3,,,0,77,,1979,3,,,0,75,,1971,3,,,0,35,,1965,3,,,0,75,,1977,3,,,0,35,,1984,3,,,0,105,,1989,3,,,0,105,,1988,3,,,0,145,,1985,3,,,0,105,,1986,3,,,0,105,,1987,3,,,0
1000,'Samedi',645,,1990,3,,,0,105,,1991,3,,,0,105,,1992,3,,,0,145,,1993,3,,,0,105,,1994,3,,,0,105,,1995,3,,,0,105,,1996,3,,,0,105,,1997,3,,,0,105,,1998,3,,,0,105,,1999,3,,,0,105,,2000,3,,,0,105,,2001,3,,,0,105,,2002,3,,,0,105,,2003,3,,,0,105,,2004,3,,,0,145,,2005,3,,,0,105,,2006,3,,,0
2500,'CsRoyOff',616,,3548,3,,,0,35,,3546,3,,,0,80,,3549,3,,,0,75,,3547,3,,,0,36,,3550,3,,,0,74,,3551,3,,,0,35,,3552,3,,,0,75,,3553,3,,,0,75,,3554,3,,,0,35,,3555,3,,,0,75,,3556,3,,,0,35,,3557,3,,,0,75,,3558,3,,,0,35,,3559,3,,,0,75,,3560,3,,,0,80,,3561,3,,,0,38,,3562,3,,,0,77,,3563,3,,,0,75,,3564,3,,,0,35,,3565,3,,,0,75,,3566,3,,,0,35,,3567,3,,,0,105,,3568,3,,,0,105,,3569,3,,,0,145,,3570,3,,,0,105,,3571,3,,,0,105,,3572,3,,,0
2500,'CsRoyOffKerOff',616,,3579,3,,,0,35,,3577,3,,,0,80,,3580,3,,,0,75,,3578,3,,,0,36,,3581,3,,,0,74,,3582,3,,,0,35,,3583,3,,,0,75,,3584,3,,,0,75,,3585,3,,,0,35,,3586,3,,,0,75,,3587,3,,,0,35,,3588,3,,,0,75,,3589,3,,,0,35,,3590,3,,,0,75,,3591,3,,,0,80,,3592,3,,,0,38,,3593,3,,,0,77,,3594,3,,,0,75,,3595,3,,,0,35,,3596,3,,,0,75,,3597,3,,,0,35,,3598,3,,,0,105,,3599,3,,,0,105,,3600,3,,,0,145,,3601,3,,,0,105,,3602,3,,,0,105,,3603,3,,,0
2500,'Dimanche',916,,3610,3,,,0,105,,3611,3,,,0,105,,3612,3,,,0,105,,3613,3,,,0,105,,3614,3,,,0,105,,3615,3,,,0,105,,3616,3,,,0,105,,3608,3,,,0,105,,3609,3,,,0,145,,3607,3,,,0
2500,'EventOff',616,,3620,3,,,0,35,,3618,3,,,0,80,,3621,3,,,0,75,,3619,3,,,0,36,,3622,3,,,0,74,,3623,3,,,0,35,,3624,3,,,0,75,,3625,3,,,0,75,,3626,3,,,0,35,,3627,3,,,0,75,,3628,3,,,0,35,,3629,3,,,0,75,,3630,3,,,0,35,,3631,3,,,0,75,,3632,3,,,0,80,,3633,3,,,0,38,,3634,3,,,0,77,,3635,3,,,0,75,,3636,3,,,0,35,,3637,3,,,0,75,,3638,3,,,0,35,,3639,3,,,0,105,,3640,3,,,0,105,,3641,3,,,0,145,,3642,3,,,0,105,,3643,3,,,0,105,,3644,3,,,0
2500,'EventOn',616,,3648,3,,,0,35,,3646,3,,,0,80,,3649,3,,,0,75,,3647,3,,,0,36,,3650,3,,,0,74,,3651,3,,,0,35,,3652,3,,,0,75,,3653,3,,,0,75,,3654,3,,,0,35,,3655,3,,,0,75,,3656,3,,,0,35,,3657,3,,,0,75,,3658,3,,,0,35,,3659,3,,,0,75,,3660,3,,,0,80,,3661,3,,,0,38,,3662,3,,,0,77,,3663,3,,,0,75,,3664,3,,,0,35,,3665,3,,,0,75,,3666,3,,,0,35,,3667,3,,,0,105,,3668,3,,,0,105,,3669,3,,,0,145,,3670,3,,,0,105,,3671,3,,,0,105,,3672,3,,,0
2500,'KerOffPriveOff',616,,3683,3,,,0,35,,3681,3,,,0,80,,3684,3,,,0,75,,3682,3,,,0,36,,3685,3,,,0,74,,3686,3,,,0,35,,3687,3,,,0,75,,3688,3,,,0,75,,3689,3,,,0,35,,3690,3,,,0,75,,3691,3,,,0,35,,3692,3,,,0,75,,3693,3,,,0,35,,3694,3,,,0,75,,3695,3,,,0,80,,3696,3,,,0,38,,3697,3,,,0,77,,3698,3,,,0,75,,3699,3,,,0,35,,3700,3,,,0,75,,3701,3,,,0,35,,3702,3,,,0,105,,3703,3,,,0,105,,3704,3,,,0,145,,3705,3,,,0,105,,3706,3,,,0,105,,3707,3,,,0
2500,'Samedi',646,,3713,3,,,0,105,,3719,3,,,0,105,,3726,3,,,0,145,,3714,3,,,0,105,,3720,3,,,0,105,,3727,3,,,0,105,,3715,3,,,0,105,,3721,3,,,0,105,,3728,3,,,0,105,,3716,3,,,0,105,,3722,3,,,0,105,,3729,3,,,0,105,,3717,3,,,0,105,,3723,3,,,0,105,,3730,3,,,0,145,,3718,3,,,0,105,,3724,3,,,0
2600,'CsRoyOff',615,,3899,3,,,0,35,,3900,3,,,0,81,,3901,3,,,0,75,,3902,3,,,0,35,,3903,3,,,0,74,,3904,3,,,0,35,,3905,3,,,0,75,,3906,3,,,0,75,,3907,3,,,0,35,,3908,3,,,0,75,,3909,3,,,0,35,,3910,3,,,0,75,,3911,3,,,0,35,,3912,3,,,0,75,,3913,3,,,0,80,,3914,3,,,0,39,,3915,3,,,0,77,,3916,3,,,0,74,,3917,3,,,0,35,,3918,3,,,0,75,,3919,3,,,0,35,,3920,3,,,0,105,,3921,3,,,0,105,,3922,3,,,0,145,,3923,3,,,0,105,,3924,3,,,0,105,,3925,3,,,0
2600,'CsRoyOffKerOff',615,,3926,3,,,0,35,,3927,3,,,0,81,,3928,3,,,0,75,,3929,3,,,0,35,,3930,3,,,0,74,,3931,3,,,0,35,,3932,3,,,0,75,,3933,3,,,0,75,,3934,3,,,0,35,,3935,3,,,0,75,,3936,3,,,0,35,,3937,3,,,0,75,,3938,3,,,0,35,,3939,3,,,0,75,,3940,3,,,0,80,,3941,3,,,0,39,,3942,3,,,0,77,,3943,3,,,0,74,,3944,3,,,0,35,,3945,3,,,0,75,,3946,3,,,0,35,,3947,3,,,0,105,,3948,3,,,0,105,,3949,3,,,0,145,,3950,3,,,0,105,,3951,3,,,0,105,,3952,3,,,0
2600,'Dimanche',915,,3954,3,,,0,105,,3957,3,,,0,105,,3959,3,,,0,105,,3958,3,,,0,105,,3960,3,,,0,105,,3961,3,,,0,105,,3962,3,,,0,105,,3953,3,,,0,105,,3955,3,,,0,145,,3956,3,,,0
2600,'EventOff',615,,3963,3,,,0,35,,3964,3,,,0,81,,3965,3,,,0,75,,3966,3,,,0,35,,3967,3,,,0,74,,3968,3,,,0,35,,3969,3,,,0,75,,3970,3,,,0,75,,3971,3,,,0,35,,3972,3,,,0,75,,3973,3,,,0,35,,3974,3,,,0,75,,3975,3,,,0,35,,3976,3,,,0,75,,3977,3,,,0,80,,3978,3,,,0,39,,3979,3,,,0,77,,3980,3,,,0,74,,3981,3,,,0,35,,3982,3,,,0,75,,3983,3,,,0,35,,3984,3,,,0,105,,3985,3,,,0,105,,3986,3,,,0,145,,3987,3,,,0,105,,3988,3,,,0,105,,3989,3,,,0
2600,'EventOn',615,,3990,3,,,0,35,,3991,3,,,0,81,,3992,3,,,0,75,,3993,3,,,0,35,,3994,3,,,0,74,,3995,3,,,0,35,,3996,3,,,0,75,,3997,3,,,0,75,,3998,3,,,0,35,,3999,3,,,0,75,,4000,3,,,0,35,,4001,3,,,0,75,,4002,3,,,0,35,,4003,3,,,0,75,,4004,3,,,0,80,,4005,3,,,0,39,,4006,3,,,0,77,,4007,3,,,0,74,,4008,3,,,0,35,,4009,3,,,0,75,,4010,3,,,0,35,,4011,3,,,0,105,,4012,3,,,0,105,,4013,3,,,0,145,,4014,3,,,0,105,,4015,3,,,0,105,,4016,3,,,0
2600,'KerOffPriveOff',615,,4018,3,,,0,35,,4019,3,,,0,81,,4020,3,,,0,75,,4021,3,,,0,35,,4022,3,,,0,74,,4023,3,,,0,35,,4024,3,,,0,75,,4025,3,,,0,75,,4026,3,,,0,35,,4027,3,,,0,75,,4028,3,,,0,35,,4029,3,,,0,75,,4030,3,,,0,35,,4031,3,,,0,75,,4032,3,,,0,80,,4033,3,,,0,39,,4034,3,,,0,77,,4035,3,,,0,74,,4036,3,,,0,35,,4037,3,,,0,75,,4038,3,,,0,35,,4039,3,,,0,105,,4040,3,,,0,105,,4041,3,,,0,145,,4042,3,,,0,105,,4043,3,,,0,105,,4044,3,,,0
2600,'Samedi',645,,4055,3,,,0,105,,4054,3,,,0,105,,4053,3,,,0,145,,4052,3,,,0,105,,4051,3,,,0,105,,4060,3,,,0,105,,4059,3,,,0,105,,4058,3,,,0,105,,4057,3,,,0,105,,4056,3,,,0,105,,4061,3,,,0,105,,4062,3,,,0,105,,4047,3,,,0,105,,4048,3,,,0,105,,4049,3,,,0,145,,4050,3,,,0,105,,4046,3,,,0
