1300,'CsRoyOff',631,,2737,23,,,0,75,,2726,23,,,0,44,,2743,23,,,0,74,,2732,23,,,0,34,,2738,23,,,0,74,,2727,23,,,0,75,,2744,23,,,0,35,,2733,23,,,0,76,,2739,23,,,0,35,,2728,23,,,0,75,,2745,23,,,0,74,,2734,23,,,0,35,,2740,23,,,0,75,,2729,23,,,0,35,,2746,23,,,0,80,,2735,23,,,0,78,,2741,23,,,0,37,,2730,23,,,0,75,,2747,23,,,0,34,,2736,23,,,0,75,,2742,23,,,0,75,,2731,23,,,0,105,,2752,23,,,0,104,,2751,23,,,0,105,,2750,23,,,0,105,,2749,23,,,0,105,,2748,23,,,0
1300,'CsRoyOffKerOff',631,,2764,23,,,0,75,,2753,23,,,0,44,,2770,23,,,0,74,,2759,23,,,0,34,,2765,23,,,0,74,,2754,23,,,0,75,,2771,23,,,0,35,,2760,23,,,0,76,,2766,23,,,0,35,,2755,23,,,0,75,,2772,23,,,0,74,,2761,23,,,0,35,,2767,23,,,0,75,,2756,23,,,0,35,,2773,23,,,0,80,,2762,23,,,0,78,,2768,23,,,0,37,,2757,23,,,0,75,,2774,23,,,0,34,,2763,23,,,0,75,,2769,23,,,0,75,,2758,23,,,0,105,,2779,23,,,0,104,,2778,23,,,0,105,,2777,23,,,0,105,,2776,23,,,0,105,,2775,23,,,0
1300,'Dimanche',930,,2783,23,,,0,105,,2784,23,,,0,106,,2785,23,,,0,105,,2786,23,,,0,105,,2787,23,,,0,105,,2788,23,,,0,145,,2789,23,,,0,105,,2782,23,,,0,105,,2780,23,,,0,104,,2781,23,,,0
1300,'EventOff',631,,2801,23,,,0,75,,2790,23,,,0,44,,2807,23,,,0,74,,2796,23,,,0,34,,2802,23,,,0,74,,2791,23,,,0,75,,2808,23,,,0,35,,2797,23,,,0,76,,2803,23,,,0,35,,2792,23,,,0,75,,2809,23,,,0,74,,2798,23,,,0,35,,2804,23,,,0,75,,2793,23,,,0,35,,2810,23,,,0,80,,2799,23,,,0,78,,2805,23,,,0,37,,2794,23,,,0,75,,2811,23,,,0,34,,2800,23,,,0,75,,2806,23,,,0,75,,2795,23,,,0,105,,2816,23,,,0,104,,2815,23,,,0,105,,2814,23,,,0,105,,2813,23,,,0,105,,2812,23,,,0
1300,'EventOn',631,,2828,23,,,0,75,,2817,23,,,0,44,,2834,23,,,0,74,,2823,23,,,0,34,,2829,23,,,0,74,,2818,23,,,0,75,,2835,23,,,0,35,,2824,23,,,0,76,,2830,23,,,0,35,,2819,23,,,0,75,,2836,23,,,0,74,,2825,23,,,0,35,,2831,23,,,0,75,,2820,23,,,0,35,,2837,23,,,0,80,,2826,23,,,0,78,,2832,23,,,0,12,,2846,23,,,0,25,,2821,23,,,0,75,,2838,23,,,0,34,,2827,23,,,0,75,,2833,23,,,0,75,,2822,23,,,0,105,,2843,23,,,0,104,,2842,23,,,0,105,,2841,23,,,0,105,,2840,23,,,0,105,,2839,23,,,0
1300,'KerOffPriveOff',631,,2858,23,,,0,75,,2847,23,,,0,44,,2864,23,,,0,74,,2853,23,,,0,34,,2859,23,,,0,74,,2848,23,,,0,75,,2865,23,,,0,35,,2854,23,,,0,76,,2860,23,,,0,35,,2849,23,,,0,75,,2866,23,,,0,74,,2855,23,,,0,35,,2861,23,,,0,75,,2850,23,,,0,35,,2867,23,,,0,80,,2856,23,,,0,78,,2862,23,,,0,12,,2876,23,,,0,25,,2851,23,,,0,75,,2868,23,,,0,34,,2857,23,,,0,75,,2863,23,,,0,75,,2852,23,,,0,105,,2873,23,,,0,104,,2872,23,,,0,105,,2871,23,,,0,105,,2870,23,,,0,105,,2869,23,,,0
1300,'Samedi',659,,2885,23,,,0,146,,2877,23,,,0,105,,2886,23,,,0,107,,2878,23,,,0,105,,2887,23,,,0,105,,2879,23,,,0,105,,2888,23,,,0,105,,2880,23,,,0,105,,2889,23,,,0,105,,2881,23,,,0,105,,2890,23,,,0,104,,2882,23,,,0,145,,2891,23,,,0,105,,2883,23,,,0,105,,2892,23,,,0,105,,2884,23,,,0,104,,2893,23,,,0
1400,'CsRoyOff',634,,3062,7,,,0,70,,3063,7,,,0,30,,3061,7,,,0,100,,3060,7,,,0,685,,3059,7,,,0,100,,3057,7,,,0,100,,3058,7,,,0
1400,'CsRoyOffKerOff',634,,3069,7,,,0,70,,3070,7,,,0,30,,3068,7,,,0,100,,3067,7,,,0,685,,3066,7,,,0,100,,3064,7,,,0,100,,3065,7,,,0
1400,'EventOff',634,,3076,7,,,0,70,,3077,7,,,0,30,,3075,7,,,0,100,,3074,7,,,0,685,,3073,7,,,0,100,,3071,7,,,0,100,,3072,7,,,0
1400,'EventOn',634,,3083,7,,,0,70,,3084,7,,,0,30,,3082,7,,,0,100,,3081,7,,,0,685,,3080,7,,,0,100,,3078,7,,,0,100,,3079,7,,,0
1400,'KerOffPriveOff',634,,3090,7,,,0,70,,3091,7,,,0,30,,3089,7,,,0,100,,3088,7,,,0,685,,3087,7,,,0,100,,3085,7,,,0,100,,3086,7,,,0
