501,'CsRoyOff',627,,840,12,,,0,79,,837,12,,,0,35,,827,12,,,0,77,,823,12,,,0,35,,833,12,,,0,76,,841,12,,,0,74,,831,12,,,0,35,,828,12,,,0,74,,824,12,,,0,35,,834,12,,,0,75,,842,12,,,0,35,,832,12,,,0,75,,829,12,,,0,75,,825,12,,,0,34,,835,12,,,0,76,,843,12,,,0,38,,839,12,,,0,78,,830,12,,,0,80,,826,12,,,0,35,,836,12,,,0,75,,844,12,,,0,35,,838,12,,,0,75,,849,12,,,0,97,,848,12,,,0,105,,847,12,,,0,105,,846,12,,,0,105,,845,12,,,0
501,'CsRoyOffKerOff',627,,868,12,,,0,79,,865,12,,,0,35,,855,12,,,0,77,,851,12,,,0,35,,861,12,,,0,76,,869,12,,,0,74,,859,12,,,0,35,,856,12,,,0,74,,852,12,,,0,35,,862,12,,,0,75,,870,12,,,0,35,,860,12,,,0,75,,857,12,,,0,75,,853,12,,,0,34,,863,12,,,0,76,,871,12,,,0,38,,867,12,,,0,78,,858,12,,,0,80,,854,12,,,0,35,,864,12,,,0,75,,872,12,,,0,35,,866,12,,,0,75,,877,12,,,0,97,,876,12,,,0,105,,875,12,,,0,105,,874,12,,,0,105,,873,12,,,0
501,'Dimanche',850,,882,12,,,0,105,,881,12,,,0,145,,883,12,,,0,105,,885,12,,,0,105,,884,12,,,0,106,,886,12,,,0,105,,887,12,,,0,105,,888,12,,,0,105,,879,12,,,0,105,,880,12,,,0
501,'EventOff',627,,906,12,,,0,79,,903,12,,,0,35,,893,12,,,0,77,,889,12,,,0,35,,899,12,,,0,76,,907,12,,,0,74,,897,12,,,0,35,,894,12,,,0,74,,890,12,,,0,35,,900,12,,,0,75,,908,12,,,0,35,,898,12,,,0,75,,895,12,,,0,75,,891,12,,,0,34,,901,12,,,0,76,,909,12,,,0,38,,905,12,,,0,78,,896,12,,,0,80,,892,12,,,0,35,,902,12,,,0,75,,910,12,,,0,35,,904,12,,,0,75,,915,12,,,0,97,,914,12,,,0,105,,913,12,,,0,105,,912,12,,,0,105,,911,12,,,0
501,'EventOn',627,,933,12,,,0,79,,930,12,,,0,35,,920,12,,,0,77,,916,12,,,0,35,,926,12,,,0,76,,934,12,,,0,74,,924,12,,,0,35,,921,12,,,0,74,,917,12,,,0,35,,927,12,,,0,75,,935,12,,,0,35,,925,12,,,0,75,,922,12,,,0,75,,918,12,,,0,34,,928,12,,,0,76,,936,12,,,0,38,,932,12,,,0,78,,923,12,,,0,80,,919,12,,,0,35,,929,12,,,0,75,,937,12,,,0,35,,931,12,,,0,75,,942,12,,,0,97,,941,12,,,0,105,,940,12,,,0,105,,939,12,,,0,105,,938,12,,,0
501,'KerOffPriveOff',627,,961,12,,,0,79,,958,12,,,0,35,,948,12,,,0,77,,944,12,,,0,35,,954,12,,,0,76,,962,12,,,0,74,,952,12,,,0,35,,949,12,,,0,74,,945,12,,,0,35,,955,12,,,0,75,,963,12,,,0,35,,953,12,,,0,75,,950,12,,,0,75,,946,12,,,0,34,,956,12,,,0,76,,964,12,,,0,38,,960,12,,,0,78,,951,12,,,0,80,,947,12,,,0,35,,957,12,,,0,75,,965,12,,,0,35,,959,12,,,0,75,,970,12,,,0,97,,969,12,,,0,105,,968,12,,,0,105,,967,12,,,0,105,,966,12,,,0
501,'Samedi',620,,971,12,,,0,105,,977,12,,,0,105,,983,12,,,0,105,,972,12,,,0,105,,978,12,,,0,105,,984,12,,,0,105,,973,12,,,0,106,,979,12,,,0,145,,985,12,,,0,105,,974,12,,,0,105,,980,12,,,0,105,,986,12,,,0,104,,975,12,,,0,105,,981,12,,,0,105,,987,12,,,0,105,,976,12,,,0,105,,982,12,,,0
2501,'CsRoyOff',638,,3731,35,,,0,74,,3733,35,,,0,41,,3732,35,,,0,77,,3734,35,,,0,73,,3752,35,,,0,33,,3735,35,,,0,75,,3736,35,,,0,35,,3737,35,,,0,75,,3738,35,,,0,35,,3739,35,,,0,75,,3740,35,,,0,75,,3741,35,,,0,35,,3742,35,,,0,75,,3743,35,,,0,35,,3744,35,,,0,78,,3745,35,,,0,80,,3746,35,,,0,38,,3747,35,,,0,75,,3748,35,,,0,35,,3749,35,,,0,75,,3750,35,,,0,73,,3751,35,,,0,35,,3753,35,,,0,104,,3754,35,,,0,105,,3755,35,,,0,105,,3756,35,,,0,105,,3757,35,,,0
2501,'CsRoyOffKerOff',638,,3759,35,,,0,74,,3761,35,,,0,41,,3760,35,,,0,77,,3762,35,,,0,73,,3780,35,,,0,33,,3763,35,,,0,75,,3764,35,,,0,35,,3765,35,,,0,75,,3766,35,,,0,35,,3767,35,,,0,75,,3768,35,,,0,75,,3769,35,,,0,35,,3770,35,,,0,75,,3771,35,,,0,35,,3772,35,,,0,78,,3773,35,,,0,80,,3774,35,,,0,38,,3775,35,,,0,75,,3776,35,,,0,35,,3777,35,,,0,75,,3778,35,,,0,73,,3779,35,,,0,35,,3781,35,,,0,104,,3782,35,,,0,105,,3783,35,,,0,105,,3784,35,,,0,105,,3785,35,,,0
2501,'Dimanche',904,,3788,35,,,0,105,,3789,35,,,0,105,,3790,35,,,0,105,,3791,35,,,0,105,,3792,35,,,0,105,,3793,35,,,0,105,,3794,35,,,0,105,,3795,35,,,0,105,,3787,35,,,0,105,,3786,35,,,0
2501,'EventOff',638,,3796,35,,,0,74,,3798,35,,,0,41,,3797,35,,,0,77,,3799,35,,,0,73,,3817,35,,,0,33,,3800,35,,,0,75,,3801,35,,,0,35,,3802,35,,,0,75,,3803,35,,,0,35,,3804,35,,,0,75,,3805,35,,,0,75,,3806,35,,,0,35,,3807,35,,,0,75,,3808,35,,,0,35,,3809,35,,,0,78,,3810,35,,,0,80,,3811,35,,,0,38,,3812,35,,,0,75,,3813,35,,,0,35,,3814,35,,,0,75,,3815,35,,,0,73,,3816,35,,,0,35,,3818,35,,,0,104,,3819,35,,,0,105,,3820,35,,,0,105,,3821,35,,,0,105,,3822,35,,,0
2501,'EventOn',638,,3823,35,,,0,74,,3825,35,,,0,41,,3824,35,,,0,52,,3851,35,0,10,0,25,,3826,35,,,0,73,,3844,35,,,0,33,,3827,35,,,0,75,,3828,35,,,0,35,,3829,35,,,0,75,,3830,35,,,0,35,,3831,35,,,0,75,,3832,35,,,0,75,,3833,35,,,0,35,,3834,35,,,0,75,,3835,35,,,0,35,,3836,35,,,0,78,,3837,35,,,0,80,,3838,35,,,0,38,,3839,35,,,0,75,,3840,35,,,0,35,,3841,35,,,0,75,,3842,35,,,0,73,,3843,35,,,0,35,,3845,35,,,0,104,,3846,35,,,0,105,,3847,35,,,0,105,,3848,35,,,0,105,,3849,35,,,0
2501,'KerOffPriveOff',638,,3853,35,,,0,74,,3855,35,,,0,41,,3854,35,,,0,52,,3881,35,0,10,0,25,,3856,35,,,0,73,,3874,35,,,0,33,,3857,35,,,0,75,,3858,35,,,0,35,,3859,35,,,0,75,,3860,35,,,0,35,,3861,35,,,0,75,,3862,35,,,0,75,,3863,35,,,0,35,,3864,35,,,0,75,,3865,35,,,0,35,,3866,35,,,0,78,,3867,35,,,0,80,,3868,35,,,0,38,,3869,35,,,0,75,,3870,35,,,0,35,,3871,35,,,0,75,,3872,35,,,0,73,,3873,35,,,0,35,,3875,35,,,0,104,,3876,35,,,0,105,,3877,35,,,0,105,,3878,35,,,0,105,,3879,35,,,0
2501,'Samedi',634,,3893,35,,,0,104,,3882,35,,,0,105,,3888,35,,,0,105,,3894,35,,,0,105,,3883,35,,,0,105,,3889,35,,,0,145,,3895,35,,,0,106,,3884,35,,,0,105,,3890,35,,,0,105,,3896,35,,,0,105,,3885,35,,,0,104,,3891,35,,,0,105,,3897,35,,,0,105,,3886,35,,,0,105,,3892,35,,,0,105,,3898,35,,,0,105,,3887,35,,,0
