6000,'CsRoyOff',615,,4473,9,,,0,27,,4484,28,,,0,81,,4474,28,,,0,33,,4485,28,,,0,79,,4475,28,,,0,75,,4486,28,,,0,33,,4476,28,,,0,76,,4487,28,,,0,34,,4477,28,,,0,76,,4488,28,,,0,73,,4478,28,,,0,36,,4489,28,,,0,75,,4479,28,,,0,28,,4490,28,,,0,78,,4501,28,,,0,25,,4480,28,,,0,80,,4491,28,,,0,81,,4481,28,,,0,39,,4492,28,,,0,71,,4482,28,,,0,34,,4493,28,,,0,75,,4483,28,,,0,35,,4494,28,,,0,78,,4495,28,,,0,105,,4500,28,,,0,105,,4499,28,,,0,105,,4498,28,,,0,105,,4496,28,,,0
6000,'CsRoyOffKerOff',615,,4502,9,,,0,27,,4513,28,,,0,81,,4503,28,,,0,33,,4514,28,,,0,79,,4504,28,,,0,75,,4515,28,,,0,33,,4505,28,,,0,76,,4516,28,,,0,34,,4506,28,,,0,76,,4517,28,,,0,73,,4507,28,,,0,36,,4518,28,,,0,75,,4508,28,,,0,28,,4519,28,,,0,78,,4530,28,,,0,25,,4509,28,,,0,80,,4520,28,,,0,81,,4510,28,,,0,39,,4521,28,,,0,71,,4511,28,,,0,34,,4522,28,,,0,75,,4512,28,,,0,35,,4523,28,,,0,78,,4524,28,,,0,105,,4529,28,,,0,105,,4528,28,,,0,105,,4527,28,,,0,105,,4525,28,,,0
6000,'Dimanche',904,,4531,28,,,0,105,,4532,28,,,0,104,,4534,28,,,0,105,,4536,28,,,0,105,,4537,28,,,0,105,,4538,28,,,0,105,,4539,28,,,0,105,,4540,28,,,0,106,,4535,28,,,0,103,,4533,28,,,0
6000,'EventOff',615,,4541,9,,,0,27,,4552,28,,,0,81,,4542,28,,,0,33,,4553,28,,,0,79,,4543,28,,,0,75,,4554,28,,,0,33,,4544,28,,,0,76,,4555,28,,,0,34,,4545,28,,,0,76,,4556,28,,,0,73,,4546,28,,,0,36,,4557,28,,,0,75,,4547,28,,,0,28,,4558,28,,,0,78,,4569,28,,,0,25,,4548,28,,,0,80,,4559,28,,,0,81,,4549,28,,,0,39,,4560,28,,,0,71,,4550,28,,,0,34,,4561,28,,,0,75,,4551,28,,,0,35,,4562,28,,,0,78,,4563,28,,,0,105,,4568,28,,,0,105,,4567,28,,,0,105,,4566,28,,,0,105,,4564,28,,,0
6000,'EventOn',615,,4570,9,,,0,27,,4581,28,,,0,81,,4571,28,,,0,33,,4582,28,,,0,79,,4572,28,,,0,75,,4583,28,,,0,33,,4573,28,,,0,76,,4584,28,,,0,34,,4574,28,,,0,76,,4585,28,,,0,73,,4575,28,,,0,36,,4586,28,,,0,75,,4576,28,,,0,28,,4587,28,,,0,78,,4598,28,,,0,25,,4577,28,,,0,80,,4588,28,,,0,81,,4578,28,,,0,39,,4589,28,,,0,71,,4579,28,,,0,34,,4590,28,,,0,75,,4580,28,,,0,35,,4591,28,,,0,78,,4592,28,,,0,105,,4597,28,,,0,105,,4596,28,,,0,105,,4595,28,,,0,105,,4593,28,,,0
6000,'KerOffPriveOff',615,,4602,9,,,0,27,,4613,28,,,0,81,,4603,28,,,0,33,,4614,28,,,0,79,,4604,28,,,0,75,,4615,28,,,0,33,,4605,28,,,0,76,,4616,28,,,0,34,,4606,28,,,0,76,,4617,28,,,0,73,,4607,28,,,0,36,,4618,28,,,0,75,,4608,28,,,0,28,,4619,28,,,0,78,,4630,28,,,0,25,,4609,28,,,0,80,,4620,28,,,0,81,,4610,28,,,0,39,,4621,28,,,0,71,,4611,28,,,0,34,,4622,28,,,0,75,,4612,28,,,0,35,,4623,28,,,0,78,,4624,28,,,0,105,,4629,28,,,0,105,,4628,28,,,0,105,,4627,28,,,0,105,,4625,28,,,0
6000,'Samedi',634,,4639,28,,,0,104,,4645,28,,,0,105,,4634,28,,,0,105,,4640,28,,,0,105,,4646,28,,,0,105,,4635,28,,,0,146,,4641,28,,,0,105,,4647,28,,,0,105,,4636,28,,,0,105,,4642,28,,,0,104,,4648,28,,,0,105,,4637,28,,,0,105,,4643,28,,,0,105,,4649,28,,,0,105,,4638,28,,,0,105,,4644,28,,,0,105,,4650,28,,,0
19200300000,'CsRoyOff',728,,5009,9,0,11 18,0
19200300000,'CsRoyOffKerOff',728,,5011,9,0,11 18,0
19200300000,'EventOn',728,,5013,9,0,11 18,0
