1401,'CsRoyOff',710,,3096,14,,,0,100,,3097,14,,,0,100,,3095,14,,,0,647,,3094,20,,,0,100,,3093,20,,,0,99,,3092,20,,,0
1401,'CsRoyOffKerOff',710,,3102,14,,,0,100,,3103,14,,,0,100,,3101,14,,,0,647,,3100,20,,,0,100,,3099,20,,,0,99,,3098,20,,,0
1401,'EventOff',710,,3108,14,,,0,100,,3109,14,,,0,100,,3107,14,,,0,647,,3106,20,,,0,100,,3105,20,,,0,99,,3104,20,,,0
1401,'EventOn',710,,3114,14,,,0,100,,3115,14,,,0,100,,3113,14,,,0,647,,3112,20,,,0,100,,3111,20,,,0,99,,3110,20,,,0
1401,'KerOffPriveOff',710,,3120,14,,,0,100,,3121,14,,,0,100,,3119,14,,,0,647,,3118,20,,,0,100,,3117,20,,,0,99,,3116,20,,,0
1601,'CsRoyOff',632,,3244,23,,,0,115,,3229,23,,,0,110,,3230,23,,,0,150,,3231,23,,,0,110,,3232,23,,,0,110,,3233,23,,,0,110,,3234,23,,,0,110,,3235,23,,,0,156,,3236,23,,,0,116,,3237,23,,,0,109,,3238,23,,,0,108,,3239,23,,,0,100,,3240,23,,,0,105,,3241,23,,,0,105,,3243,23,,,0,105,,3242,23,,,0
1601,'CsRoyOffKerOff',632,,3260,23,,,0,115,,3245,23,,,0,110,,3246,23,,,0,150,,3247,23,,,0,110,,3248,23,,,0,110,,3249,23,,,0,110,,3250,23,,,0,110,,3251,23,,,0,156,,3252,23,,,0,116,,3253,23,,,0,109,,3254,23,,,0,108,,3255,23,,,0,100,,3256,23,,,0,105,,3257,23,,,0,105,,3259,23,,,0,105,,3258,23,,,0
1601,'Dimanche',856,,3269,23,,,0,145,,3262,23,,,0,105,,3263,23,,,0,105,,3264,23,,,0,105,,3265,23,,,0,105,,3266,23,,,0,106,,3267,23,,,0,105,,3268,23,,,0,104,,3261,23,,,0,105,,3270,23,,,0
1601,'EventOff',632,,3286,23,,,0,115,,3271,23,,,0,110,,3272,23,,,0,150,,3273,23,,,0,110,,3274,23,,,0,110,,3275,23,,,0,110,,3276,23,,,0,110,,3277,23,,,0,156,,3278,23,,,0,116,,3279,23,,,0,109,,3280,23,,,0,108,,3281,23,,,0,100,,3282,23,,,0,105,,3283,23,,,0,105,,3285,23,,,0,105,,3284,23,,,0
1601,'EventOn',632,,3302,23,,,0,115,,3287,23,,,0,110,,3288,23,,,0,150,,3289,23,,,0,110,,3290,23,,,0,110,,3291,23,,,0,110,,3292,23,,,0,110,,3293,23,,,0,156,,3294,23,,,0,116,,3295,23,,,0,109,,3296,23,,,0,108,,3297,23,,,0,100,,3298,23,,,0,105,,3299,23,,,0,105,,3301,23,,,0,105,,3300,23,,,0
1601,'KerOffPriveOff',632,,3318,23,,,0,115,,3303,23,,,0,110,,3304,23,,,0,150,,3305,23,,,0,110,,3306,23,,,0,110,,3307,23,,,0,110,,3308,23,,,0,110,,3309,23,,,0,156,,3310,23,,,0,116,,3311,23,,,0,109,,3312,23,,,0,108,,3313,23,,,0,100,,3314,23,,,0,105,,3315,23,,,0,105,,3317,23,,,0,105,,3316,23,,,0
1601,'Samedi',626,,3334,23,,,0,105,,3335,23,,,0,105,,3327,23,,,0,105,,3319,23,,,0,105,,3320,23,,,0,105,,3321,23,,,0,105,,3322,23,,,0,144,,3323,23,,,0,105,,3324,23,,,0,105,,3325,23,,,0,106,,3326,23,,,0,105,,3328,23,,,0,105,,3329,23,,,0,105,,3330,23,,,0,105,,3331,23,,,0,105,,3332,23,,,0,105,,3333,23,,,0
111800301,'CsRoyOff',1534,,4930,4,,,0
111800301,'EventOn',1534,,4931,4,,,0
111800401,'CsRoyOff',1602,,4934,4,,,0
111800401,'EventOn',1602,,4935,4,,,0
