900,'CsRoyOff',652,,1654,19,0,20,0,80,,1668,19,0,20,0,75,,1655,19,0,20,0,36,,1665,19,0,20,0,75,,1656,19,0,20,0,35,,1669,19,0,20,0,75,,1657,19,0,20,0,111,,1658,19,0,20,0,110,,1659,19,0,20,0,151,,1660,19,0,20,0,35,,1666,19,0,20,0,76,,1661,19,0,20,0,39,,1667,19,0,20,0,62,,1672,7,0,5,0,2,,1671,10,,,0,13,,1662,19,0,20,0,77,,1670,19,0,20,0,36,,1663,19,0,20,0,107,,1664,19,0,20,0
900,'CsRoyOffKerOff',652,,1673,19,0,20,0,80,,1687,19,0,20,0,75,,1674,19,0,20,0,36,,1684,19,0,20,0,75,,1675,19,0,20,0,35,,1688,19,0,20,0,75,,1676,19,0,20,0,111,,1677,19,0,20,0,110,,1678,19,0,20,0,151,,1679,19,0,20,0,35,,1685,19,0,20,0,76,,1680,19,0,20,0,39,,1686,19,0,20,0,62,,1690,7,0,5,0,15,,1681,19,0,20,0,77,,1689,19,0,20,0,36,,1682,19,0,20,0,107,,1683,19,0,20,0
900,'EventOff',652,,1691,19,0,20,0,80,,1705,19,0,20,0,75,,1692,19,0,20,0,36,,1702,19,0,20,0,75,,1693,19,0,20,0,35,,1706,19,0,20,0,75,,1694,19,0,20,0,111,,1695,19,0,20,0,110,,1696,19,0,20,0,151,,1697,19,0,20,0,35,,1703,19,0,20,0,76,,1698,19,0,20,0,39,,1704,19,0,20,0,77,,1699,19,0,20,0,77,,1707,19,0,20,0,36,,1700,19,0,20,0,107,,1701,19,0,20,0
900,'EventOn',652,,1708,19,0,20,0,80,,1722,19,0,20,0,75,,1709,19,0,20,0,36,,1719,19,0,20,0,75,,1710,19,0,20,0,35,,1723,19,0,20,0,75,,1711,19,0,20,0,111,,1712,19,0,20,0,110,,1713,19,0,20,0,151,,1714,19,0,20,0,35,,1720,19,0,20,0,76,,1715,19,0,20,0,39,,1721,19,0,20,0,62,,1726,7,0,5,0,2,,1725,10,,,0,13,,1716,19,0,20,0,77,,1724,19,0,20,0,36,,1717,19,0,20,0,107,,1718,19,0,20,0
900,'KerOffPriveOff',652,,1727,19,0,20,0,80,,1741,19,0,20,0,75,,1728,19,0,20,0,36,,1738,19,0,20,0,75,,1729,19,0,20,0,35,,1742,19,0,20,0,75,,1730,19,0,20,0,111,,1731,19,0,20,0,110,,1732,19,0,20,0,151,,1733,19,0,20,0,35,,1739,19,0,20,0,76,,1734,19,0,20,0,39,,1740,19,0,20,0,77,,1735,19,0,20,0,77,,1743,19,0,20,0,36,,1736,19,0,20,0,107,,1737,19,0,20,0
8900,'CsRoyOff',1946,,4827,20,,,0,100,,4829,20,,,0,105,,4828,20,,,0,107,,4826,20,,,0,143,,4825,20,,,0
8900,'CsRoyOffKerOff',1946,,4832,20,,,0,100,,4834,20,,,0,105,,4833,20,,,0,107,,4831,20,,,0,143,,4830,20,,,0
8900,'Dimanche',905,,4836,20,,,0,105,,4838,20,,,0,107,,4839,20,,,0,105,,4840,20,,,0,105,,4842,20,,,0,105,,4841,20,,,0,105,,4843,20,,,0,105,,4844,20,,,0,105,,4835,20,,,0,104,,4837,20,,,0
8900,'EventOff',1946,,4847,20,,,0,100,,4849,20,,,0,105,,4848,20,,,0,107,,4846,20,,,0,143,,4845,20,,,0
8900,'EventOn',1946,,4852,20,,,0,100,,4854,20,,,0,105,,4853,20,,,0,107,,4851,20,,,0,143,,4850,20,,,0
8900,'KerOffPriveOff',1946,,4857,20,,,0,100,,4859,20,,,0,105,,4858,20,,,0,107,,4856,20,,,0,143,,4855,20,,,0
8900,'Samedi',638,,4876,20,,,0,103,,4860,20,,,0,105,,4868,20,,,0,107,,4861,20,,,0,105,,4869,20,,,0,145,,4862,20,,,0,105,,4870,20,,,0,104,,4863,20,,,0,104,,4871,20,,,0,106,,4864,20,,,0,106,,4872,20,,,0,104,,4865,20,,,0,105,,4873,20,,,0,105,,4866,20,,,0,104,,4874,20,,,0,105,,4867,20,,,0,105,,4875,20,,,0
