900,'CsRoyOff',653,,1654,22,0,20,0,80,,1668,22,0,20,0,75,,1655,22,0,20,0,36,,1665,22,0,20,0,75,,1656,22,0,20,0,35,,1669,22,0,20,0,75,,1657,22,0,20,0,111,,1658,22,0,20,0,110,,1659,22,0,20,0,151,,1660,22,0,20,0,35,,1666,22,0,20,0,76,,1661,22,0,20,0,39,,1667,22,0,20,0,67,,1672,13,0,5,0,2,,1671,16,,,0,8,,1662,22,0,20,0,77,,1670,22,0,20,0,36,,1663,22,0,20,0,107,,1664,22,0,20,0
900,'CsRoyOffKerOff',653,,1673,22,0,20,0,80,,1687,22,0,20,0,75,,1674,22,0,20,0,36,,1684,22,0,20,0,75,,1675,22,0,20,0,35,,1688,22,0,20,0,75,,1676,22,0,20,0,111,,1677,22,0,20,0,110,,1678,22,0,20,0,151,,1679,22,0,20,0,35,,1685,22,0,20,0,76,,1680,22,0,20,0,39,,1686,22,0,20,0,67,,1690,13,0,5,0,10,,1681,22,0,20,0,77,,1689,22,0,20,0,36,,1682,22,0,20,0,107,,1683,22,0,20,0
900,'EventOff',653,,1691,22,0,20,0,80,,1705,22,0,20,0,75,,1692,22,0,20,0,36,,1702,22,0,20,0,75,,1693,22,0,20,0,35,,1706,22,0,20,0,75,,1694,22,0,20,0,111,,1695,22,0,20,0,110,,1696,22,0,20,0,151,,1697,22,0,20,0,35,,1703,22,0,20,0,76,,1698,22,0,20,0,39,,1704,22,0,20,0,77,,1699,22,0,20,0,77,,1707,22,0,20,0,36,,1700,22,0,20,0,107,,1701,22,0,20,0
900,'EventOn',653,,1708,22,0,20,0,80,,1722,22,0,20,0,75,,1709,22,0,20,0,36,,1719,22,0,20,0,75,,1710,22,0,20,0,35,,1723,22,0,20,0,75,,1711,22,0,20,0,111,,1712,22,0,20,0,110,,1713,22,0,20,0,151,,1714,22,0,20,0,35,,1720,22,0,20,0,76,,1715,22,0,20,0,39,,1721,22,0,20,0,67,,1726,13,0,5,0,2,,1725,16,,,0,8,,1716,22,0,20,0,77,,1724,22,0,20,0,36,,1717,22,0,20,0,107,,1718,22,0,20,0
900,'KerOffPriveOff',653,,1727,22,0,20,0,80,,1741,22,0,20,0,75,,1728,22,0,20,0,36,,1738,22,0,20,0,75,,1729,22,0,20,0,35,,1742,22,0,20,0,75,,1730,22,0,20,0,111,,1731,22,0,20,0,110,,1732,22,0,20,0,151,,1733,22,0,20,0,35,,1739,22,0,20,0,76,,1734,22,0,20,0,39,,1740,22,0,20,0,77,,1735,22,0,20,0,77,,1743,22,0,20,0,36,,1736,22,0,20,0,107,,1737,22,0,20,0
8900,'CsRoyOff',1947,,4827,23,,,0,100,,4829,23,,,0,105,,4828,23,,,0,107,,4826,23,,,0,143,,4825,23,,,0
8900,'CsRoyOffKerOff',1947,,4832,23,,,0,100,,4834,23,,,0,105,,4833,23,,,0,107,,4831,23,,,0,143,,4830,23,,,0
8900,'Dimanche',906,,4836,23,,,0,105,,4838,23,,,0,107,,4839,23,,,0,105,,4840,23,,,0,105,,4842,23,,,0,105,,4841,23,,,0,105,,4843,23,,,0,105,,4844,23,,,0,105,,4835,23,,,0,104,,4837,23,,,0
8900,'EventOff',1947,,4847,23,,,0,100,,4849,23,,,0,105,,4848,23,,,0,107,,4846,23,,,0,143,,4845,23,,,0
8900,'EventOn',1947,,4852,23,,,0,100,,4854,23,,,0,105,,4853,23,,,0,107,,4851,23,,,0,143,,4850,23,,,0
8900,'KerOffPriveOff',1947,,4857,23,,,0,100,,4859,23,,,0,105,,4858,23,,,0,107,,4856,23,,,0,143,,4855,23,,,0
8900,'Samedi',639,,4876,23,,,0,103,,4860,23,,,0,105,,4868,23,,,0,107,,4861,23,,,0,105,,4869,23,,,0,145,,4862,23,,,0,105,,4870,23,,,0,104,,4863,23,,,0,104,,4871,23,,,0,106,,4864,23,,,0,106,,4872,23,,,0,104,,4865,23,,,0,105,,4873,23,,,0,105,,4866,23,,,0,104,,4874,23,,,0,105,,4867,23,,,0,105,,4875,23,,,0
