1300,'CsRoyOff',628,,2737,18,,,0,75,,2726,18,,,0,43,,2743,18,,,0,74,,2732,18,,,0,34,,2738,18,,,0,74,,2727,18,,,0,75,,2744,18,,,0,35,,2733,18,,,0,76,,2739,18,,,0,35,,2728,18,,,0,75,,2745,18,,,0,34,,2734,18,,,0,75,,2740,18,,,0,75,,2729,18,,,0,35,,2746,18,,,0,80,,2735,18,,,0,78,,2741,18,,,0,37,,2730,18,,,0,75,,2747,18,,,0,34,,2736,18,,,0,75,,2742,18,,,0,35,,2731,18,,,0,145,,2752,18,,,0,105,,2751,18,,,0,105,,2750,18,,,0,105,,2749,18,,,0,105,,2748,18,,,0
1300,'CsRoyOffKerOff',628,,2764,18,,,0,75,,2753,18,,,0,43,,2770,18,,,0,74,,2759,18,,,0,34,,2765,18,,,0,74,,2754,18,,,0,75,,2771,18,,,0,35,,2760,18,,,0,76,,2766,18,,,0,35,,2755,18,,,0,75,,2772,18,,,0,34,,2761,18,,,0,75,,2767,18,,,0,75,,2756,18,,,0,35,,2773,18,,,0,80,,2762,18,,,0,78,,2768,18,,,0,37,,2757,18,,,0,75,,2774,18,,,0,34,,2763,18,,,0,75,,2769,18,,,0,35,,2758,18,,,0,145,,2779,18,,,0,105,,2778,18,,,0,105,,2777,18,,,0,105,,2776,18,,,0,105,,2775,18,,,0
1300,'Dimanche',927,,2783,18,,,0,105,,2784,18,,,0,105,,2785,18,,,0,105,,2786,18,,,0,105,,2787,18,,,0,105,,2788,18,,,0,105,,2789,18,,,0,145,,2782,18,,,0,105,,2780,18,,,0,105,,2781,18,,,0
1300,'EventOff',628,,2801,18,,,0,75,,2790,18,,,0,43,,2807,18,,,0,74,,2796,18,,,0,34,,2802,18,,,0,74,,2791,18,,,0,75,,2808,18,,,0,35,,2797,18,,,0,76,,2803,18,,,0,35,,2792,18,,,0,75,,2809,18,,,0,34,,2798,18,,,0,75,,2804,18,,,0,75,,2793,18,,,0,35,,2810,18,,,0,80,,2799,18,,,0,78,,2805,18,,,0,37,,2794,18,,,0,75,,2811,18,,,0,34,,2800,18,,,0,75,,2806,18,,,0,35,,2795,18,,,0,145,,2816,18,,,0,105,,2815,18,,,0,105,,2814,18,,,0,105,,2813,18,,,0,105,,2812,18,,,0
1300,'EventOn',628,,2828,18,,,0,75,,2817,18,,,0,43,,2834,18,,,0,74,,2823,18,,,0,34,,2829,18,,,0,74,,2818,18,,,0,75,,2835,18,,,0,35,,2824,18,,,0,76,,2830,18,,,0,35,,2819,18,,,0,75,,2836,18,,,0,34,,2825,18,,,0,75,,2831,18,,,0,75,,2820,18,,,0,35,,2837,18,,,0,80,,2826,18,,,0,78,,2832,18,,,0,12,,2846,18,,,0,25,,2821,18,,,0,75,,2838,18,,,0,34,,2827,18,,,0,75,,2833,18,,,0,35,,2822,18,,,0,145,,2843,18,,,0,105,,2842,18,,,0,105,,2841,18,,,0,105,,2840,18,,,0,105,,2839,18,,,0
1300,'KerOffPriveOff',628,,2858,18,,,0,75,,2847,18,,,0,43,,2864,18,,,0,74,,2853,18,,,0,34,,2859,18,,,0,74,,2848,18,,,0,75,,2865,18,,,0,35,,2854,18,,,0,76,,2860,18,,,0,35,,2849,18,,,0,75,,2866,18,,,0,34,,2855,18,,,0,75,,2861,18,,,0,75,,2850,18,,,0,35,,2867,18,,,0,80,,2856,18,,,0,78,,2862,18,,,0,12,,2876,18,,,0,25,,2851,18,,,0,75,,2868,18,,,0,34,,2857,18,,,0,75,,2863,18,,,0,35,,2852,18,,,0,145,,2873,18,,,0,105,,2872,18,,,0,105,,2871,18,,,0,105,,2870,18,,,0,105,,2869,18,,,0
1300,'Samedi',657,,2885,18,,,0,145,,2877,18,,,0,105,,2886,18,,,0,106,,2878,18,,,0,105,,2887,18,,,0,105,,2879,18,,,0,105,,2888,18,,,0,105,,2880,18,,,0,105,,2889,18,,,0,105,,2881,18,,,0,105,,2890,18,,,0,105,,2882,18,,,0,105,,2891,18,,,0,145,,2883,18,,,0,105,,2892,18,,,0,105,,2884,18,,,0,104,,2893,18,,,0
1400,'CsRoyOff',631,,3062,2,,,0,70,,3063,2,,,0,30,,3061,2,,,0,100,,3060,2,,,0,685,,3059,2,,,0,100,,3057,2,,,0,100,,3058,2,,,0
1400,'CsRoyOffKerOff',631,,3069,2,,,0,70,,3070,2,,,0,30,,3068,2,,,0,100,,3067,2,,,0,685,,3066,2,,,0,100,,3064,2,,,0,100,,3065,2,,,0
1400,'EventOff',631,,3076,2,,,0,70,,3077,2,,,0,30,,3075,2,,,0,100,,3074,2,,,0,685,,3073,2,,,0,100,,3071,2,,,0,100,,3072,2,,,0
1400,'EventOn',631,,3083,2,,,0,70,,3084,2,,,0,30,,3082,2,,,0,100,,3081,2,,,0,685,,3080,2,,,0,100,,3078,2,,,0,100,,3079,2,,,0
1400,'KerOffPriveOff',631,,3090,2,,,0,70,,3091,2,,,0,30,,3089,2,,,0,100,,3088,2,,,0,685,,3087,2,,,0,100,,3085,2,,,0,100,,3086,2,,,0
1600,'CsRoyOff',700,,3122,2,,,0,109,,3123,2,,,0,112,,3124,2,,,0,110,,3125,2,,,0,110,,3126,2,,,0,110,,3127,2,,,0,149,,3128,2,,,0,115,,3129,2,,,0,114,,3130,2,,,0,111,,3131,2,,,0,111,,3132,2,,,0,100,,3133,2,,,0,106,,3134,2,,,0,144,,3135,2,,,0,106,,3136,2,,,0,102,,3137,2,,,0
1600,'CsRoyOffKerOff',700,,3138,2,,,0,109,,3139,2,,,0,112,,3140,2,,,0,110,,3141,2,,,0,110,,3142,2,,,0,110,,3143,2,,,0,149,,3144,2,,,0,115,,3145,2,,,0,114,,3146,2,,,0,111,,3147,2,,,0,111,,3148,2,,,0,100,,3149,2,,,0,106,,3150,2,,,0,144,,3151,2,,,0,106,,3152,2,,,0,102,,3153,2,,,0
1600,'Dimanche',917,,3155,2,,,0,105,,3156,2,,,0,105,,3157,2,,,0,105,,3158,2,,,0,104,,3159,2,,,0,105,,3160,2,,,0,105,,3161,2,,,0,105,,3154,2,,,0,105,,3162,2,,,0,145,,3163,2,,,0
1600,'EventOff',700,,3164,2,,,0,109,,3165,2,,,0,112,,3166,2,,,0,110,,3167,2,,,0,110,,3168,2,,,0,110,,3169,2,,,0,149,,3170,2,,,0,115,,3171,2,,,0,114,,3172,2,,,0,111,,3173,2,,,0,111,,3174,2,,,0,100,,3175,2,,,0,106,,3176,2,,,0,144,,3177,2,,,0,106,,3178,2,,,0,102,,3179,2,,,0
1600,'EventOn',700,,3180,2,,,0,109,,3181,2,,,0,112,,3182,2,,,0,110,,3183,2,,,0,110,,3184,2,,,0,110,,3185,2,,,0,149,,3186,2,,,0,115,,3187,2,,,0,114,,3188,2,,,0,111,,3189,2,,,0,111,,3190,2,,,0,100,,3191,2,,,0,106,,3192,2,,,0,144,,3193,2,,,0,106,,3194,2,,,0,102,,3195,2,,,0
1600,'KerOffPriveOff',700,,3196,2,,,0,109,,3197,2,,,0,112,,3198,2,,,0,110,,3199,2,,,0,110,,3200,2,,,0,110,,3201,2,,,0,149,,3202,2,,,0,115,,3203,2,,,0,114,,3204,2,,,0,111,,3205,2,,,0,111,,3206,2,,,0,100,,3207,2,,,0,106,,3208,2,,,0,144,,3209,2,,,0,106,,3210,2,,,0,102,,3211,2,,,0
1600,'Samedi',646,,3227,2,,,0,105,,3228,2,,,0,105,,3212,2,,,0,145,,3213,2,,,0,105,,3214,2,,,0,105,,3215,2,,,0,105,,3216,2,,,0,105,,3217,2,,,0,105,,3218,2,,,0,105,,3219,2,,,0,105,,3221,2,,,0,105,,3222,2,,,0,105,,3223,2,,,0,105,,3224,2,,,0,105,,3225,2,,,0,145,,3226,2,,,0,105,,3220,2,,,0
2500,'CsRoyOff',625,,3548,11,,,0,75,,3546,11,,,0,40,,3549,11,,,0,68,,3574,2,0,6,0,7,,3547,11,,,0,36,,3550,11,,,0,74,,3551,11,,,0,75,,3552,11,,,0,35,,3553,11,,,0,75,,3554,11,,,0,35,,3555,11,,,0,75,,3556,11,,,0,35,,3557,11,,,0,75,,3558,11,,,0,75,,3559,11,,,0,35,,3560,11,,,0,80,,3561,11,,,0,38,,3562,11,,,0,77,,3563,11,,,0,75,,3564,11,,,0,35,,3565,11,,,0,75,,3566,11,,,0,35,,3567,11,,,0,145,,3568,11,,,0,105,,3569,11,,,0,105,,3570,11,,,0,105,,3571,11,,,0,105,,3572,11,,,0
2500,'CsRoyOffKerOff',625,,3579,11,,,0,75,,3577,11,,,0,40,,3580,11,,,0,75,,3578,11,,,0,36,,3581,11,,,0,74,,3582,11,,,0,75,,3583,11,,,0,35,,3584,11,,,0,75,,3585,11,,,0,35,,3586,11,,,0,75,,3587,11,,,0,35,,3588,11,,,0,75,,3589,11,,,0,75,,3590,11,,,0,35,,3591,11,,,0,80,,3592,11,,,0,38,,3593,11,,,0,77,,3594,11,,,0,75,,3595,11,,,0,35,,3596,11,,,0,75,,3597,11,,,0,35,,3598,11,,,0,145,,3599,11,,,0,105,,3600,11,,,0,105,,3601,11,,,0,105,,3602,11,,,0,105,,3603,11,,,0
2500,'Dimanche',925,,3610,11,,,0,105,,3611,11,,,0,105,,3612,11,,,0,105,,3613,11,,,0,105,,3614,11,,,0,105,,3615,11,,,0,105,,3616,11,,,0,145,,3608,11,,,0,105,,3609,11,,,0,105,,3607,11,,,0
2500,'EventOff',625,,3620,11,,,0,75,,3618,11,,,0,40,,3621,11,,,0,75,,3619,11,,,0,36,,3622,11,,,0,74,,3623,11,,,0,75,,3624,11,,,0,35,,3625,11,,,0,75,,3626,11,,,0,35,,3627,11,,,0,75,,3628,11,,,0,35,,3629,11,,,0,75,,3630,11,,,0,75,,3631,11,,,0,35,,3632,11,,,0,80,,3633,11,,,0,38,,3634,11,,,0,77,,3635,11,,,0,75,,3636,11,,,0,35,,3637,11,,,0,75,,3638,11,,,0,35,,3639,11,,,0,145,,3640,11,,,0,105,,3641,11,,,0,105,,3642,11,,,0,105,,3643,11,,,0,105,,3644,11,,,0
2500,'EventOn',625,,3648,11,,,0,75,,3646,11,,,0,40,,3649,11,,,0,68,,3675,2,0,6,0,7,,3647,11,,,0,36,,3650,11,,,0,74,,3651,11,,,0,75,,3652,11,,,0,35,,3653,11,,,0,75,,3654,11,,,0,35,,3655,11,,,0,75,,3656,11,,,0,35,,3657,11,,,0,75,,3658,11,,,0,75,,3659,11,,,0,35,,3660,11,,,0,80,,3661,11,,,0,26,,3678,2,,,0,12,,3662,11,,,0,77,,3663,11,,,0,75,,3664,11,,,0,35,,3665,11,,,0,75,,3666,11,,,0,35,,3667,11,,,0,145,,3668,11,,,0,105,,3669,11,,,0,105,,3670,11,,,0,105,,3671,11,,,0,105,,3672,11,,,0
2500,'KerOffPriveOff',625,,3683,11,,,0,75,,3681,11,,,0,40,,3684,11,,,0,75,,3682,11,,,0,36,,3685,11,,,0,74,,3686,11,,,0,75,,3687,11,,,0,35,,3688,11,,,0,75,,3689,11,,,0,35,,3690,11,,,0,75,,3691,11,,,0,35,,3692,11,,,0,75,,3693,11,,,0,75,,3694,11,,,0,35,,3695,11,,,0,80,,3696,11,,,0,26,,3711,2,,,0,12,,3697,11,,,0,77,,3698,11,,,0,75,,3699,11,,,0,35,,3700,11,,,0,75,,3701,11,,,0,35,,3702,11,,,0,145,,3703,11,,,0,105,,3704,11,,,0,105,,3705,11,,,0,105,,3706,11,,,0,105,,3707,11,,,0
2500,'Samedi',655,,3713,11,,,0,145,,3719,11,,,0,105,,3726,11,,,0,105,,3714,11,,,0,105,,3720,11,,,0,105,,3727,11,,,0,105,,3715,11,,,0,105,,3721,11,,,0,105,,3728,11,,,0,105,,3716,11,,,0,105,,3722,11,,,0,105,,3729,11,,,0,105,,3717,11,,,0,145,,3723,11,,,0,105,,3730,11,,,0,105,,3718,11,,,0,105,,3724,11,,,0
