1201,'CsRoyOff',633,,2619,33,,,0,113,,2620,33,,,0,108,,2621,33,,,0,150,,2622,33,,,0,110,,2623,33,,,0,110,,2624,33,,,0,109,,2625,33,,,0,107,,2626,33,,,0,115,,2627,33,,,0,158,,2628,33,,,0,112,,2629,33,,,0,103,,2630,33,,,0,105,,2633,33,,,0,105,,2632,33,,,0,105,,2631,33,,,0,105,,2634,33,,,0
1201,'CsRoyOffKerOff',633,,2635,33,,,0,113,,2636,33,,,0,108,,2637,33,,,0,150,,2638,33,,,0,110,,2639,33,,,0,110,,2640,33,,,0,109,,2641,33,,,0,107,,2642,33,,,0,115,,2643,33,,,0,158,,2644,33,,,0,112,,2645,33,,,0,103,,2646,33,,,0,105,,2649,33,,,0,105,,2648,33,,,0,105,,2647,33,,,0,105,,2650,33,,,0
1201,'Dimanche',854,,2652,33,,,0,105,,2653,33,,,0,144,,2655,33,,,0,106,,2656,33,,,0,104,,2657,33,,,0,105,,2658,33,,,0,105,,2659,33,,,0,104,,2660,33,,,0,106,,2651,33,,,0,105,,2654,33,,,0
1201,'EventOff',633,,2661,33,,,0,113,,2662,33,,,0,108,,2663,33,,,0,150,,2664,33,,,0,110,,2665,33,,,0,110,,2666,33,,,0,109,,2667,33,,,0,107,,2668,33,,,0,115,,2669,33,,,0,158,,2670,33,,,0,112,,2671,33,,,0,103,,2672,33,,,0,105,,2675,33,,,0,105,,2674,33,,,0,105,,2673,33,,,0,105,,2676,33,,,0
1201,'EventOn',633,,2677,33,,,0,113,,2678,33,,,0,108,,2679,33,,,0,150,,2680,33,,,0,110,,2681,33,,,0,110,,2682,33,,,0,109,,2683,33,,,0,107,,2684,33,,,0,115,,2685,33,,,0,158,,2686,33,,,0,112,,2687,33,,,0,103,,2688,33,,,0,105,,2691,33,,,0,105,,2690,33,,,0,105,,2689,33,,,0,105,,2692,33,,,0
1201,'KerOffPriveOff',633,,2693,33,,,0,113,,2694,33,,,0,108,,2695,33,,,0,150,,2696,33,,,0,110,,2697,33,,,0,110,,2698,33,,,0,109,,2699,33,,,0,107,,2700,33,,,0,115,,2701,33,,,0,158,,2702,33,,,0,112,,2703,33,,,0,103,,2704,33,,,0,105,,2707,33,,,0,105,,2706,33,,,0,105,,2705,33,,,0,105,,2708,33,,,0
1201,'Samedi',625,,2709,33,,,0,104,,2710,33,,,0,105,,2711,33,,,0,105,,2712,33,,,0,106,,2713,33,,,0,104,,2714,33,,,0,105,,2715,33,,,0,146,,2716,33,,,0,105,,2717,33,,,0,105,,2718,33,,,0,104,,2719,33,,,0,105,,2720,33,,,0,105,,2721,33,,,0,105,,2722,33,,,0,105,,2723,33,,,0,105,,2724,33,,,0,105,,2725,33,,,0
1700,'CsRoyOff',640,,3336,12,,,0,80,,3337,12,,,0,37,,3338,12,,,0,79,,3339,12,,,0,74,,3340,12,,,0,35,,3341,12,,,0,75,,3342,12,,,0,35,,3343,12,,,0,75,,3344,12,,,0,76,,3345,12,,,0,35,,3346,12,,,0,75,,3347,12,,,0,35,,3348,12,,,0,75,,3349,12,,,0,77,,3350,12,,,0,41,,3351,12,,,0,77,,3352,12,,,0,35,,3353,12,,,0,69,,3354,12,,,0,79,,3355,12,,,0,33,,3356,12,,,0
1700,'CsRoyOffKerOff',640,,3357,12,,,0,80,,3358,12,,,0,37,,3359,12,,,0,79,,3360,12,,,0,74,,3361,12,,,0,35,,3362,12,,,0,75,,3363,12,,,0,35,,3364,12,,,0,75,,3365,12,,,0,76,,3366,12,,,0,35,,3367,12,,,0,75,,3368,12,,,0,35,,3369,12,,,0,75,,3370,12,,,0,77,,3371,12,,,0,41,,3372,12,,,0,77,,3373,12,,,0,35,,3374,12,,,0,69,,3375,12,,,0,79,,3376,12,,,0,33,,3377,12,,,0
1700,'EventOff',640,,3378,12,,,0,80,,3379,12,,,0,37,,3380,12,,,0,79,,3381,12,,,0,74,,3382,12,,,0,35,,3383,12,,,0,75,,3384,12,,,0,35,,3385,12,,,0,75,,3386,12,,,0,76,,3387,12,,,0,35,,3388,12,,,0,75,,3389,12,,,0,35,,3390,12,,,0,75,,3391,12,,,0,77,,3392,12,,,0,41,,3393,12,,,0,77,,3394,12,,,0,35,,3395,12,,,0,69,,3396,12,,,0,79,,3397,12,,,0,33,,3398,12,,,0
1700,'EventOn',640,,3399,12,,,0,80,,3400,12,,,0,37,,3401,12,,,0,79,,3402,12,,,0,74,,3403,12,,,0,35,,3404,12,,,0,75,,3405,12,,,0,35,,3406,12,,,0,75,,3407,12,,,0,76,,3408,12,,,0,35,,3409,12,,,0,75,,3410,12,,,0,35,,3411,12,,,0,75,,3412,12,,,0,77,,3413,12,,,0,41,,3414,12,,,0,77,,3415,12,,,0,35,,3416,12,,,0,69,,3417,12,,,0,79,,3418,12,,,0,33,,3419,12,,,0
1700,'KerOffPriveOff',640,,3420,12,,,0,80,,3421,12,,,0,37,,3422,12,,,0,79,,3423,12,,,0,74,,3424,12,,,0,35,,3425,12,,,0,75,,3426,12,,,0,35,,3427,12,,,0,75,,3428,12,,,0,76,,3429,12,,,0,35,,3430,12,,,0,75,,3431,12,,,0,35,,3432,12,,,0,75,,3433,12,,,0,77,,3434,12,,,0,41,,3435,12,,,0,77,,3436,12,,,0,35,,3437,12,,,0,69,,3438,12,,,0,79,,3439,12,,,0,33,,3440,12,,,0
6001,'CsRoyOff',631,,4652,19,,,0,72,,4663,19,,,0,40,,4653,19,,,0,75,,4664,19,,,0,34,,4654,19,,,0,76,,4665,19,,,0,74,,4655,19,,,0,35,,4666,19,,,0,75,,4656,19,,,0,35,,4667,19,,,0,75,,4657,19,,,0,34,,4668,19,,,0,75,,4658,19,,,0,27,,4669,19,,,0,80,,4679,19,,,0,71,,4659,19,,,0,44,,4670,19,,,0,71,,4660,19,,,0,78,,4671,19,,,0,36,,4661,19,,,0,75,,4672,19,,,0,29,,4662,19,,,0,111,,4675,19,,,0,105,,4677,19,,,0,145,,4676,19,,,0,105,,4674,19,,,0,105,,4673,19,,,0
6001,'CsRoyOffKerOff',631,,4680,19,,,0,72,,4691,19,,,0,40,,4681,19,,,0,75,,4692,19,,,0,34,,4682,19,,,0,76,,4693,19,,,0,74,,4683,19,,,0,35,,4694,19,,,0,75,,4684,19,,,0,35,,4695,19,,,0,75,,4685,19,,,0,34,,4696,19,,,0,75,,4686,19,,,0,27,,4697,19,,,0,80,,4707,19,,,0,71,,4687,19,,,0,44,,4698,19,,,0,71,,4688,19,,,0,78,,4699,19,,,0,36,,4689,19,,,0,75,,4700,19,,,0,29,,4690,19,,,0,111,,4703,19,,,0,105,,4705,19,,,0,145,,4704,19,,,0,105,,4702,19,,,0,105,,4701,19,,,0
6001,'Dimanche',919,,4708,19,,,0,105,,4710,19,,,0,105,,4711,19,,,0,105,,4713,19,,,0,105,,4714,19,,,0,105,,4715,19,,,0,105,,4716,19,,,0,105,,4717,19,,,0,105,,4712,19,,,0,145,,4709,19,,,0
6001,'EventOff',631,,4718,19,,,0,72,,4729,19,,,0,40,,4719,19,,,0,75,,4730,19,,,0,34,,4720,19,,,0,76,,4731,19,,,0,74,,4721,19,,,0,35,,4732,19,,,0,75,,4722,19,,,0,35,,4733,19,,,0,75,,4723,19,,,0,34,,4734,19,,,0,75,,4724,19,,,0,27,,4735,19,,,0,80,,4745,19,,,0,71,,4725,19,,,0,44,,4736,19,,,0,71,,4726,19,,,0,78,,4737,19,,,0,36,,4727,19,,,0,75,,4738,19,,,0,29,,4728,19,,,0,111,,4741,19,,,0,105,,4743,19,,,0,145,,4742,19,,,0,105,,4740,19,,,0,105,,4739,19,,,0
6001,'EventOn',631,,4746,19,,,0,72,,4757,19,,,0,40,,4747,19,,,0,75,,4758,19,,,0,34,,4748,19,,,0,76,,4759,19,,,0,74,,4749,19,,,0,35,,4760,19,,,0,75,,4750,19,,,0,35,,4761,19,,,0,75,,4751,19,,,0,34,,4762,19,,,0,75,,4752,19,,,0,27,,4763,19,,,0,80,,4773,19,,,0,71,,4753,19,,,0,44,,4764,19,,,0,1,,4776,19,0,14 15,0,70,,4754,19,,,0,78,,4765,19,,,0,36,,4755,19,,,0,75,,4766,19,,,0,29,,4756,19,,,0,111,,4769,19,,,0,105,,4771,19,,,0,145,,4770,19,,,0,105,,4768,19,,,0,105,,4767,19,,,0
6001,'KerOffPriveOff',631,,4777,19,,,0,72,,4788,19,,,0,40,,4778,19,,,0,75,,4789,19,,,0,34,,4779,19,,,0,76,,4790,19,,,0,74,,4780,19,,,0,35,,4791,19,,,0,75,,4781,19,,,0,35,,4792,19,,,0,75,,4782,19,,,0,34,,4793,19,,,0,75,,4783,19,,,0,27,,4794,19,,,0,80,,4804,19,,,0,71,,4784,19,,,0,44,,4795,19,,,0,1,,4807,19,0,14 15,0,70,,4785,19,,,0,78,,4796,19,,,0,36,,4786,19,,,0,75,,4797,19,,,0,29,,4787,19,,,0,111,,4800,19,,,0,105,,4802,19,,,0,145,,4801,19,,,0,105,,4799,19,,,0,105,,4798,19,,,0
6001,'Samedi',649,,4813,19,,,0,105,,4819,19,,,0,105,,4808,19,,,0,145,,4814,19,,,0,105,,4820,19,,,0,105,,4809,19,,,0,106,,4815,19,,,0,105,,4821,19,,,0,105,,4810,19,,,0,104,,4816,19,,,0,105,,4822,19,,,0,105,,4811,19,,,0,105,,4817,19,,,0,105,,4823,19,,,0,105,,4812,19,,,0,145,,4818,19,,,0,105,,4824,19,,,0
111800501,'CsRoyOff',745,,4941,15,,,0,880,,4942,15,0,14 15,0
111800501,'CsRoyOffKerOff',1625,,4943,15,0,14 15,0
111800501,'EventOn',745,,4944,15,,,0,880,,4945,15,0,14 15,0
19200300001,'CsRoyOff',745,,5015,16,0,11 18,0
19200300001,'CsRoyOffKerOff',745,,5016,16,0,11 18,0
19200300001,'EventOn',745,,5017,16,0,11 18,0
