901,'CsRoyOff',620,,1744,25,,,0,24,,1758,25,,,0,76,,1762,34,0,5,0,1,,1745,25,,,0,8,,1763,34,0,6,0,71,,1757,25,,,0,34,,1746,25,,,0,76,,1759,25,,,0,35,,1747,25,,,0,110,,1748,25,,,0,151,,1749,25,,,0,109,,1750,25,,,0,111,,1751,25,,,0,76,,1756,25,,,0,36,,1752,25,,,0,79,,1755,25,,,0,37,,1753,25,,,0,77,,1760,25,,,0,75,,1754,25,,,0,110,,1761,25,,,0
901,'CsRoyOffKerOff',620,,1764,25,,,0,24,,1778,25,,,0,76,,1782,34,0,5,0,1,,1765,25,,,0,79,,1777,25,,,0,34,,1766,25,,,0,76,,1779,25,,,0,35,,1767,25,,,0,110,,1768,25,,,0,151,,1769,25,,,0,109,,1770,25,,,0,111,,1771,25,,,0,76,,1776,25,,,0,36,,1772,25,,,0,79,,1775,25,,,0,37,,1773,25,,,0,77,,1780,25,,,0,75,,1774,25,,,0,110,,1781,25,,,0
901,'EventOff',620,,1783,25,,,0,24,,1797,25,,,0,77,,1784,25,,,0,79,,1796,25,,,0,34,,1785,25,,,0,76,,1798,25,,,0,35,,1786,25,,,0,110,,1787,25,,,0,151,,1788,25,,,0,109,,1789,25,,,0,111,,1790,25,,,0,76,,1795,25,,,0,36,,1791,25,,,0,79,,1794,25,,,0,37,,1792,25,,,0,77,,1799,25,,,0,75,,1793,25,,,0,110,,1800,25,,,0
901,'EventOn',620,,1801,25,,,0,24,,1815,25,,,0,76,,1819,34,0,5,0,1,,1802,25,,,0,8,,1820,34,0,6,0,71,,1814,25,,,0,34,,1803,25,,,0,76,,1816,25,,,0,35,,1804,25,,,0,110,,1805,25,,,0,151,,1806,25,,,0,109,,1807,25,,,0,111,,1808,25,,,0,76,,1813,25,,,0,36,,1809,25,,,0,79,,1812,25,,,0,37,,1810,25,,,0,77,,1817,25,,,0,75,,1811,25,,,0,110,,1818,25,,,0
901,'KerOffPriveOff',620,,1821,25,,,0,24,,1835,25,,,0,77,,1822,25,,,0,79,,1834,25,,,0,34,,1823,25,,,0,76,,1836,25,,,0,35,,1824,25,,,0,110,,1825,25,,,0,151,,1826,25,,,0,109,,1827,25,,,0,111,,1828,25,,,0,76,,1833,25,,,0,36,,1829,25,,,0,79,,1832,25,,,0,37,,1830,25,,,0,77,,1837,25,,,0,75,,1831,25,,,0,110,,1838,25,,,0
8901,'CsRoyOff',2021,,4880,25,,,0,105,,4879,25,,,0,105,,4878,25,,,0,105,,4877,25,,,0
8901,'CsRoyOffKerOff',2021,,4884,25,,,0,105,,4883,25,,,0,105,,4882,25,,,0,105,,4881,25,,,0
8901,'Dimanche',839,,4886,25,,,0,105,,4888,25,,,0,106,,4890,25,,,0,105,,4891,25,,,0,145,,4892,25,,,0,105,,4893,25,,,0,105,,4894,25,,,0,105,,4895,25,,,0,105,,4885,25,,,0,104,,4889,25,,,0,101,,4887,25,,,0
8901,'EventOff',2021,,4899,25,,,0,105,,4898,25,,,0,105,,4897,25,,,0,105,,4896,25,,,0
8901,'EventOn',2021,,4903,25,,,0,105,,4902,25,,,0,105,,4901,25,,,0,105,,4900,25,,,0
8901,'KerOffPriveOff',2021,,4907,25,,,0,105,,4906,25,,,0,105,,4905,25,,,0,105,,4904,25,,,0
8901,'Samedi',715,,4916,25,,,0,105,,4908,25,,,0,106,,4917,25,,,0,105,,4909,25,,,0,105,,4918,25,,,0,105,,4910,25,,,0,104,,4919,25,,,0,105,,4911,25,,,0,105,,4920,25,,,0,146,,4912,25,,,0,104,,4921,25,,,0,105,,4913,25,,,0,105,,4922,25,,,0,105,,4914,25,,,0,105,,4923,25,,,0,105,,4915,25,,,0
