1100,'CsRoyOff',616,,2185,3,,,0,35,,2169,3,,,0,80,,2181,3,,,0,75,,2165,3,,,0,36,,2176,3,,,0,74,,2173,3,,,0,35,,2186,3,,,0,75,,2170,3,,,0,75,,2182,3,,,0,35,,2166,3,,,0,75,,2177,3,,,0,35,,2174,3,,,0,75,,2183,3,,,0,35,,2167,3,,,0,75,,2180,3,,,0,80,,2171,3,,,0,38,,2178,3,,,0,77,,2175,3,,,0,75,,2184,3,,,0,35,,2168,3,,,0,75,,2179,3,,,0,35,,2172,3,,,0,105,,2190,3,,,0,105,,2191,3,,,0,145,,2189,3,,,0,105,,2188,3,,,0,105,,2187,3,,,0
1100,'CsRoyOffKerOff',616,,2213,3,,,0,35,,2197,3,,,0,80,,2209,3,,,0,75,,2193,3,,,0,36,,2204,3,,,0,74,,2201,3,,,0,35,,2214,3,,,0,75,,2198,3,,,0,75,,2210,3,,,0,35,,2194,3,,,0,75,,2205,3,,,0,35,,2202,3,,,0,75,,2211,3,,,0,35,,2195,3,,,0,75,,2208,3,,,0,80,,2199,3,,,0,38,,2206,3,,,0,77,,2203,3,,,0,75,,2212,3,,,0,35,,2196,3,,,0,75,,2207,3,,,0,35,,2200,3,,,0,105,,2218,3,,,0,105,,2219,3,,,0,145,,2217,3,,,0,105,,2216,3,,,0,105,,2215,3,,,0
1100,'Dimanche',916,,2224,3,,,0,105,,2226,3,,,0,105,,2225,3,,,0,105,,2227,3,,,0,105,,2228,3,,,0,105,,2229,3,,,0,105,,2230,3,,,0,105,,2222,3,,,0,105,,2221,3,,,0,145,,2223,3,,,0
1100,'EventOff',616,,2251,3,,,0,35,,2235,3,,,0,80,,2247,3,,,0,75,,2231,3,,,0,36,,2242,3,,,0,74,,2239,3,,,0,35,,2252,3,,,0,75,,2236,3,,,0,75,,2248,3,,,0,35,,2232,3,,,0,75,,2243,3,,,0,35,,2240,3,,,0,75,,2249,3,,,0,35,,2233,3,,,0,75,,2246,3,,,0,80,,2237,3,,,0,38,,2244,3,,,0,77,,2241,3,,,0,75,,2250,3,,,0,35,,2234,3,,,0,75,,2245,3,,,0,35,,2238,3,,,0,105,,2256,3,,,0,105,,2257,3,,,0,145,,2255,3,,,0,105,,2254,3,,,0,105,,2253,3,,,0
1100,'EventOn',616,,2278,3,,,0,35,,2262,3,,,0,80,,2274,3,,,0,75,,2258,3,,,0,9,,2286,3,0,11 12 13,0,3,,2285,3,0,11 12 13,0,24,,2269,3,,,0,74,,2266,3,,,0,35,,2279,3,,,0,75,,2263,3,,,0,75,,2275,3,,,0,35,,2259,3,,,0,75,,2270,3,,,0,35,,2267,3,,,0,75,,2276,3,,,0,35,,2260,3,,,0,75,,2273,3,,,0,80,,2264,3,,,0,38,,2271,3,,,0,77,,2268,3,,,0,75,,2277,3,,,0,35,,2261,3,,,0,75,,2272,3,,,0,35,,2265,3,,,0,105,,2283,3,,,0,105,,2284,3,,,0,145,,2282,3,,,0,105,,2281,3,,,0,105,,2280,3,,,0
1100,'KerOffPriveOff',616,,2309,3,,,0,35,,2293,3,,,0,80,,2305,3,,,0,75,,2289,3,,,0,9,,2317,3,0,11 12 13,0,3,,2316,3,0,11 12 13,0,24,,2300,3,,,0,74,,2297,3,,,0,35,,2310,3,,,0,75,,2294,3,,,0,75,,2306,3,,,0,35,,2290,3,,,0,75,,2301,3,,,0,35,,2298,3,,,0,75,,2307,3,,,0,35,,2291,3,,,0,75,,2304,3,,,0,80,,2295,3,,,0,38,,2302,3,,,0,77,,2299,3,,,0,75,,2308,3,,,0,35,,2292,3,,,0,75,,2303,3,,,0,35,,2296,3,,,0,105,,2314,3,,,0,105,,2315,3,,,0,145,,2313,3,,,0,105,,2312,3,,,0,105,,2311,3,,,0
1100,'Samedi',646,,2319,3,,,0,105,,2328,3,,,0,105,,2320,3,,,0,145,,2329,3,,,0,105,,2321,3,,,0,105,,2330,3,,,0,105,,2322,3,,,0,105,,2331,3,,,0,105,,2323,3,,,0,105,,2332,3,,,0,105,,2324,3,,,0,105,,2333,3,,,0,105,,2325,3,,,0,105,,2334,3,,,0,105,,2326,3,,,0,145,,2335,3,,,0,105,,2327,3,,,0
1300,'CsRoyOff',616,,2737,3,,,0,35,,2726,3,,,0,80,,2743,3,,,0,75,,2732,3,,,0,36,,2738,3,,,0,74,,2727,3,,,0,35,,2744,3,,,0,75,,2733,3,,,0,75,,2739,3,,,0,35,,2728,3,,,0,75,,2745,3,,,0,35,,2734,3,,,0,75,,2740,3,,,0,35,,2729,3,,,0,75,,2746,3,,,0,80,,2735,3,,,0,38,,2741,3,,,0,77,,2730,3,,,0,75,,2747,3,,,0,35,,2736,3,,,0,75,,2742,3,,,0,35,,2731,3,,,0,105,,2752,3,,,0,105,,2751,3,,,0,145,,2750,3,,,0,105,,2749,3,,,0,105,,2748,3,,,0
1300,'CsRoyOffKerOff',616,,2764,3,,,0,35,,2753,3,,,0,80,,2770,3,,,0,75,,2759,3,,,0,36,,2765,3,,,0,74,,2754,3,,,0,35,,2771,3,,,0,75,,2760,3,,,0,75,,2766,3,,,0,35,,2755,3,,,0,75,,2772,3,,,0,35,,2761,3,,,0,75,,2767,3,,,0,35,,2756,3,,,0,75,,2773,3,,,0,80,,2762,3,,,0,38,,2768,3,,,0,77,,2757,3,,,0,75,,2774,3,,,0,35,,2763,3,,,0,75,,2769,3,,,0,35,,2758,3,,,0,105,,2779,3,,,0,105,,2778,3,,,0,145,,2777,3,,,0,105,,2776,3,,,0,105,,2775,3,,,0
1300,'Dimanche',916,,2783,3,,,0,105,,2784,3,,,0,105,,2785,3,,,0,105,,2786,3,,,0,105,,2787,3,,,0,105,,2788,3,,,0,105,,2789,3,,,0,105,,2782,3,,,0,105,,2780,3,,,0,145,,2781,3,,,0
1300,'EventOff',616,,2801,3,,,0,35,,2790,3,,,0,80,,2807,3,,,0,75,,2796,3,,,0,36,,2802,3,,,0,74,,2791,3,,,0,35,,2808,3,,,0,75,,2797,3,,,0,75,,2803,3,,,0,35,,2792,3,,,0,75,,2809,3,,,0,35,,2798,3,,,0,75,,2804,3,,,0,35,,2793,3,,,0,75,,2810,3,,,0,80,,2799,3,,,0,38,,2805,3,,,0,77,,2794,3,,,0,75,,2811,3,,,0,35,,2800,3,,,0,75,,2806,3,,,0,35,,2795,3,,,0,105,,2816,3,,,0,105,,2815,3,,,0,145,,2814,3,,,0,105,,2813,3,,,0,105,,2812,3,,,0
1300,'EventOn',616,,2828,3,,,0,35,,2817,3,,,0,80,,2834,3,,,0,75,,2823,3,,,0,36,,2829,3,,,0,74,,2818,3,,,0,35,,2835,3,,,0,75,,2824,3,,,0,75,,2830,3,,,0,35,,2819,3,,,0,75,,2836,3,,,0,35,,2825,3,,,0,75,,2831,3,,,0,35,,2820,3,,,0,75,,2837,3,,,0,80,,2826,3,,,0,38,,2832,3,,,0,52,,2846,3,,,0,25,,2821,3,,,0,75,,2838,3,,,0,35,,2827,3,,,0,75,,2833,3,,,0,35,,2822,3,,,0,105,,2843,3,,,0,105,,2842,3,,,0,145,,2841,3,,,0,105,,2840,3,,,0,105,,2839,3,,,0
1300,'KerOffPriveOff',616,,2858,3,,,0,35,,2847,3,,,0,80,,2864,3,,,0,75,,2853,3,,,0,36,,2859,3,,,0,74,,2848,3,,,0,35,,2865,3,,,0,75,,2854,3,,,0,75,,2860,3,,,0,35,,2849,3,,,0,75,,2866,3,,,0,35,,2855,3,,,0,75,,2861,3,,,0,35,,2850,3,,,0,75,,2867,3,,,0,80,,2856,3,,,0,38,,2862,3,,,0,52,,2876,3,,,0,25,,2851,3,,,0,75,,2868,3,,,0,35,,2857,3,,,0,75,,2863,3,,,0,35,,2852,3,,,0,105,,2873,3,,,0,105,,2872,3,,,0,145,,2871,3,,,0,105,,2870,3,,,0,105,,2869,3,,,0
1300,'Samedi',646,,2885,3,,,0,105,,2877,3,,,0,105,,2886,3,,,0,145,,2878,3,,,0,105,,2887,3,,,0,105,,2879,3,,,0,105,,2888,3,,,0,105,,2880,3,,,0,105,,2889,3,,,0,105,,2881,3,,,0,105,,2890,3,,,0,105,,2882,3,,,0,105,,2891,3,,,0,105,,2883,3,,,0,105,,2892,3,,,0,145,,2884,3,,,0,105,,2893,3,,,0
