500,'CsRoyOff',630,,654,23,,,0,77,,663,23,,,0,26,,681,23,,,0,15,,671,23,,,0,75,,668,23,,,0,35,,659,23,,,0,75,,655,23,,,0,75,,664,23,,,0,35,,672,23,,,0,75,,667,23,,,0,35,,660,23,,,0,75,,656,23,,,0,75,,665,23,,,0,35,,673,23,,,0,75,,670,23,,,0,35,,661,23,,,0,80,,657,23,,,0,78,,666,23,,,0,36,,674,23,,,0,75,,669,23,,,0,35,,662,23,,,0,73,,658,23,,,0,75,,680,23,,,0,105,,679,23,,,0,105,,678,23,,,0,105,,677,23,,,0,105,,676,23,,,0,105,,675,23,,,0
500,'CsRoyOffKerOff',630,,682,23,,,0,77,,691,23,,,0,26,,709,23,,,0,15,,699,23,,,0,75,,696,23,,,0,35,,687,23,,,0,75,,683,23,,,0,75,,692,23,,,0,35,,700,23,,,0,75,,695,23,,,0,35,,688,23,,,0,75,,684,23,,,0,75,,693,23,,,0,35,,701,23,,,0,75,,698,23,,,0,35,,689,23,,,0,80,,685,23,,,0,78,,694,23,,,0,36,,702,23,,,0,75,,697,23,,,0,35,,690,23,,,0,73,,686,23,,,0,75,,708,23,,,0,105,,707,23,,,0,105,,706,23,,,0,105,,705,23,,,0,105,,704,23,,,0,105,,703,23,,,0
500,'Dimanche',930,,712,23,,,0,105,,715,23,,,0,105,,714,23,,,0,105,,716,23,,,0,107,,717,23,,,0,105,,718,23,,,0,145,,719,23,,,0,105,,713,23,,,0,105,,710,23,,,0,103,,711,23,,,0
500,'EventOff',630,,720,23,,,0,77,,729,23,,,0,26,,747,23,,,0,15,,737,23,,,0,75,,734,23,,,0,35,,725,23,,,0,75,,721,23,,,0,75,,730,23,,,0,35,,738,23,,,0,75,,733,23,,,0,35,,726,23,,,0,75,,722,23,,,0,75,,731,23,,,0,35,,739,23,,,0,75,,736,23,,,0,35,,727,23,,,0,80,,723,23,,,0,78,,732,23,,,0,36,,740,23,,,0,75,,735,23,,,0,35,,728,23,,,0,73,,724,23,,,0,75,,746,23,,,0,105,,745,23,,,0,105,,744,23,,,0,105,,743,23,,,0,105,,742,23,,,0,105,,741,23,,,0
500,'EventOn',630,,748,23,,,0,77,,757,23,,,0,26,,775,23,,,0,15,,765,23,,,0,75,,762,23,,,0,35,,753,23,,,0,75,,749,23,,,0,75,,758,23,,,0,35,,766,23,,,0,75,,761,23,,,0,35,,754,23,,,0,75,,750,23,,,0,75,,759,23,,,0,35,,767,23,,,0,75,,764,23,,,0,35,,755,23,,,0,80,,751,23,,,0,78,,760,23,,,0,12,,776,23,,,0,24,,768,23,,,0,75,,763,23,,,0,35,,756,23,,,0,73,,752,23,,,0,75,,774,23,,,0,105,,773,23,,,0,105,,772,23,,,0,105,,771,23,,,0,105,,770,23,,,0,105,,769,23,,,0
500,'KerOffPriveOff',630,,777,23,,,0,77,,786,23,,,0,26,,804,23,,,0,15,,794,23,,,0,75,,791,23,,,0,35,,782,23,,,0,75,,778,23,,,0,75,,787,23,,,0,35,,795,23,,,0,75,,790,23,,,0,35,,783,23,,,0,75,,779,23,,,0,75,,788,23,,,0,35,,796,23,,,0,75,,793,23,,,0,35,,784,23,,,0,80,,780,23,,,0,78,,789,23,,,0,12,,805,23,,,0,24,,797,23,,,0,75,,792,23,,,0,35,,785,23,,,0,73,,781,23,,,0,75,,803,23,,,0,105,,802,23,,,0,105,,801,23,,,0,105,,800,23,,,0,105,,799,23,,,0,105,,798,23,,,0
500,'Samedi',700,,817,23,,,0,105,,806,23,,,0,105,,812,23,,,0,105,,818,23,,,0,105,,807,23,,,0,105,,813,23,,,0,107,,819,23,,,0,105,,808,23,,,0,105,,814,23,,,0,105,,820,23,,,0,105,,809,23,,,0,103,,815,23,,,0,145,,821,23,,,0,105,,810,23,,,0,105,,816,23,,,0,105,,822,23,,,0,105,,811,23,,,0
6001,'CsRoyOff',614,,4678,15,,,0,34,,4652,39,,,0,74,,4663,39,,,0,82,,4653,39,,,0,33,,4664,39,,,0,72,,4654,39,,,0,36,,4665,39,,,0,74,,4655,39,,,0,35,,4666,39,,,0,76,,4656,39,,,0,75,,4667,39,,,0,35,,4657,39,,,0,73,,4668,39,,,0,35,,4658,39,,,0,67,,4669,39,,,0,40,,4679,39,,,0,71,,4659,39,,,0,84,,4670,39,,,0,30,,4660,39,,,0,77,,4671,39,,,0,36,,4661,39,,,0,75,,4672,39,,,0,29,,4662,39,,,0,153,,4675,39,,,0,105,,4677,39,,,0,105,,4676,39,,,0,105,,4674,39,,,0,103,,4673,39,,,0
6001,'CsRoyOffKerOff',614,,4706,15,,,0,34,,4680,39,,,0,74,,4691,39,,,0,82,,4681,39,,,0,33,,4692,39,,,0,72,,4682,39,,,0,36,,4693,39,,,0,74,,4683,39,,,0,35,,4694,39,,,0,76,,4684,39,,,0,75,,4695,39,,,0,35,,4685,39,,,0,73,,4696,39,,,0,35,,4686,39,,,0,67,,4697,39,,,0,40,,4707,39,,,0,71,,4687,39,,,0,84,,4698,39,,,0,30,,4688,39,,,0,77,,4699,39,,,0,36,,4689,39,,,0,75,,4700,39,,,0,29,,4690,39,,,0,153,,4703,39,,,0,105,,4705,39,,,0,105,,4704,39,,,0,105,,4702,39,,,0,103,,4701,39,,,0
6001,'Dimanche',935,,4708,39,,,0,104,,4710,39,,,0,106,,4711,39,,,0,105,,4713,39,,,0,107,,4714,39,,,0,143,,4715,39,,,0,105,,4716,39,,,0,104,,4717,39,,,0,106,,4712,39,,,0,105,,4709,39,,,0
6001,'EventOff',614,,4744,15,,,0,34,,4718,39,,,0,74,,4729,39,,,0,82,,4719,39,,,0,33,,4730,39,,,0,72,,4720,39,,,0,36,,4731,39,,,0,74,,4721,39,,,0,35,,4732,39,,,0,76,,4722,39,,,0,75,,4733,39,,,0,35,,4723,39,,,0,73,,4734,39,,,0,35,,4724,39,,,0,67,,4735,39,,,0,40,,4745,39,,,0,71,,4725,39,,,0,84,,4736,39,,,0,30,,4726,39,,,0,77,,4737,39,,,0,36,,4727,39,,,0,75,,4738,39,,,0,29,,4728,39,,,0,153,,4741,39,,,0,105,,4743,39,,,0,105,,4742,39,,,0,105,,4740,39,,,0,103,,4739,39,,,0
6001,'EventOn',614,,4772,15,,,0,34,,4746,39,,,0,74,,4757,39,,,0,82,,4747,39,,,0,33,,4758,39,,,0,72,,4748,39,,,0,36,,4759,39,,,0,74,,4749,39,,,0,35,,4760,39,,,0,76,,4750,39,,,0,75,,4761,39,,,0,35,,4751,39,,,0,73,,4762,39,,,0,35,,4752,39,,,0,67,,4763,39,,,0,40,,4773,39,,,0,71,,4753,39,,,0,20,,4775,3,,,0,64,,4764,39,,,0,30,,4754,39,,,0,77,,4765,39,,,0,36,,4755,39,,,0,75,,4766,39,,,0,29,,4756,39,,,0,153,,4769,39,,,0,105,,4771,39,,,0,105,,4770,39,,,0,105,,4768,39,,,0,103,,4767,39,,,0
6001,'KerOffPriveOff',614,,4803,15,,,0,34,,4777,39,,,0,74,,4788,39,,,0,82,,4778,39,,,0,33,,4789,39,,,0,72,,4779,39,,,0,36,,4790,39,,,0,74,,4780,39,,,0,35,,4791,39,,,0,76,,4781,39,,,0,75,,4792,39,,,0,35,,4782,39,,,0,73,,4793,39,,,0,35,,4783,39,,,0,67,,4794,39,,,0,40,,4804,39,,,0,71,,4784,39,,,0,20,,4806,3,,,0,64,,4795,39,,,0,30,,4785,39,,,0,77,,4796,39,,,0,36,,4786,39,,,0,75,,4797,39,,,0,29,,4787,39,,,0,153,,4800,39,,,0,105,,4802,39,,,0,105,,4801,39,,,0,105,,4799,39,,,0,103,,4798,39,,,0
6001,'Samedi',705,,4813,39,,,0,105,,4819,39,,,0,105,,4808,39,,,0,105,,4814,39,,,0,106,,4820,39,,,0,105,,4809,39,,,0,106,,4815,39,,,0,105,,4821,39,,,0,105,,4810,39,,,0,103,,4816,39,,,0,105,,4822,39,,,0,145,,4811,39,,,0,105,,4817,39,,,0,105,,4823,39,,,0,105,,4812,39,,,0,105,,4818,39,,,0,105,,4824,39,,,0
111800501,'CsRoyOff',802,,4941,33,,,0
111800501,'EventOn',802,,4944,33,,,0
