901,'CsRoyOff',616,,1744,16,,,0,24,,1758,16,,,0,70,,1762,22,0,5,0,7,,1745,16,,,0,1,,1763,22,0,6,0,38,,1757,16,,,0,74,,1746,16,,,0,76,,1759,16,,,0,35,,1747,16,,,0,110,,1748,16,,,0,151,,1749,16,,,0,109,,1750,16,,,0,111,,1751,16,,,0,36,,1756,16,,,0,76,,1752,16,,,0,79,,1755,16,,,0,37,,1753,16,,,0,77,,1760,16,,,0,75,,1754,16,,,0,110,,1761,16,,,0
901,'CsRoyOffKerOff',616,,1764,16,,,0,24,,1778,16,,,0,70,,1782,22,0,5,0,7,,1765,16,,,0,39,,1777,16,,,0,74,,1766,16,,,0,76,,1779,16,,,0,35,,1767,16,,,0,110,,1768,16,,,0,151,,1769,16,,,0,109,,1770,16,,,0,111,,1771,16,,,0,36,,1776,16,,,0,76,,1772,16,,,0,79,,1775,16,,,0,37,,1773,16,,,0,77,,1780,16,,,0,75,,1774,16,,,0,110,,1781,16,,,0
901,'EventOff',616,,1783,16,,,0,24,,1797,16,,,0,77,,1784,16,,,0,39,,1796,16,,,0,74,,1785,16,,,0,76,,1798,16,,,0,35,,1786,16,,,0,110,,1787,16,,,0,151,,1788,16,,,0,109,,1789,16,,,0,111,,1790,16,,,0,36,,1795,16,,,0,76,,1791,16,,,0,79,,1794,16,,,0,37,,1792,16,,,0,77,,1799,16,,,0,75,,1793,16,,,0,110,,1800,16,,,0
901,'EventOn',616,,1801,16,,,0,24,,1815,16,,,0,70,,1819,22,0,5,0,7,,1802,16,,,0,1,,1820,22,0,6,0,38,,1814,16,,,0,74,,1803,16,,,0,76,,1816,16,,,0,35,,1804,16,,,0,110,,1805,16,,,0,151,,1806,16,,,0,109,,1807,16,,,0,111,,1808,16,,,0,36,,1813,16,,,0,76,,1809,16,,,0,79,,1812,16,,,0,37,,1810,16,,,0,77,,1817,16,,,0,75,,1811,16,,,0,110,,1818,16,,,0
901,'KerOffPriveOff',616,,1821,16,,,0,24,,1835,16,,,0,77,,1822,16,,,0,39,,1834,16,,,0,74,,1823,16,,,0,76,,1836,16,,,0,35,,1824,16,,,0,110,,1825,16,,,0,151,,1826,16,,,0,109,,1827,16,,,0,111,,1828,16,,,0,36,,1833,16,,,0,76,,1829,16,,,0,79,,1832,16,,,0,37,,1830,16,,,0,77,,1837,16,,,0,75,,1831,16,,,0,110,,1838,16,,,0
8901,'CsRoyOff',2017,,4880,16,,,0,105,,4879,16,,,0,105,,4878,16,,,0,105,,4877,16,,,0
8901,'CsRoyOffKerOff',2017,,4884,16,,,0,105,,4883,16,,,0,105,,4882,16,,,0,105,,4881,16,,,0
8901,'Dimanche',835,,4886,16,,,0,105,,4888,16,,,0,106,,4890,16,,,0,105,,4891,16,,,0,105,,4892,16,,,0,145,,4893,16,,,0,105,,4894,16,,,0,105,,4895,16,,,0,105,,4885,16,,,0,104,,4889,16,,,0,101,,4887,16,,,0
8901,'EventOff',2017,,4899,16,,,0,105,,4898,16,,,0,105,,4897,16,,,0,105,,4896,16,,,0
8901,'EventOn',2017,,4903,16,,,0,105,,4902,16,,,0,105,,4901,16,,,0,105,,4900,16,,,0
8901,'KerOffPriveOff',2017,,4907,16,,,0,105,,4906,16,,,0,105,,4905,16,,,0,105,,4904,16,,,0
8901,'Samedi',710,,4916,16,,,0,105,,4908,16,,,0,106,,4917,16,,,0,105,,4909,16,,,0,105,,4918,16,,,0,105,,4910,16,,,0,104,,4919,16,,,0,105,,4911,16,,,0,105,,4920,16,,,0,106,,4912,16,,,0,144,,4921,16,,,0,105,,4913,16,,,0,105,,4922,16,,,0,105,,4914,16,,,0,105,,4923,16,,,0,105,,4915,16,,,0
