1400,'CsRoyOff',636,,3062,10,,,0,70,,3063,10,,,0,30,,3061,10,,,0,100,,3060,10,,,0,685,,3059,10,,,0,100,,3057,10,,,0,100,,3058,10,,,0
1400,'CsRoyOffKerOff',636,,3069,10,,,0,70,,3070,10,,,0,30,,3068,10,,,0,100,,3067,10,,,0,685,,3066,10,,,0,100,,3064,10,,,0,100,,3065,10,,,0
1400,'EventOff',636,,3076,10,,,0,70,,3077,10,,,0,30,,3075,10,,,0,100,,3074,10,,,0,685,,3073,10,,,0,100,,3071,10,,,0,100,,3072,10,,,0
1400,'EventOn',636,,3083,10,,,0,70,,3084,10,,,0,30,,3082,10,,,0,100,,3081,10,,,0,685,,3080,10,,,0,100,,3078,10,,,0,100,,3079,10,,,0
1400,'KerOffPriveOff',636,,3090,10,,,0,70,,3091,10,,,0,30,,3089,10,,,0,100,,3088,10,,,0,685,,3087,10,,,0,100,,3085,10,,,0,100,,3086,10,,,0
1600,'CsRoyOff',708,,3122,11,,,0,110,,3123,11,,,0,111,,3124,11,,,0,110,,3125,11,,,0,110,,3126,11,,,0,110,,3127,11,,,0,149,,3128,11,,,0,116,,3129,11,,,0,114,,3130,11,,,0,111,,3131,11,,,0,110,,3132,11,,,0,100,,3133,11,,,0,146,,3134,11,,,0,104,,3135,11,,,0,106,,3136,11,,,0,102,,3137,11,,,0
1600,'CsRoyOffKerOff',708,,3138,11,,,0,110,,3139,11,,,0,111,,3140,11,,,0,110,,3141,11,,,0,110,,3142,11,,,0,110,,3143,11,,,0,149,,3144,11,,,0,116,,3145,11,,,0,114,,3146,11,,,0,111,,3147,11,,,0,110,,3148,11,,,0,100,,3149,11,,,0,146,,3150,11,,,0,104,,3151,11,,,0,106,,3152,11,,,0,102,,3153,11,,,0
1600,'Dimanche',924,,3155,11,,,0,105,,3156,11,,,0,105,,3157,11,,,0,105,,3158,11,,,0,104,,3159,11,,,0,105,,3160,11,,,0,105,,3161,11,,,0,105,,3154,11,,,0,145,,3162,11,,,0,105,,3163,11,,,0
1600,'EventOff',708,,3164,11,,,0,110,,3165,11,,,0,111,,3166,11,,,0,110,,3167,11,,,0,110,,3168,11,,,0,110,,3169,11,,,0,149,,3170,11,,,0,116,,3171,11,,,0,114,,3172,11,,,0,111,,3173,11,,,0,110,,3174,11,,,0,100,,3175,11,,,0,146,,3176,11,,,0,104,,3177,11,,,0,106,,3178,11,,,0,102,,3179,11,,,0
1600,'EventOn',708,,3180,11,,,0,110,,3181,11,,,0,111,,3182,11,,,0,110,,3183,11,,,0,110,,3184,11,,,0,110,,3185,11,,,0,149,,3186,11,,,0,116,,3187,11,,,0,114,,3188,11,,,0,111,,3189,11,,,0,110,,3190,11,,,0,100,,3191,11,,,0,146,,3192,11,,,0,104,,3193,11,,,0,106,,3194,11,,,0,102,,3195,11,,,0
1600,'KerOffPriveOff',708,,3196,11,,,0,110,,3197,11,,,0,111,,3198,11,,,0,110,,3199,11,,,0,110,,3200,11,,,0,110,,3201,11,,,0,149,,3202,11,,,0,116,,3203,11,,,0,114,,3204,11,,,0,111,,3205,11,,,0,110,,3206,11,,,0,100,,3207,11,,,0,146,,3208,11,,,0,104,,3209,11,,,0,106,,3210,11,,,0,102,,3211,11,,,0
1600,'Samedi',653,,3227,11,,,0,105,,3228,11,,,0,145,,3212,11,,,0,105,,3213,11,,,0,105,,3214,11,,,0,105,,3215,11,,,0,105,,3216,11,,,0,105,,3217,11,,,0,105,,3218,11,,,0,105,,3219,11,,,0,105,,3221,11,,,0,105,,3222,11,,,0,105,,3223,11,,,0,105,,3224,11,,,0,145,,3225,11,,,0,105,,3226,11,,,0,105,,3220,11,,,0
