1600,'CsRoyOff',702,,3122,4,,,0,109,,3123,4,,,0,112,,3124,4,,,0,110,,3125,4,,,0,110,,3126,4,,,0,110,,3127,4,,,0,149,,3128,4,,,0,115,,3129,4,,,0,114,,3130,4,,,0,111,,3131,4,,,0,111,,3132,4,,,0,100,,3133,4,,,0,106,,3134,4,,,0,144,,3135,4,,,0,106,,3136,4,,,0,102,,3137,4,,,0
1600,'CsRoyOffKerOff',702,,3138,4,,,0,109,,3139,4,,,0,112,,3140,4,,,0,110,,3141,4,,,0,110,,3142,4,,,0,110,,3143,4,,,0,149,,3144,4,,,0,115,,3145,4,,,0,114,,3146,4,,,0,111,,3147,4,,,0,111,,3148,4,,,0,100,,3149,4,,,0,106,,3150,4,,,0,144,,3151,4,,,0,106,,3152,4,,,0,102,,3153,4,,,0
1600,'Dimanche',919,,3155,4,,,0,105,,3156,4,,,0,105,,3157,4,,,0,105,,3158,4,,,0,104,,3159,4,,,0,105,,3160,4,,,0,105,,3161,4,,,0,105,,3154,4,,,0,105,,3162,4,,,0,145,,3163,4,,,0
1600,'EventOff',702,,3164,4,,,0,109,,3165,4,,,0,112,,3166,4,,,0,110,,3167,4,,,0,110,,3168,4,,,0,110,,3169,4,,,0,149,,3170,4,,,0,115,,3171,4,,,0,114,,3172,4,,,0,111,,3173,4,,,0,111,,3174,4,,,0,100,,3175,4,,,0,106,,3176,4,,,0,144,,3177,4,,,0,106,,3178,4,,,0,102,,3179,4,,,0
1600,'EventOn',702,,3180,4,,,0,109,,3181,4,,,0,112,,3182,4,,,0,110,,3183,4,,,0,110,,3184,4,,,0,110,,3185,4,,,0,149,,3186,4,,,0,115,,3187,4,,,0,114,,3188,4,,,0,111,,3189,4,,,0,111,,3190,4,,,0,100,,3191,4,,,0,106,,3192,4,,,0,144,,3193,4,,,0,106,,3194,4,,,0,102,,3195,4,,,0
1600,'KerOffPriveOff',702,,3196,4,,,0,109,,3197,4,,,0,112,,3198,4,,,0,110,,3199,4,,,0,110,,3200,4,,,0,110,,3201,4,,,0,149,,3202,4,,,0,115,,3203,4,,,0,114,,3204,4,,,0,111,,3205,4,,,0,111,,3206,4,,,0,100,,3207,4,,,0,106,,3208,4,,,0,144,,3209,4,,,0,106,,3210,4,,,0,102,,3211,4,,,0
1600,'Samedi',648,,3227,4,,,0,105,,3228,4,,,0,105,,3212,4,,,0,145,,3213,4,,,0,105,,3214,4,,,0,105,,3215,4,,,0,105,,3216,4,,,0,105,,3217,4,,,0,105,,3218,4,,,0,105,,3219,4,,,0,105,,3221,4,,,0,105,,3222,4,,,0,105,,3223,4,,,0,105,,3224,4,,,0,105,,3225,4,,,0,145,,3226,4,,,0,105,,3220,4,,,0
2500,'CsRoyOff',627,,3548,15,,,0,75,,3546,15,,,0,40,,3549,15,,,0,69,,3574,6,0,6,0,6,,3547,15,,,0,36,,3550,15,,,0,74,,3551,15,,,0,75,,3552,15,,,0,35,,3553,15,,,0,75,,3554,15,,,0,35,,3555,15,,,0,75,,3556,15,,,0,35,,3557,15,,,0,75,,3558,15,,,0,75,,3559,15,,,0,35,,3560,15,,,0,81,,3561,15,,,0,78,,3562,15,,,0,36,,3563,15,,,0,75,,3564,15,,,0,35,,3565,15,,,0,75,,3566,15,,,0,35,,3567,15,,,0,145,,3568,15,,,0,105,,3569,15,,,0,105,,3570,15,,,0,105,,3571,15,,,0,105,,3572,15,,,0
2500,'CsRoyOffKerOff',627,,3579,15,,,0,75,,3577,15,,,0,40,,3580,15,,,0,75,,3578,15,,,0,36,,3581,15,,,0,74,,3582,15,,,0,75,,3583,15,,,0,35,,3584,15,,,0,75,,3585,15,,,0,35,,3586,15,,,0,75,,3587,15,,,0,35,,3588,15,,,0,75,,3589,15,,,0,75,,3590,15,,,0,35,,3591,15,,,0,81,,3592,15,,,0,78,,3593,15,,,0,36,,3594,15,,,0,75,,3595,15,,,0,35,,3596,15,,,0,75,,3597,15,,,0,35,,3598,15,,,0,145,,3599,15,,,0,105,,3600,15,,,0,105,,3601,15,,,0,105,,3602,15,,,0,105,,3603,15,,,0
2500,'Dimanche',927,,3610,15,,,0,105,,3611,15,,,0,105,,3612,15,,,0,105,,3613,15,,,0,105,,3614,15,,,0,105,,3615,15,,,0,105,,3616,15,,,0,145,,3608,15,,,0,105,,3609,15,,,0,105,,3607,15,,,0
2500,'EventOff',627,,3620,15,,,0,75,,3618,15,,,0,40,,3621,15,,,0,75,,3619,15,,,0,36,,3622,15,,,0,74,,3623,15,,,0,75,,3624,15,,,0,35,,3625,15,,,0,75,,3626,15,,,0,35,,3627,15,,,0,75,,3628,15,,,0,35,,3629,15,,,0,75,,3630,15,,,0,75,,3631,15,,,0,35,,3632,15,,,0,81,,3633,15,,,0,78,,3634,15,,,0,36,,3635,15,,,0,75,,3636,15,,,0,35,,3637,15,,,0,75,,3638,15,,,0,35,,3639,15,,,0,145,,3640,15,,,0,105,,3641,15,,,0,105,,3642,15,,,0,105,,3643,15,,,0,105,,3644,15,,,0
2500,'EventOn',627,,3648,15,,,0,75,,3646,15,,,0,40,,3649,15,,,0,69,,3675,6,0,6,0,6,,3647,15,,,0,36,,3650,15,,,0,74,,3651,15,,,0,75,,3652,15,,,0,35,,3653,15,,,0,75,,3654,15,,,0,35,,3655,15,,,0,75,,3656,15,,,0,35,,3657,15,,,0,75,,3658,15,,,0,75,,3659,15,,,0,35,,3660,15,,,0,81,,3661,15,,,0,26,,3678,6,,,0,52,,3662,15,,,0,36,,3663,15,,,0,75,,3664,15,,,0,35,,3665,15,,,0,75,,3666,15,,,0,35,,3667,15,,,0,145,,3668,15,,,0,105,,3669,15,,,0,105,,3670,15,,,0,105,,3671,15,,,0,105,,3672,15,,,0
2500,'KerOffPriveOff',627,,3683,15,,,0,75,,3681,15,,,0,40,,3684,15,,,0,75,,3682,15,,,0,36,,3685,15,,,0,74,,3686,15,,,0,75,,3687,15,,,0,35,,3688,15,,,0,75,,3689,15,,,0,35,,3690,15,,,0,75,,3691,15,,,0,35,,3692,15,,,0,75,,3693,15,,,0,75,,3694,15,,,0,35,,3695,15,,,0,81,,3696,15,,,0,26,,3711,6,,,0,52,,3697,15,,,0,36,,3698,15,,,0,75,,3699,15,,,0,35,,3700,15,,,0,75,,3701,15,,,0,35,,3702,15,,,0,145,,3703,15,,,0,105,,3704,15,,,0,105,,3705,15,,,0,105,,3706,15,,,0,105,,3707,15,,,0
2500,'Samedi',657,,3713,15,,,0,145,,3719,15,,,0,105,,3726,15,,,0,105,,3714,15,,,0,105,,3720,15,,,0,105,,3727,15,,,0,105,,3715,15,,,0,105,,3721,15,,,0,105,,3728,15,,,0,105,,3716,15,,,0,105,,3722,15,,,0,105,,3729,15,,,0,105,,3717,15,,,0,145,,3723,15,,,0,105,,3730,15,,,0,105,,3718,15,,,0,105,,3724,15,,,0
