601,'CsRoyOff',619,,1181,28,,,0,35,,1159,34,,,0,76,,1182,34,,,0,6,,1154,34,,,0,74,,1165,34,,,0,36,,1171,34,,,0,74,,1158,34,,,0,35,,1160,34,,,0,75,,1155,34,,,0,75,,1166,34,,,0,35,,1172,34,,,0,75,,1164,34,,,0,35,,1161,34,,,0,75,,1156,34,,,0,75,,1167,34,,,0,35,,1173,34,,,0,81,,1170,34,,,0,30,,1183,19,,,0,7,,1162,34,,,0,77,,1157,34,,,0,75,,1168,34,,,0,34,,1174,34,,,0,75,,1169,34,,,0,35,,1163,34,,,0,79,,1179,34,,,0,100,,1178,34,,,0,105,,1177,34,,,0,105,,1176,34,,,0,105,,1175,34,,,0,100,,1180,34,,,0
601,'CsRoyOffKerOff',619,,1211,28,,,0,35,,1189,34,,,0,76,,1212,34,,,0,6,,1184,34,,,0,74,,1195,34,,,0,36,,1201,34,,,0,74,,1188,34,,,0,35,,1190,34,,,0,75,,1185,34,,,0,75,,1196,34,,,0,35,,1202,34,,,0,75,,1194,34,,,0,35,,1191,34,,,0,75,,1186,34,,,0,75,,1197,34,,,0,35,,1203,34,,,0,81,,1200,34,,,0,37,,1192,34,,,0,77,,1187,34,,,0,75,,1198,34,,,0,34,,1204,34,,,0,75,,1199,34,,,0,35,,1193,34,,,0,79,,1209,34,,,0,100,,1208,34,,,0,105,,1207,34,,,0,105,,1206,34,,,0,105,,1205,34,,,0,100,,1210,34,,,0
601,'Dimanche',846,,1215,34,,,0,105,,1214,34,,,0,106,,1219,34,,,0,145,,1218,34,,,0,105,,1220,34,,,0,105,,1221,34,,,0,105,,1222,34,,,0,105,,1223,34,,,0,105,,1217,34,,,0,104,,1216,34,,,0,102,,1213,34,,,0
601,'EventOff',619,,1251,28,,,0,35,,1229,34,,,0,82,,1224,34,,,0,74,,1235,34,,,0,36,,1241,34,,,0,74,,1228,34,,,0,35,,1230,34,,,0,75,,1225,34,,,0,75,,1236,34,,,0,35,,1242,34,,,0,75,,1234,34,,,0,35,,1231,34,,,0,75,,1226,34,,,0,75,,1237,34,,,0,35,,1243,34,,,0,81,,1240,34,,,0,37,,1232,34,,,0,77,,1227,34,,,0,75,,1238,34,,,0,34,,1244,34,,,0,75,,1239,34,,,0,35,,1233,34,,,0,79,,1249,34,,,0,100,,1248,34,,,0,105,,1247,34,,,0,105,,1246,34,,,0,105,,1245,34,,,0,100,,1250,34,,,0
601,'EventOn',619,,1279,28,,,0,35,,1257,34,,,0,76,,1280,34,,,0,6,,1252,34,,,0,74,,1263,34,,,0,36,,1269,34,,,0,74,,1256,34,,,0,35,,1258,34,,,0,75,,1253,34,,,0,75,,1264,34,,,0,35,,1270,34,,,0,75,,1262,34,,,0,35,,1259,34,,,0,75,,1254,34,,,0,75,,1265,34,,,0,35,,1271,34,,,0,81,,1268,34,,,0,30,,1281,19,,,0,7,,1260,34,,,0,58,,1282,34,,,0,19,,1255,34,,,0,75,,1266,34,,,0,34,,1272,34,,,0,75,,1267,34,,,0,35,,1261,34,,,0,79,,1277,34,,,0,100,,1276,34,,,0,105,,1275,34,,,0,105,,1274,34,,,0,105,,1273,34,,,0,100,,1278,34,,,0
601,'KerOffPriveOff',619,,1310,28,,,0,35,,1288,34,,,0,82,,1283,34,,,0,74,,1294,34,,,0,36,,1300,34,,,0,74,,1287,34,,,0,35,,1289,34,,,0,75,,1284,34,,,0,75,,1295,34,,,0,35,,1301,34,,,0,75,,1293,34,,,0,35,,1290,34,,,0,75,,1285,34,,,0,75,,1296,34,,,0,35,,1302,34,,,0,81,,1299,34,,,0,37,,1291,34,,,0,58,,1311,34,,,0,19,,1286,34,,,0,75,,1297,34,,,0,34,,1303,34,,,0,75,,1298,34,,,0,35,,1292,34,,,0,79,,1308,34,,,0,100,,1307,34,,,0,105,,1306,34,,,0,105,,1305,34,,,0,105,,1304,34,,,0,100,,1309,34,,,0
601,'Samedi',617,,1328,28,,,0,105,,1312,34,,,0,105,,1320,34,,,0,106,,1313,34,,,0,105,,1321,34,,,0,105,,1314,34,,,0,105,,1322,34,,,0,104,,1315,34,,,0,104,,1323,34,,,0,145,,1316,34,,,0,106,,1324,34,,,0,105,,1317,34,,,0,105,,1325,34,,,0,105,,1318,34,,,0,105,,1326,34,,,0,105,,1319,34,,,0,105,,1327,34,,,0,97,,1329,34,,,0
8901,'CsRoyOff',2027,,4880,38,,,0,105,,4879,38,,,0,105,,4878,38,,,0,105,,4877,38,,,0
8901,'CsRoyOffKerOff',2027,,4884,38,,,0,105,,4883,38,,,0,105,,4882,38,,,0,105,,4881,38,,,0
8901,'Dimanche',846,,4886,38,,,0,105,,4888,38,,,0,106,,4890,38,,,0,145,,4891,38,,,0,105,,4892,38,,,0,105,,4893,38,,,0,105,,4894,38,,,0,105,,4895,38,,,0,105,,4885,38,,,0,104,,4889,38,,,0,101,,4887,38,,,0
8901,'EventOff',2027,,4899,38,,,0,105,,4898,38,,,0,105,,4897,38,,,0,105,,4896,38,,,0
8901,'EventOn',2027,,4903,38,,,0,105,,4902,38,,,0,105,,4901,38,,,0,105,,4900,38,,,0
8901,'KerOffPriveOff',2027,,4907,38,,,0,105,,4906,38,,,0,105,,4905,38,,,0,105,,4904,38,,,0
8901,'Samedi',722,,4916,38,,,0,105,,4908,38,,,0,106,,4917,38,,,0,105,,4909,38,,,0,105,,4918,38,,,0,105,,4910,38,,,0,104,,4919,38,,,0,105,,4911,38,,,0,145,,4920,38,,,0,106,,4912,38,,,0,104,,4921,38,,,0,105,,4913,38,,,0,105,,4922,38,,,0,105,,4914,38,,,0,105,,4923,38,,,0,105,,4915,38,,,0
111800400,'CsRoyOff',738,,4932,3,,,0
111800400,'EventOn',738,,4933,3,,,0
160900100,'EventOn',1553,,4946,18,,,0
160900100,'KerOffPriveOff',1553,,4947,18,,,0
