6001,'CsRoyOff',630,,4652,17,,,0,72,,4663,17,,,0,39,,4653,17,,,0,76,,4664,17,,,0,34,,4654,17,,,0,76,,4665,17,,,0,74,,4655,17,,,0,35,,4666,17,,,0,75,,4656,17,,,0,35,,4667,17,,,0,75,,4657,17,,,0,34,,4668,17,,,0,75,,4658,17,,,0,27,,4669,17,,,0,80,,4679,17,,,0,71,,4659,17,,,0,44,,4670,17,,,0,71,,4660,17,,,0,78,,4671,17,,,0,36,,4661,17,,,0,75,,4672,17,,,0,29,,4662,17,,,0,111,,4675,17,,,0,105,,4677,17,,,0,145,,4676,17,,,0,105,,4674,17,,,0,105,,4673,17,,,0
6001,'CsRoyOffKerOff',630,,4680,17,,,0,72,,4691,17,,,0,39,,4681,17,,,0,76,,4692,17,,,0,34,,4682,17,,,0,76,,4693,17,,,0,74,,4683,17,,,0,35,,4694,17,,,0,75,,4684,17,,,0,35,,4695,17,,,0,75,,4685,17,,,0,34,,4696,17,,,0,75,,4686,17,,,0,27,,4697,17,,,0,80,,4707,17,,,0,71,,4687,17,,,0,44,,4698,17,,,0,71,,4688,17,,,0,78,,4699,17,,,0,36,,4689,17,,,0,75,,4700,17,,,0,29,,4690,17,,,0,111,,4703,17,,,0,105,,4705,17,,,0,145,,4704,17,,,0,105,,4702,17,,,0,105,,4701,17,,,0
6001,'Dimanche',917,,4708,17,,,0,105,,4710,17,,,0,105,,4711,17,,,0,105,,4713,17,,,0,105,,4714,17,,,0,105,,4715,17,,,0,105,,4716,17,,,0,105,,4717,17,,,0,105,,4712,17,,,0,145,,4709,17,,,0
6001,'EventOff',630,,4718,17,,,0,72,,4729,17,,,0,39,,4719,17,,,0,76,,4730,17,,,0,34,,4720,17,,,0,76,,4731,17,,,0,74,,4721,17,,,0,35,,4732,17,,,0,75,,4722,17,,,0,35,,4733,17,,,0,75,,4723,17,,,0,34,,4734,17,,,0,75,,4724,17,,,0,27,,4735,17,,,0,80,,4745,17,,,0,71,,4725,17,,,0,44,,4736,17,,,0,71,,4726,17,,,0,78,,4737,17,,,0,36,,4727,17,,,0,75,,4738,17,,,0,29,,4728,17,,,0,111,,4741,17,,,0,105,,4743,17,,,0,145,,4742,17,,,0,105,,4740,17,,,0,105,,4739,17,,,0
6001,'EventOn',630,,4746,17,,,0,72,,4757,17,,,0,39,,4747,17,,,0,76,,4758,17,,,0,34,,4748,17,,,0,76,,4759,17,,,0,74,,4749,17,,,0,35,,4760,17,,,0,75,,4750,17,,,0,35,,4761,17,,,0,75,,4751,17,,,0,34,,4762,17,,,0,75,,4752,17,,,0,27,,4763,17,,,0,80,,4773,17,,,0,71,,4753,17,,,0,44,,4764,17,,,0,1,,4776,17,0,14 15,0,70,,4754,17,,,0,78,,4765,17,,,0,36,,4755,17,,,0,75,,4766,17,,,0,29,,4756,17,,,0,111,,4769,17,,,0,105,,4771,17,,,0,145,,4770,17,,,0,105,,4768,17,,,0,105,,4767,17,,,0
6001,'KerOffPriveOff',630,,4777,17,,,0,72,,4788,17,,,0,39,,4778,17,,,0,76,,4789,17,,,0,34,,4779,17,,,0,76,,4790,17,,,0,74,,4780,17,,,0,35,,4791,17,,,0,75,,4781,17,,,0,35,,4792,17,,,0,75,,4782,17,,,0,34,,4793,17,,,0,75,,4783,17,,,0,27,,4794,17,,,0,80,,4804,17,,,0,71,,4784,17,,,0,44,,4795,17,,,0,1,,4807,17,0,14 15,0,70,,4785,17,,,0,78,,4796,17,,,0,36,,4786,17,,,0,75,,4797,17,,,0,29,,4787,17,,,0,111,,4800,17,,,0,105,,4802,17,,,0,145,,4801,17,,,0,105,,4799,17,,,0,105,,4798,17,,,0
6001,'Samedi',647,,4813,17,,,0,105,,4819,17,,,0,105,,4808,17,,,0,145,,4814,17,,,0,105,,4820,17,,,0,105,,4809,17,,,0,106,,4815,17,,,0,105,,4821,17,,,0,105,,4810,17,,,0,104,,4816,17,,,0,105,,4822,17,,,0,105,,4811,17,,,0,105,,4817,17,,,0,105,,4823,17,,,0,105,,4812,17,,,0,145,,4818,17,,,0,105,,4824,17,,,0
111800501,'CsRoyOff',743,,4941,13,,,0,880,,4942,13,0,14 15,0
111800501,'CsRoyOffKerOff',1623,,4943,13,0,14 15,0
111800501,'EventOn',743,,4944,13,,,0,880,,4945,13,0,14 15,0
19200300001,'CsRoyOff',743,,5015,14,0,11 18,0
19200300001,'CsRoyOffKerOff',743,,5016,14,0,11 18,0
19200300001,'EventOn',743,,5017,14,0,11 18,0
