2501,'CsRoyOff',632,,3731,26,,,0,74,,3733,26,,,0,40,,3732,26,,,0,77,,3734,26,,,0,33,,3752,26,,,0,74,,3735,26,,,0,75,,3736,26,,,0,35,,3737,26,,,0,75,,3738,26,,,0,35,,3739,26,,,0,75,,3740,26,,,0,75,,3741,26,,,0,35,,3742,26,,,0,75,,3743,26,,,0,35,,3744,26,,,0,78,,3745,26,,,0,79,,3746,26,,,0,38,,3747,26,,,0,76,,3748,26,,,0,35,,3749,26,,,0,75,,3750,26,,,0,33,,3751,26,,,0,75,,3753,26,,,0,104,,3754,26,,,0,105,,3755,26,,,0,105,,3756,26,,,0,105,,3757,26,,,0
2501,'CsRoyOffKerOff',632,,3759,26,,,0,74,,3761,26,,,0,40,,3760,26,,,0,77,,3762,26,,,0,33,,3780,26,,,0,74,,3763,26,,,0,75,,3764,26,,,0,35,,3765,26,,,0,75,,3766,26,,,0,35,,3767,26,,,0,75,,3768,26,,,0,75,,3769,26,,,0,35,,3770,26,,,0,75,,3771,26,,,0,35,,3772,26,,,0,78,,3773,26,,,0,79,,3774,26,,,0,38,,3775,26,,,0,76,,3776,26,,,0,35,,3777,26,,,0,75,,3778,26,,,0,33,,3779,26,,,0,75,,3781,26,,,0,104,,3782,26,,,0,105,,3783,26,,,0,105,,3784,26,,,0,105,,3785,26,,,0
2501,'Dimanche',858,,3788,26,,,0,145,,3789,26,,,0,105,,3790,26,,,0,105,,3791,26,,,0,105,,3792,26,,,0,105,,3793,26,,,0,105,,3794,26,,,0,105,,3795,26,,,0,105,,3787,26,,,0,105,,3786,26,,,0
2501,'EventOff',632,,3796,26,,,0,74,,3798,26,,,0,40,,3797,26,,,0,77,,3799,26,,,0,33,,3817,26,,,0,74,,3800,26,,,0,75,,3801,26,,,0,35,,3802,26,,,0,75,,3803,26,,,0,35,,3804,26,,,0,75,,3805,26,,,0,75,,3806,26,,,0,35,,3807,26,,,0,75,,3808,26,,,0,35,,3809,26,,,0,78,,3810,26,,,0,79,,3811,26,,,0,38,,3812,26,,,0,76,,3813,26,,,0,35,,3814,26,,,0,75,,3815,26,,,0,33,,3816,26,,,0,75,,3818,26,,,0,104,,3819,26,,,0,105,,3820,26,,,0,105,,3821,26,,,0,105,,3822,26,,,0
2501,'EventOn',632,,3823,26,,,0,74,,3825,26,,,0,31,,3850,26,0,9,0,9,,3824,26,,,0,12,,3851,26,0,10,0,65,,3826,26,,,0,33,,3844,26,,,0,74,,3827,26,,,0,75,,3828,26,,,0,35,,3829,26,,,0,75,,3830,26,,,0,35,,3831,26,,,0,75,,3832,26,,,0,75,,3833,26,,,0,35,,3834,26,,,0,75,,3835,26,,,0,35,,3836,26,,,0,78,,3837,26,,,0,79,,3838,26,,,0,38,,3839,26,,,0,76,,3840,26,,,0,35,,3841,26,,,0,75,,3842,26,,,0,33,,3843,26,,,0,75,,3845,26,,,0,104,,3846,26,,,0,105,,3847,26,,,0,105,,3848,26,,,0,105,,3849,26,,,0
2501,'KerOffPriveOff',632,,3853,26,,,0,74,,3855,26,,,0,31,,3880,26,0,9,0,9,,3854,26,,,0,12,,3881,26,0,10,0,65,,3856,26,,,0,33,,3874,26,,,0,74,,3857,26,,,0,75,,3858,26,,,0,35,,3859,26,,,0,75,,3860,26,,,0,35,,3861,26,,,0,75,,3862,26,,,0,75,,3863,26,,,0,35,,3864,26,,,0,75,,3865,26,,,0,35,,3866,26,,,0,78,,3867,26,,,0,79,,3868,26,,,0,38,,3869,26,,,0,76,,3870,26,,,0,35,,3871,26,,,0,75,,3872,26,,,0,33,,3873,26,,,0,75,,3875,26,,,0,104,,3876,26,,,0,105,,3877,26,,,0,105,,3878,26,,,0,105,,3879,26,,,0
2501,'Samedi',628,,3893,26,,,0,104,,3882,26,,,0,105,,3888,26,,,0,105,,3894,26,,,0,105,,3883,26,,,0,105,,3889,26,,,0,105,,3895,26,,,0,146,,3884,26,,,0,105,,3890,26,,,0,105,,3896,26,,,0,105,,3885,26,,,0,104,,3891,26,,,0,105,,3897,26,,,0,105,,3886,26,,,0,105,,3892,26,,,0,105,,3898,26,,,0,105,,3887,26,,,0
6000,'CsRoyOff',623,,4484,6,,,0,82,,4474,6,,,0,30,,4485,6,,,0,81,,4475,6,,,0,35,,4486,6,,,0,74,,4476,6,,,0,76,,4487,6,,,0,34,,4477,6,,,0,75,,4488,6,,,0,33,,4478,6,,,0,76,,4489,6,,,0,35,,4479,6,,,0,68,,4490,6,,,0,37,,4501,6,,,0,65,,4480,6,,,0,80,,4491,6,,,0,38,,4481,6,,,0,78,,4492,6,,,0,34,,4482,6,,,0,76,,4493,6,,,0,75,,4483,6,,,0,35,,4494,6,,,0,78,,4495,6,,,0,105,,4500,6,,,0,105,,4499,6,,,0,105,,4498,6,,,0,105,,4496,6,,,0,101,,4497,6,0,14 15,0
6000,'CsRoyOffKerOff',623,,4513,6,,,0,82,,4503,6,,,0,30,,4514,6,,,0,81,,4504,6,,,0,35,,4515,6,,,0,74,,4505,6,,,0,76,,4516,6,,,0,34,,4506,6,,,0,75,,4517,6,,,0,33,,4507,6,,,0,76,,4518,6,,,0,35,,4508,6,,,0,68,,4519,6,,,0,37,,4530,6,,,0,65,,4509,6,,,0,80,,4520,6,,,0,38,,4510,6,,,0,78,,4521,6,,,0,34,,4511,6,,,0,76,,4522,6,,,0,75,,4512,6,,,0,35,,4523,6,,,0,78,,4524,6,,,0,105,,4529,6,,,0,105,,4528,6,,,0,105,,4527,6,,,0,105,,4525,6,,,0,101,,4526,6,0,14 15,0
6000,'Dimanche',845,,4531,6,,,0,105,,4532,6,,,0,104,,4534,6,,,0,147,,4536,6,,,0,104,,4537,6,,,0,104,,4538,6,,,0,105,,4539,6,,,0,104,,4540,6,,,0,106,,4535,6,,,0,105,,4533,6,,,0
6000,'EventOff',623,,4552,6,,,0,82,,4542,6,,,0,30,,4553,6,,,0,81,,4543,6,,,0,35,,4554,6,,,0,74,,4544,6,,,0,76,,4555,6,,,0,34,,4545,6,,,0,75,,4556,6,,,0,33,,4546,6,,,0,76,,4557,6,,,0,35,,4547,6,,,0,68,,4558,6,,,0,37,,4569,6,,,0,65,,4548,6,,,0,80,,4559,6,,,0,38,,4549,6,,,0,78,,4560,6,,,0,34,,4550,6,,,0,76,,4561,6,,,0,75,,4551,6,,,0,35,,4562,6,,,0,78,,4563,6,,,0,105,,4568,6,,,0,105,,4567,6,,,0,105,,4566,6,,,0,105,,4564,6,,,0,101,,4565,6,0,14 15,0
6000,'EventOn',623,,4581,6,,,0,82,,4571,6,,,0,30,,4582,6,,,0,81,,4572,6,,,0,6,,4599,6,0,9,0,29,,4583,6,,,0,74,,4573,6,,,0,76,,4584,6,,,0,34,,4574,6,,,0,75,,4585,6,,,0,33,,4575,6,,,0,76,,4586,6,,,0,35,,4576,6,,,0,68,,4587,6,,,0,37,,4598,6,,,0,65,,4577,6,,,0,80,,4588,6,,,0,38,,4578,6,,,0,78,,4589,6,,,0,34,,4579,6,,,0,76,,4590,6,,,0,75,,4580,6,,,0,35,,4591,6,,,0,78,,4592,6,,,0,105,,4597,6,,,0,105,,4596,6,,,0,105,,4595,6,,,0,105,,4593,6,,,0,101,,4594,6,0,14 15,0
6000,'KerOffPriveOff',623,,4613,6,,,0,82,,4603,6,,,0,30,,4614,6,,,0,81,,4604,6,,,0,6,,4631,6,0,9,0,29,,4615,6,,,0,74,,4605,6,,,0,76,,4616,6,,,0,34,,4606,6,,,0,75,,4617,6,,,0,33,,4607,6,,,0,76,,4618,6,,,0,35,,4608,6,,,0,68,,4619,6,,,0,37,,4630,6,,,0,65,,4609,6,,,0,80,,4620,6,,,0,38,,4610,6,,,0,78,,4621,6,,,0,34,,4611,6,,,0,76,,4622,6,,,0,75,,4612,6,,,0,35,,4623,6,,,0,78,,4624,6,,,0,105,,4629,6,,,0,105,,4628,6,,,0,105,,4627,6,,,0,105,,4625,6,,,0,101,,4626,6,0,14 15,0
6000,'Samedi',615,,4639,6,,,0,104,,4645,6,,,0,105,,4634,6,,,0,105,,4640,6,,,0,106,,4646,6,,,0,105,,4635,6,,,0,105,,4641,6,,,0,106,,4647,6,,,0,104,,4636,6,,,0,145,,4642,6,,,0,104,,4648,6,,,0,105,,4637,6,,,0,105,,4643,6,,,0,105,,4649,6,,,0,105,,4638,6,,,0,105,,4644,6,,,0,105,,4650,6,,,0,100,,4651,6,0,14 15,0
111800500,'CsRoyOff',1544,,4937,4,,,0
111800500,'CsRoyOffKerOff',1544,,4938,4,,,0
111800500,'EventOn',1544,,4940,4,,,0
