901,'CsRoyOff',617,,1744,19,,,0,24,,1758,19,,,0,70,,1762,25,0,5,0,7,,1745,19,,,0,1,,1763,25,0,6,0,38,,1757,19,,,0,74,,1746,19,,,0,76,,1759,19,,,0,35,,1747,19,,,0,110,,1748,19,,,0,151,,1749,19,,,0,109,,1750,19,,,0,111,,1751,19,,,0,36,,1756,19,,,0,76,,1752,19,,,0,79,,1755,19,,,0,37,,1753,19,,,0,77,,1760,19,,,0,75,,1754,19,,,0,110,,1761,19,,,0
901,'CsRoyOffKerOff',617,,1764,19,,,0,24,,1778,19,,,0,70,,1782,25,0,5,0,7,,1765,19,,,0,39,,1777,19,,,0,74,,1766,19,,,0,76,,1779,19,,,0,35,,1767,19,,,0,110,,1768,19,,,0,151,,1769,19,,,0,109,,1770,19,,,0,111,,1771,19,,,0,36,,1776,19,,,0,76,,1772,19,,,0,79,,1775,19,,,0,37,,1773,19,,,0,77,,1780,19,,,0,75,,1774,19,,,0,110,,1781,19,,,0
901,'EventOff',617,,1783,19,,,0,24,,1797,19,,,0,77,,1784,19,,,0,39,,1796,19,,,0,74,,1785,19,,,0,76,,1798,19,,,0,35,,1786,19,,,0,110,,1787,19,,,0,151,,1788,19,,,0,109,,1789,19,,,0,111,,1790,19,,,0,36,,1795,19,,,0,76,,1791,19,,,0,79,,1794,19,,,0,37,,1792,19,,,0,77,,1799,19,,,0,75,,1793,19,,,0,110,,1800,19,,,0
901,'EventOn',617,,1801,19,,,0,24,,1815,19,,,0,70,,1819,25,0,5,0,7,,1802,19,,,0,1,,1820,25,0,6,0,38,,1814,19,,,0,74,,1803,19,,,0,76,,1816,19,,,0,35,,1804,19,,,0,110,,1805,19,,,0,151,,1806,19,,,0,109,,1807,19,,,0,111,,1808,19,,,0,36,,1813,19,,,0,76,,1809,19,,,0,79,,1812,19,,,0,37,,1810,19,,,0,77,,1817,19,,,0,75,,1811,19,,,0,110,,1818,19,,,0
901,'KerOffPriveOff',617,,1821,19,,,0,24,,1835,19,,,0,77,,1822,19,,,0,39,,1834,19,,,0,74,,1823,19,,,0,76,,1836,19,,,0,35,,1824,19,,,0,110,,1825,19,,,0,151,,1826,19,,,0,109,,1827,19,,,0,111,,1828,19,,,0,36,,1833,19,,,0,76,,1829,19,,,0,79,,1832,19,,,0,37,,1830,19,,,0,77,,1837,19,,,0,75,,1831,19,,,0,110,,1838,19,,,0
8901,'CsRoyOff',2018,,4880,19,,,0,105,,4879,19,,,0,105,,4878,19,,,0,105,,4877,19,,,0
8901,'CsRoyOffKerOff',2018,,4884,19,,,0,105,,4883,19,,,0,105,,4882,19,,,0,105,,4881,19,,,0
8901,'Dimanche',836,,4886,19,,,0,105,,4888,19,,,0,106,,4890,19,,,0,105,,4891,19,,,0,105,,4892,19,,,0,145,,4893,19,,,0,105,,4894,19,,,0,105,,4895,19,,,0,105,,4885,19,,,0,104,,4889,19,,,0,101,,4887,19,,,0
8901,'EventOff',2018,,4899,19,,,0,105,,4898,19,,,0,105,,4897,19,,,0,105,,4896,19,,,0
8901,'EventOn',2018,,4903,19,,,0,105,,4902,19,,,0,105,,4901,19,,,0,105,,4900,19,,,0
8901,'KerOffPriveOff',2018,,4907,19,,,0,105,,4906,19,,,0,105,,4905,19,,,0,105,,4904,19,,,0
8901,'Samedi',711,,4916,19,,,0,105,,4908,19,,,0,106,,4917,19,,,0,105,,4909,19,,,0,105,,4918,19,,,0,105,,4910,19,,,0,104,,4919,19,,,0,105,,4911,19,,,0,105,,4920,19,,,0,106,,4912,19,,,0,144,,4921,19,,,0,105,,4913,19,,,0,105,,4922,19,,,0,105,,4914,19,,,0,105,,4923,19,,,0,105,,4915,19,,,0
