900,'CsRoyOff',1642,,1672,41,4,,0,2,,1671,44,4,,0
900,'CsRoyOffKerOff',1642,,1690,41,4,,0
900,'EventOn',1642,,1726,41,4,,0,2,,1725,44,4,,0
1101,'CsRoyOff',619,,2344,8,,,0,40,,2355,8,,,0,58,,2364,8,0,16 17,0,17,,2341,8,,,0,75,,2351,8,,,0,35,,2336,8,,,0,75,,2348,8,,,0,35,,2345,8,,,0,75,,2356,8,,,0,75,,2342,8,,,0,35,,2352,8,,,0,75,,2337,8,,,0,35,,2349,8,,,0,75,,2346,8,,,0,35,,2353,8,,,0,75,,2338,8,,,0,80,,2340,8,,,0,35,,2343,8,,,0,80,,2350,8,,,0,75,,2347,8,,,0,35,,2354,8,,,0,75,,2339,8,,,0,34,,2361,8,,,0,75,,2362,8,,,0,100,,2360,8,,,0,105,,2359,8,,,0,105,,2358,8,,,0,105,,2357,8,,,0
1101,'CsRoyOffKerOff',619,,2373,8,,,0,40,,2384,8,,,0,58,,2393,8,0,16 17,0,17,,2370,8,,,0,75,,2380,8,,,0,35,,2365,8,,,0,75,,2377,8,,,0,35,,2374,8,,,0,75,,2385,8,,,0,75,,2371,8,,,0,35,,2381,8,,,0,75,,2366,8,,,0,35,,2378,8,,,0,75,,2375,8,,,0,35,,2382,8,,,0,75,,2367,8,,,0,80,,2369,8,,,0,35,,2372,8,,,0,80,,2379,8,,,0,75,,2376,8,,,0,35,,2383,8,,,0,75,,2368,8,,,0,34,,2390,8,,,0,75,,2391,8,,,0,100,,2389,8,,,0,105,,2388,8,,,0,105,,2387,8,,,0,105,,2386,8,,,0
1101,'Dimanche',843,,2397,8,,,0,105,,2396,8,,,0,105,,2398,8,,,0,105,,2399,8,,,0,145,,2400,8,,,0,105,,2401,8,,,0,105,,2402,8,,,0,105,,2403,8,,,0,105,,2395,8,,,0,105,,2394,8,,,0
1101,'EventOff',619,,2412,8,,,0,40,,2423,8,,,0,75,,2409,8,,,0,75,,2419,8,,,0,35,,2404,8,,,0,75,,2416,8,,,0,35,,2413,8,,,0,75,,2424,8,,,0,75,,2410,8,,,0,35,,2420,8,,,0,75,,2405,8,,,0,35,,2417,8,,,0,75,,2414,8,,,0,35,,2421,8,,,0,75,,2406,8,,,0,80,,2408,8,,,0,35,,2411,8,,,0,80,,2418,8,,,0,75,,2415,8,,,0,35,,2422,8,,,0,75,,2407,8,,,0,34,,2429,8,,,0,75,,2430,8,,,0,100,,2428,8,,,0,105,,2427,8,,,0,105,,2426,8,,,0,105,,2425,8,,,0
1101,'EventOn',619,,2439,8,,,0,40,,2450,8,,,0,58,,2459,8,0,16 17,0,17,,2436,8,,,0,75,,2446,8,,,0,35,,2431,8,,,0,75,,2443,8,,,0,35,,2440,8,,,0,75,,2451,8,,,0,75,,2437,8,,,0,35,,2447,8,,,0,75,,2432,8,,,0,35,,2444,8,,,0,75,,2441,8,,,0,35,,2448,8,,,0,75,,2433,8,,,0,80,,2435,8,,,0,35,,2438,8,,,0,80,,2445,8,,,0,75,,2442,8,,,0,35,,2449,8,,,0,75,,2434,8,,,0,34,,2456,8,,,0,75,,2457,8,,,0,100,,2455,8,,,0,105,,2454,8,,,0,105,,2453,8,,,0,105,,2452,8,,,0
1101,'KerOffPriveOff',619,,2470,8,,,0,40,,2481,8,,,0,58,,2489,8,0,16 17,0,17,,2467,8,,,0,75,,2477,8,,,0,35,,2462,8,,,0,75,,2474,8,,,0,35,,2471,8,,,0,75,,2482,8,,,0,75,,2468,8,,,0,35,,2478,8,,,0,75,,2463,8,,,0,35,,2475,8,,,0,75,,2472,8,,,0,35,,2479,8,,,0,75,,2464,8,,,0,80,,2466,8,,,0,35,,2469,8,,,0,80,,2476,8,,,0,75,,2473,8,,,0,35,,2480,8,,,0,75,,2465,8,,,0,34,,2487,8,,,0,75,,2488,8,,,0,100,,2486,8,,,0,105,,2485,8,,,0,105,,2484,8,,,0,105,,2483,8,,,0
1101,'Samedi',613,,2500,8,,,0,105,,2492,8,,,0,105,,2501,8,,,0,105,,2493,8,,,0,105,,2502,8,,,0,105,,2494,8,,,0,105,,2503,8,,,0,104,,2495,8,,,0,105,,2504,8,,,0,105,,2496,8,,,0,146,,2505,8,,,0,105,,2497,8,,,0,105,,2506,8,,,0,105,,2498,8,,,0,105,,2507,8,,,0,105,,2499,8,,,0,105,,2508,8,,,0
