601,'CsRoyOff',621,,1181,31,,,0,35,,1159,37,,,0,76,,1182,37,,,0,6,,1154,37,,,0,74,,1165,37,,,0,36,,1171,37,,,0,74,,1158,37,,,0,35,,1160,37,,,0,75,,1155,37,,,0,75,,1166,37,,,0,35,,1172,37,,,0,75,,1164,37,,,0,35,,1161,37,,,0,75,,1156,37,,,0,75,,1167,37,,,0,35,,1173,37,,,0,81,,1170,37,,,0,31,,1183,22,,,0,7,,1162,37,,,0,77,,1157,37,,,0,74,,1168,37,,,0,34,,1174,37,,,0,75,,1169,37,,,0,35,,1163,37,,,0,79,,1179,37,,,0,100,,1178,37,,,0,105,,1177,37,,,0,105,,1176,37,,,0,105,,1175,37,,,0,100,,1180,37,,,0
601,'CsRoyOffKerOff',621,,1211,31,,,0,35,,1189,37,,,0,76,,1212,37,,,0,6,,1184,37,,,0,74,,1195,37,,,0,36,,1201,37,,,0,74,,1188,37,,,0,35,,1190,37,,,0,75,,1185,37,,,0,75,,1196,37,,,0,35,,1202,37,,,0,75,,1194,37,,,0,35,,1191,37,,,0,75,,1186,37,,,0,75,,1197,37,,,0,35,,1203,37,,,0,81,,1200,37,,,0,38,,1192,37,,,0,77,,1187,37,,,0,74,,1198,37,,,0,34,,1204,37,,,0,75,,1199,37,,,0,35,,1193,37,,,0,79,,1209,37,,,0,100,,1208,37,,,0,105,,1207,37,,,0,105,,1206,37,,,0,105,,1205,37,,,0,100,,1210,37,,,0
601,'Dimanche',848,,1215,37,,,0,105,,1214,37,,,0,106,,1219,37,,,0,145,,1218,37,,,0,105,,1220,37,,,0,105,,1221,37,,,0,105,,1222,37,,,0,105,,1223,37,,,0,105,,1217,37,,,0,104,,1216,37,,,0,102,,1213,37,,,0
601,'EventOff',621,,1251,31,,,0,35,,1229,37,,,0,82,,1224,37,,,0,74,,1235,37,,,0,36,,1241,37,,,0,74,,1228,37,,,0,35,,1230,37,,,0,75,,1225,37,,,0,75,,1236,37,,,0,35,,1242,37,,,0,75,,1234,37,,,0,35,,1231,37,,,0,75,,1226,37,,,0,75,,1237,37,,,0,35,,1243,37,,,0,81,,1240,37,,,0,38,,1232,37,,,0,77,,1227,37,,,0,74,,1238,37,,,0,34,,1244,37,,,0,75,,1239,37,,,0,35,,1233,37,,,0,79,,1249,37,,,0,100,,1248,37,,,0,105,,1247,37,,,0,105,,1246,37,,,0,105,,1245,37,,,0,100,,1250,37,,,0
601,'EventOn',621,,1279,31,,,0,35,,1257,37,,,0,76,,1280,37,,,0,6,,1252,37,,,0,74,,1263,37,,,0,36,,1269,37,,,0,74,,1256,37,,,0,35,,1258,37,,,0,75,,1253,37,,,0,75,,1264,37,,,0,35,,1270,37,,,0,75,,1262,37,,,0,35,,1259,37,,,0,75,,1254,37,,,0,75,,1265,37,,,0,35,,1271,37,,,0,81,,1268,37,,,0,31,,1281,22,,,0,7,,1260,37,,,0,58,,1282,37,,,0,19,,1255,37,,,0,74,,1266,37,,,0,34,,1272,37,,,0,75,,1267,37,,,0,35,,1261,37,,,0,79,,1277,37,,,0,100,,1276,37,,,0,105,,1275,37,,,0,105,,1274,37,,,0,105,,1273,37,,,0,100,,1278,37,,,0
601,'KerOffPriveOff',621,,1310,31,,,0,35,,1288,37,,,0,82,,1283,37,,,0,74,,1294,37,,,0,36,,1300,37,,,0,74,,1287,37,,,0,35,,1289,37,,,0,75,,1284,37,,,0,75,,1295,37,,,0,35,,1301,37,,,0,75,,1293,37,,,0,35,,1290,37,,,0,75,,1285,37,,,0,75,,1296,37,,,0,35,,1302,37,,,0,81,,1299,37,,,0,38,,1291,37,,,0,58,,1311,37,,,0,19,,1286,37,,,0,74,,1297,37,,,0,34,,1303,37,,,0,75,,1298,37,,,0,35,,1292,37,,,0,79,,1308,37,,,0,100,,1307,37,,,0,105,,1306,37,,,0,105,,1305,37,,,0,105,,1304,37,,,0,100,,1309,37,,,0
601,'Samedi',619,,1328,31,,,0,105,,1312,37,,,0,105,,1320,37,,,0,106,,1313,37,,,0,105,,1321,37,,,0,105,,1314,37,,,0,105,,1322,37,,,0,104,,1315,37,,,0,105,,1323,37,,,0,145,,1316,37,,,0,106,,1324,37,,,0,104,,1317,37,,,0,105,,1325,37,,,0,105,,1318,37,,,0,105,,1326,37,,,0,105,,1319,37,,,0,105,,1327,37,,,0,97,,1329,37,,,0
8901,'CsRoyOff',2030,,4880,41,,,0,105,,4879,41,,,0,105,,4878,41,,,0,105,,4877,41,,,0
8901,'CsRoyOffKerOff',2030,,4884,41,,,0,105,,4883,41,,,0,105,,4882,41,,,0,105,,4881,41,,,0
8901,'Dimanche',848,,4886,41,,,0,105,,4888,41,,,0,106,,4890,41,,,0,145,,4891,41,,,0,105,,4892,41,,,0,105,,4893,41,,,0,105,,4894,41,,,0,105,,4895,41,,,0,105,,4885,41,,,0,104,,4889,41,,,0,101,,4887,41,,,0
8901,'EventOff',2030,,4899,41,,,0,105,,4898,41,,,0,105,,4897,41,,,0,105,,4896,41,,,0
8901,'EventOn',2030,,4903,41,,,0,105,,4902,41,,,0,105,,4901,41,,,0,105,,4900,41,,,0
8901,'KerOffPriveOff',2030,,4907,41,,,0,105,,4906,41,,,0,105,,4905,41,,,0,105,,4904,41,,,0
8901,'Samedi',724,,4916,41,,,0,105,,4908,41,,,0,106,,4917,41,,,0,105,,4909,41,,,0,105,,4918,41,,,0,105,,4910,41,,,0,104,,4919,41,,,0,105,,4911,41,,,0,145,,4920,41,,,0,106,,4912,41,,,0,104,,4921,41,,,0,105,,4913,41,,,0,105,,4922,41,,,0,105,,4914,41,,,0,105,,4923,41,,,0,105,,4915,41,,,0
160900100,'EventOn',1556,,4946,21,,,0
160900100,'KerOffPriveOff',1556,,4947,21,,,0
