601,'CsRoyOff',638,,1159,3,,,0,74,,1182,3,,,0,6,,1154,3,,,0,35,,1165,3,,,0,76,,1171,3,,,0,74,,1158,3,,,0,35,,1160,3,,,0,75,,1155,3,,,0,35,,1166,3,,,0,75,,1172,3,,,0,35,,1164,3,,,0,75,,1161,3,,,0,75,,1156,3,,,0,35,,1167,3,,,0,75,,1173,3,,,0,39,,1170,3,,,0,77,,1162,3,,,0,77,,1157,3,,,0,35,,1168,3,,,0,76,,1174,3,,,0,36,,1169,3,,,0,75,,1163,3,,,0,79,,1179,3,,,0,100,,1178,3,,,0,105,,1177,3,,,0,105,,1176,3,,,0,105,,1175,3,,,0,100,,1180,3,,,0
601,'CsRoyOffKerOff',638,,1189,3,,,0,74,,1212,3,,,0,6,,1184,3,,,0,35,,1195,3,,,0,76,,1201,3,,,0,74,,1188,3,,,0,35,,1190,3,,,0,75,,1185,3,,,0,35,,1196,3,,,0,75,,1202,3,,,0,35,,1194,3,,,0,75,,1191,3,,,0,75,,1186,3,,,0,35,,1197,3,,,0,75,,1203,3,,,0,39,,1200,3,,,0,77,,1192,3,,,0,77,,1187,3,,,0,35,,1198,3,,,0,76,,1204,3,,,0,36,,1199,3,,,0,75,,1193,3,,,0,79,,1209,3,,,0,100,,1208,3,,,0,105,,1207,3,,,0,105,,1206,3,,,0,105,,1205,3,,,0,100,,1210,3,,,0
601,'Dimanche',830,,1215,3,,,0,105,,1214,3,,,0,106,,1219,3,,,0,104,,1218,3,,,0,105,,1220,3,,,0,105,,1221,3,,,0,145,,1222,3,,,0,105,,1223,3,,,0,105,,1217,3,,,0,105,,1216,3,,,0,102,,1213,3,,,0
601,'EventOff',638,,1229,3,,,0,80,,1224,3,,,0,35,,1235,3,,,0,76,,1241,3,,,0,74,,1228,3,,,0,35,,1230,3,,,0,75,,1225,3,,,0,35,,1236,3,,,0,75,,1242,3,,,0,35,,1234,3,,,0,75,,1231,3,,,0,75,,1226,3,,,0,35,,1237,3,,,0,75,,1243,3,,,0,39,,1240,3,,,0,77,,1232,3,,,0,77,,1227,3,,,0,35,,1238,3,,,0,76,,1244,3,,,0,36,,1239,3,,,0,75,,1233,3,,,0,79,,1249,3,,,0,100,,1248,3,,,0,105,,1247,3,,,0,105,,1246,3,,,0,105,,1245,3,,,0,100,,1250,3,,,0
601,'EventOn',638,,1257,3,,,0,74,,1280,3,,,0,6,,1252,3,,,0,35,,1263,3,,,0,76,,1269,3,,,0,74,,1256,3,,,0,35,,1258,3,,,0,75,,1253,3,,,0,35,,1264,3,,,0,75,,1270,3,,,0,35,,1262,3,,,0,75,,1259,3,,,0,75,,1254,3,,,0,35,,1265,3,,,0,75,,1271,3,,,0,39,,1268,3,,,0,77,,1260,3,,,0,18,,1282,3,,,0,59,,1255,3,,,0,35,,1266,3,,,0,76,,1272,3,,,0,36,,1267,3,,,0,75,,1261,3,,,0,79,,1277,3,,,0,100,,1276,3,,,0,105,,1275,3,,,0,105,,1274,3,,,0,105,,1273,3,,,0,100,,1278,3,,,0
601,'KerOffPriveOff',638,,1288,3,,,0,80,,1283,3,,,0,35,,1294,3,,,0,76,,1300,3,,,0,74,,1287,3,,,0,35,,1289,3,,,0,75,,1284,3,,,0,35,,1295,3,,,0,75,,1301,3,,,0,35,,1293,3,,,0,75,,1290,3,,,0,75,,1285,3,,,0,35,,1296,3,,,0,75,,1302,3,,,0,39,,1299,3,,,0,77,,1291,3,,,0,18,,1311,3,,,0,59,,1286,3,,,0,35,,1297,3,,,0,76,,1303,3,,,0,36,,1298,3,,,0,75,,1292,3,,,0,79,,1308,3,,,0,100,,1307,3,,,0,105,,1306,3,,,0,105,,1305,3,,,0,105,,1304,3,,,0,100,,1309,3,,,0
601,'Samedi',706,,1312,3,,,0,105,,1320,3,,,0,106,,1313,3,,,0,105,,1321,3,,,0,105,,1314,3,,,0,104,,1322,3,,,0,104,,1315,3,,,0,104,,1323,3,,,0,105,,1316,3,,,0,106,,1324,3,,,0,106,,1317,3,,,0,145,,1325,3,,,0,105,,1318,3,,,0,105,,1326,3,,,0,105,,1319,3,,,0,105,,1327,3,,,0,97,,1329,3,,,0
900,'CsRoyOff',641,,1654,3,0,20,0,79,,1668,3,0,20,0,35,,1655,3,0,20,0,76,,1665,3,0,20,0,75,,1656,3,0,20,0,35,,1669,3,0,20,0,75,,1657,3,0,20,0,110,,1658,3,0,20,0,110,,1659,3,0,20,0,110,,1660,3,0,20,0,75,,1666,3,0,20,0,36,,1661,3,0,20,0,79,,1667,3,0,20,0,77,,1662,3,0,20,0,37,,1670,3,0,20,0,77,,1663,3,0,20,0,109,,1664,3,0,20,0
900,'CsRoyOffKerOff',641,,1673,3,0,20,0,79,,1687,3,0,20,0,35,,1674,3,0,20,0,76,,1684,3,0,20,0,75,,1675,3,0,20,0,35,,1688,3,0,20,0,75,,1676,3,0,20,0,110,,1677,3,0,20,0,110,,1678,3,0,20,0,110,,1679,3,0,20,0,75,,1685,3,0,20,0,36,,1680,3,0,20,0,79,,1686,3,0,20,0,77,,1681,3,0,20,0,37,,1689,3,0,20,0,77,,1682,3,0,20,0,109,,1683,3,0,20,0
900,'EventOff',641,,1691,3,0,20,0,79,,1705,3,0,20,0,35,,1692,3,0,20,0,76,,1702,3,0,20,0,75,,1693,3,0,20,0,35,,1706,3,0,20,0,75,,1694,3,0,20,0,110,,1695,3,0,20,0,110,,1696,3,0,20,0,110,,1697,3,0,20,0,75,,1703,3,0,20,0,36,,1698,3,0,20,0,79,,1704,3,0,20,0,77,,1699,3,0,20,0,37,,1707,3,0,20,0,77,,1700,3,0,20,0,109,,1701,3,0,20,0
900,'EventOn',641,,1708,3,0,20,0,79,,1722,3,0,20,0,35,,1709,3,0,20,0,76,,1719,3,0,20,0,75,,1710,3,0,20,0,35,,1723,3,0,20,0,75,,1711,3,0,20,0,110,,1712,3,0,20,0,110,,1713,3,0,20,0,110,,1714,3,0,20,0,75,,1720,3,0,20,0,36,,1715,3,0,20,0,79,,1721,3,0,20,0,77,,1716,3,0,20,0,37,,1724,3,0,20,0,77,,1717,3,0,20,0,109,,1718,3,0,20,0
900,'KerOffPriveOff',641,,1727,3,0,20,0,79,,1741,3,0,20,0,35,,1728,3,0,20,0,76,,1738,3,0,20,0,75,,1729,3,0,20,0,35,,1742,3,0,20,0,75,,1730,3,0,20,0,110,,1731,3,0,20,0,110,,1732,3,0,20,0,110,,1733,3,0,20,0,75,,1739,3,0,20,0,36,,1734,3,0,20,0,79,,1740,3,0,20,0,77,,1735,3,0,20,0,37,,1743,3,0,20,0,77,,1736,3,0,20,0,109,,1737,3,0,20,0
160900100,'EventOn',1544,,4946,6,,,0
160900100,'KerOffPriveOff',1544,,4947,6,,,0
