111800200,'CsRoyOff',1616,,4924,11,,,0
111800200,'EventOn',1616,,4925,11,,,0
111800201,'CsRoyOff',811,,4926,14,,,0
111800201,'EventOn',811,,4927,14,,,0
3080100000,'EventOn',818,,4970,9,,,0
3080100000,'KerOffPriveOff',818,,4971,9,,,0
3080100001,'EventOn',1618,,4972,11,,,0
3080100001,'KerOffPriveOff',1618,,4973,11,,,0
19200100000,'CsRoyOff',724,,4998,13,,,0
19200100000,'CsRoyOffKerOff',724,,4999,13,,,0
19200100000,'EventOn',724,,5000,13,,,0
19200100000,'KerOffPriveOff',724,,5001,13,,,0
19200100001,'CsRoyOff',1603,,5002,14,,,0
19200100001,'CsRoyOffKerOff',1603,,5003,14,,,0
19200100001,'EventOn',1603,,5004,14,,,0
19200100001,'KerOffPriveOff',1603,,5005,14,,,0
