1301,'CsRoyOff',628,,2899,28,,,0,80,,2905,28,,,0,33,,2894,28,,,0,80,,2910,28,,,0,34,,2900,28,,,0,74,,2906,28,,,0,74,,2895,28,,,0,35,,2911,28,,,0,77,,2901,28,,,0,34,,2907,28,,,0,75,,2896,28,,,0,35,,2912,28,,,0,74,,2902,28,,,0,75,,2908,28,,,0,38,,2897,28,,,0,80,,2913,28,,,0,25,,2920,30,0,7 8,0,52,,2903,28,,,0,37,,2909,28,,,0,77,,2898,28,,,0,35,,2914,28,,,0,74,,2904,28,,,0,107,,2915,28,,,0,104,,2919,28,,,0,105,,2918,28,,,0,105,,2917,28,,,0,105,,2916,28,,,0
1301,'CsRoyOffKerOff',628,,2926,28,,,0,80,,2932,28,,,0,33,,2921,28,,,0,80,,2937,28,,,0,34,,2927,28,,,0,74,,2933,28,,,0,74,,2922,28,,,0,35,,2938,28,,,0,77,,2928,28,,,0,34,,2934,28,,,0,75,,2923,28,,,0,35,,2939,28,,,0,74,,2929,28,,,0,75,,2935,28,,,0,38,,2924,28,,,0,80,,2940,28,,,0,77,,2930,28,,,0,37,,2936,28,,,0,77,,2925,28,,,0,35,,2941,28,,,0,74,,2931,28,,,0,107,,2942,28,,,0,104,,2946,28,,,0,105,,2945,28,,,0,105,,2944,28,,,0,105,,2943,28,,,0
1301,'Dimanche',855,,2948,28,,,0,145,,2949,28,,,0,106,,2950,28,,,0,106,,2953,28,,,0,105,,2952,28,,,0,105,,2954,28,,,0,104,,2955,28,,,0,105,,2956,28,,,0,105,,2951,28,,,0,105,,2947,28,,,0
1301,'EventOff',628,,2962,28,,,0,80,,2968,28,,,0,33,,2957,28,,,0,80,,2973,28,,,0,34,,2963,28,,,0,74,,2969,28,,,0,74,,2958,28,,,0,35,,2974,28,,,0,77,,2964,28,,,0,34,,2970,28,,,0,75,,2959,28,,,0,35,,2975,28,,,0,74,,2965,28,,,0,75,,2971,28,,,0,38,,2960,28,,,0,80,,2976,28,,,0,77,,2966,28,,,0,37,,2972,28,,,0,77,,2961,28,,,0,35,,2977,28,,,0,74,,2967,28,,,0,107,,2978,28,,,0,104,,2982,28,,,0,105,,2981,28,,,0,105,,2980,28,,,0,105,,2979,28,,,0
1301,'EventOn',628,,2988,28,,,0,80,,2994,28,,,0,33,,2983,28,,,0,80,,2999,28,,,0,34,,2989,28,,,0,74,,2995,28,,,0,74,,2984,28,,,0,35,,3000,28,,,0,77,,2990,28,,,0,34,,2996,28,,,0,75,,2985,28,,,0,35,,3001,28,,,0,74,,2991,28,,,0,75,,2997,28,,,0,38,,2986,28,,,0,80,,3002,28,,,0,25,,3011,30,0,7 8,0,52,,2992,28,,,0,37,,2998,28,,,0,77,,2987,28,,,0,35,,3003,28,,,0,74,,2993,28,,,0,107,,3004,28,,,0,104,,3008,28,,,0,105,,3007,28,,,0,105,,3006,28,,,0,105,,3005,28,,,0
1301,'KerOffPriveOff',628,,3017,28,,,0,80,,3023,28,,,0,33,,3012,28,,,0,80,,3028,28,,,0,34,,3018,28,,,0,74,,3024,28,,,0,74,,3013,28,,,0,35,,3029,28,,,0,77,,3019,28,,,0,34,,3025,28,,,0,75,,3014,28,,,0,35,,3030,28,,,0,74,,3020,28,,,0,75,,3026,28,,,0,38,,3015,28,,,0,80,,3031,28,,,0,77,,3021,28,,,0,37,,3027,28,,,0,77,,3016,28,,,0,35,,3032,28,,,0,74,,3022,28,,,0,107,,3033,28,,,0,104,,3037,28,,,0,105,,3036,28,,,0,105,,3035,28,,,0,105,,3034,28,,,0
1301,'Samedi',627,,3040,28,,,0,103,,3049,28,,,0,105,,3041,28,,,0,106,,3050,28,,,0,107,,3042,28,,,0,105,,3051,28,,,0,105,,3043,28,,,0,145,,3052,28,,,0,105,,3044,28,,,0,105,,3053,28,,,0,105,,3045,28,,,0,104,,3054,28,,,0,104,,3046,28,,,0,105,,3055,28,,,0,104,,3047,28,,,0,105,,3056,28,,,0,105,,3048,28,,,0
1401,'CsRoyOff',713,,3096,19,,,0,100,,3097,19,,,0,100,,3095,19,,,0,687,,3094,25,,,0,100,,3093,25,,,0,59,,3092,25,,,0
1401,'CsRoyOffKerOff',713,,3102,19,,,0,100,,3103,19,,,0,100,,3101,19,,,0,687,,3100,25,,,0,100,,3099,25,,,0,59,,3098,25,,,0
1401,'EventOff',713,,3108,19,,,0,100,,3109,19,,,0,100,,3107,19,,,0,687,,3106,25,,,0,100,,3105,25,,,0,59,,3104,25,,,0
1401,'EventOn',713,,3114,19,,,0,100,,3115,19,,,0,100,,3113,19,,,0,687,,3112,25,,,0,100,,3111,25,,,0,59,,3110,25,,,0
1401,'KerOffPriveOff',713,,3120,19,,,0,100,,3121,19,,,0,100,,3119,19,,,0,687,,3118,25,,,0,100,,3117,25,,,0,59,,3116,25,,,0
