1100,'CsRoyOff',636,,2185,35,,,0,78,,2169,35,,,0,41,,2181,35,,,0,74,,2165,35,,,0,76,,2176,35,,,0,34,,2173,35,,,0,75,,2186,35,,,0,35,,2170,35,,,0,75,,2182,35,,,0,35,,2166,35,,,0,75,,2177,35,,,0,75,,2174,35,,,0,36,,2183,35,,,0,75,,2167,35,,,0,35,,2180,35,,,0,81,,2171,35,,,0,23,,2192,29,,,0,55,,2178,35,,,0,37,,2175,35,,,0,75,,2184,35,,,0,32,,2168,35,,,0,75,,2179,35,,,0,75,,2172,35,,,0,105,,2190,35,,,0,105,,2191,35,,,0,105,,2189,35,,,0,105,,2188,35,,,0,100,,2187,35,,,0
1100,'CsRoyOffKerOff',636,,2213,35,,,0,78,,2197,35,,,0,41,,2209,35,,,0,74,,2193,35,,,0,76,,2204,35,,,0,34,,2201,35,,,0,75,,2214,35,,,0,35,,2198,35,,,0,75,,2210,35,,,0,35,,2194,35,,,0,75,,2205,35,,,0,75,,2202,35,,,0,36,,2211,35,,,0,75,,2195,35,,,0,35,,2208,35,,,0,81,,2199,35,,,0,23,,2220,29,,,0,55,,2206,35,,,0,37,,2203,35,,,0,75,,2212,35,,,0,32,,2196,35,,,0,75,,2207,35,,,0,75,,2200,35,,,0,105,,2218,35,,,0,105,,2219,35,,,0,105,,2217,35,,,0,105,,2216,35,,,0,100,,2215,35,,,0
1100,'Dimanche',935,,2224,35,,,0,105,,2226,35,,,0,105,,2225,35,,,0,105,,2227,35,,,0,105,,2228,35,,,0,145,,2229,35,,,0,105,,2230,35,,,0,105,,2222,35,,,0,103,,2221,35,,,0,105,,2223,35,,,0
1100,'EventOff',636,,2251,35,,,0,78,,2235,35,,,0,41,,2247,35,,,0,74,,2231,35,,,0,76,,2242,35,,,0,34,,2239,35,,,0,75,,2252,35,,,0,35,,2236,35,,,0,75,,2248,35,,,0,35,,2232,35,,,0,75,,2243,35,,,0,75,,2240,35,,,0,36,,2249,35,,,0,75,,2233,35,,,0,35,,2246,35,,,0,81,,2237,35,,,0,78,,2244,35,,,0,37,,2241,35,,,0,75,,2250,35,,,0,32,,2234,35,,,0,75,,2245,35,,,0,75,,2238,35,,,0,105,,2256,35,,,0,105,,2257,35,,,0,105,,2255,35,,,0,105,,2254,35,,,0,100,,2253,35,,,0
1100,'EventOn',636,,2278,35,,,0,78,,2262,35,,,0,41,,2274,35,,,0,74,,2258,35,,,0,76,,2269,35,,,0,34,,2266,35,,,0,75,,2279,35,,,0,35,,2263,35,,,0,75,,2275,35,,,0,35,,2259,35,,,0,75,,2270,35,,,0,75,,2267,35,,,0,36,,2276,35,,,0,75,,2260,35,,,0,35,,2273,35,,,0,81,,2264,35,,,0,23,,2288,29,,,0,52,,2287,21,,,0,3,,2271,35,,,0,37,,2268,35,,,0,75,,2277,35,,,0,32,,2261,35,,,0,75,,2272,35,,,0,75,,2265,35,,,0,105,,2283,35,,,0,105,,2284,35,,,0,105,,2282,35,,,0,105,,2281,35,,,0,100,,2280,35,,,0
1100,'KerOffPriveOff',636,,2309,35,,,0,78,,2293,35,,,0,41,,2305,35,,,0,74,,2289,35,,,0,76,,2300,35,,,0,34,,2297,35,,,0,75,,2310,35,,,0,35,,2294,35,,,0,75,,2306,35,,,0,35,,2290,35,,,0,75,,2301,35,,,0,75,,2298,35,,,0,36,,2307,35,,,0,75,,2291,35,,,0,35,,2304,35,,,0,81,,2295,35,,,0,75,,2318,21,,,0,3,,2302,35,,,0,37,,2299,35,,,0,75,,2308,35,,,0,32,,2292,35,,,0,75,,2303,35,,,0,75,,2296,35,,,0,105,,2314,35,,,0,105,,2315,35,,,0,105,,2313,35,,,0,105,,2312,35,,,0,100,,2311,35,,,0
1100,'Samedi',705,,2319,35,,,0,106,,2328,35,,,0,105,,2320,35,,,0,105,,2329,35,,,0,104,,2321,35,,,0,105,,2330,35,,,0,105,,2322,35,,,0,105,,2331,35,,,0,105,,2323,35,,,0,105,,2332,35,,,0,104,,2324,35,,,0,104,,2333,35,,,0,145,,2325,35,,,0,105,,2334,35,,,0,105,,2326,35,,,0,105,,2335,35,,,0,105,,2327,35,,,0
1601,'CsRoyOff',618,,3244,6,,,0,115,,3229,6,,,0,110,,3230,6,,,0,110,,3231,6,,,0,150,,3232,6,,,0,110,,3233,6,,,0,110,,3234,6,,,0,110,,3235,6,,,0,115,,3236,6,,,0,155,,3237,6,,,0,110,,3238,6,,,0,109,,3239,6,,,0,100,,3240,6,,,0,105,,3241,6,,,0,105,,3243,6,,,0,105,,3242,6,,,0
1601,'CsRoyOffKerOff',618,,3260,6,,,0,115,,3245,6,,,0,110,,3246,6,,,0,110,,3247,6,,,0,150,,3248,6,,,0,110,,3249,6,,,0,110,,3250,6,,,0,110,,3251,6,,,0,115,,3252,6,,,0,155,,3253,6,,,0,110,,3254,6,,,0,109,,3255,6,,,0,100,,3256,6,,,0,105,,3257,6,,,0,105,,3259,6,,,0,105,,3258,6,,,0
1601,'Dimanche',842,,3269,6,,,0,105,,3262,6,,,0,105,,3263,6,,,0,105,,3264,6,,,0,145,,3265,6,,,0,105,,3266,6,,,0,105,,3267,6,,,0,105,,3268,6,,,0,105,,3261,6,,,0,105,,3270,6,,,0
1601,'EventOff',618,,3286,6,,,0,115,,3271,6,,,0,110,,3272,6,,,0,110,,3273,6,,,0,150,,3274,6,,,0,110,,3275,6,,,0,110,,3276,6,,,0,110,,3277,6,,,0,115,,3278,6,,,0,155,,3279,6,,,0,110,,3280,6,,,0,109,,3281,6,,,0,100,,3282,6,,,0,105,,3283,6,,,0,105,,3285,6,,,0,105,,3284,6,,,0
1601,'EventOn',618,,3302,6,,,0,115,,3287,6,,,0,110,,3288,6,,,0,110,,3289,6,,,0,150,,3290,6,,,0,110,,3291,6,,,0,110,,3292,6,,,0,110,,3293,6,,,0,115,,3294,6,,,0,155,,3295,6,,,0,110,,3296,6,,,0,109,,3297,6,,,0,100,,3298,6,,,0,105,,3299,6,,,0,105,,3301,6,,,0,105,,3300,6,,,0
1601,'KerOffPriveOff',618,,3318,6,,,0,115,,3303,6,,,0,110,,3304,6,,,0,110,,3305,6,,,0,150,,3306,6,,,0,110,,3307,6,,,0,110,,3308,6,,,0,110,,3309,6,,,0,115,,3310,6,,,0,155,,3311,6,,,0,110,,3312,6,,,0,109,,3313,6,,,0,100,,3314,6,,,0,105,,3315,6,,,0,105,,3317,6,,,0,105,,3316,6,,,0
1601,'Samedi',613,,3334,6,,,0,105,,3335,6,,,0,105,,3327,6,,,0,105,,3319,6,,,0,105,,3320,6,,,0,105,,3321,6,,,0,105,,3322,6,,,0,104,,3323,6,,,0,105,,3324,6,,,0,105,,3325,6,,,0,146,,3326,6,,,0,105,,3328,6,,,0,105,,3329,6,,,0,105,,3330,6,,,0,105,,3331,6,,,0,105,,3332,6,,,0,105,,3333,6,,,0
