600,'CsRoyOff',613,,1014,1,,,0,27,,1003,11,,,0,80,,995,11,,,0,20,,1015,11,0,6,0,15,,988,11,,,0,75,,999,11,,,0,73,,1005,11,,,0,35,,994,11,,,0,75,,996,11,,,0,35,,989,11,,,0,75,,1000,11,,,0,35,,1006,11,,,0,75,,992,11,,,0,75,,997,11,,,0,35,,990,11,,,0,76,,1001,11,,,0,35,,1007,11,,,0,80,,1004,11,,,0,76,,998,11,,,0,39,,991,11,,,0,75,,1002,11,,,0,35,,1008,11,,,0,74,,993,11,,,0,109,,1010,11,,,0,99,,1013,11,,,0,105,,1012,11,,,0,107,,1011,11,,,0,103,,1009,11,,,0
600,'CsRoyOffKerOff',613,,1042,1,,,0,27,,1031,11,,,0,80,,1023,11,,,0,35,,1016,11,,,0,75,,1027,11,,,0,73,,1033,11,,,0,35,,1022,11,,,0,75,,1024,11,,,0,35,,1017,11,,,0,75,,1028,11,,,0,35,,1034,11,,,0,75,,1020,11,,,0,75,,1025,11,,,0,35,,1018,11,,,0,76,,1029,11,,,0,35,,1035,11,,,0,80,,1032,11,,,0,76,,1026,11,,,0,39,,1019,11,,,0,75,,1030,11,,,0,35,,1036,11,,,0,74,,1021,11,,,0,109,,1038,11,,,0,99,,1041,11,,,0,105,,1040,11,,,0,107,,1039,11,,,0,103,,1037,11,,,0
600,'Dimanche',900,,1044,11,,,0,105,,1047,11,,,0,106,,1046,11,,,0,106,,1048,11,,,0,105,,1049,11,,,0,105,,1050,11,,,0,105,,1051,11,,,0,105,,1052,11,,,0,105,,1043,11,,,0,104,,1045,11,,,0
600,'EventOff',613,,1079,1,,,0,27,,1068,11,,,0,80,,1060,11,,,0,35,,1053,11,,,0,75,,1064,11,,,0,73,,1070,11,,,0,35,,1059,11,,,0,75,,1061,11,,,0,35,,1054,11,,,0,75,,1065,11,,,0,35,,1071,11,,,0,75,,1057,11,,,0,75,,1062,11,,,0,35,,1055,11,,,0,76,,1066,11,,,0,35,,1072,11,,,0,80,,1069,11,,,0,76,,1063,11,,,0,39,,1056,11,,,0,75,,1067,11,,,0,35,,1073,11,,,0,74,,1058,11,,,0,109,,1075,11,,,0,99,,1078,11,,,0,105,,1077,11,,,0,107,,1076,11,,,0,103,,1074,11,,,0
600,'EventOn',613,,1106,1,,,0,27,,1095,11,,,0,80,,1087,11,,,0,20,,1107,11,0,6,0,15,,1108,1,,,0,75,,1091,11,,,0,73,,1097,11,,,0,35,,1086,11,,,0,75,,1088,11,,,0,35,,1081,11,,,0,75,,1092,11,,,0,35,,1098,11,,,0,75,,1084,11,,,0,75,,1089,11,,,0,35,,1082,11,,,0,76,,1093,11,,,0,35,,1099,11,,,0,80,,1096,11,,,0,76,,1090,11,,,0,39,,1083,11,,,0,75,,1094,11,,,0,35,,1100,11,,,0,74,,1085,11,,,0,109,,1102,11,,,0,99,,1105,11,,,0,105,,1104,11,,,0,107,,1103,11,,,0,103,,1101,11,,,0
600,'KerOffPriveOff',613,,1135,1,,,0,27,,1124,11,,,0,80,,1116,11,,,0,35,,1136,1,,,0,75,,1120,11,,,0,73,,1126,11,,,0,35,,1115,11,,,0,75,,1117,11,,,0,35,,1110,11,,,0,75,,1121,11,,,0,35,,1127,11,,,0,75,,1113,11,,,0,75,,1118,11,,,0,35,,1111,11,,,0,76,,1122,11,,,0,35,,1128,11,,,0,80,,1125,11,,,0,76,,1119,11,,,0,39,,1112,11,,,0,75,,1123,11,,,0,35,,1129,11,,,0,74,,1114,11,,,0,109,,1131,11,,,0,99,,1134,11,,,0,105,,1133,11,,,0,107,,1132,11,,,0,103,,1130,11,,,0
600,'Samedi',634,,1137,11,,,0,103,,1146,11,,,0,105,,1138,11,,,0,106,,1147,11,,,0,105,,1139,11,,,0,105,,1148,11,,,0,145,,1140,11,,,0,104,,1149,11,,,0,104,,1141,11,,,0,106,,1150,11,,,0,106,,1142,11,,,0,104,,1151,11,,,0,105,,1143,11,,,0,105,,1152,11,,,0,105,,1144,11,,,0,105,,1153,11,,,0,105,,1145,11,,,0
900,'CsRoyOff',647,,1654,10,0,20,0,79,,1668,10,0,20,0,75,,1655,10,0,20,0,36,,1665,10,0,20,0,75,,1656,10,0,20,0,35,,1669,10,0,20,0,75,,1657,10,0,20,0,111,,1658,10,0,20,0,110,,1659,10,0,20,0,111,,1660,10,0,20,0,75,,1666,10,0,20,0,76,,1661,10,0,20,0,39,,1667,10,0,20,0,66,,1671,1,,,0,11,,1662,10,0,20,0,37,,1670,10,0,20,0,76,,1663,10,0,20,0,107,,1664,10,0,20,0
900,'CsRoyOffKerOff',647,,1673,10,0,20,0,79,,1687,10,0,20,0,75,,1674,10,0,20,0,36,,1684,10,0,20,0,75,,1675,10,0,20,0,35,,1688,10,0,20,0,75,,1676,10,0,20,0,111,,1677,10,0,20,0,110,,1678,10,0,20,0,111,,1679,10,0,20,0,75,,1685,10,0,20,0,76,,1680,10,0,20,0,39,,1686,10,0,20,0,77,,1681,10,0,20,0,37,,1689,10,0,20,0,76,,1682,10,0,20,0,107,,1683,10,0,20,0
900,'EventOff',647,,1691,10,0,20,0,79,,1705,10,0,20,0,75,,1692,10,0,20,0,36,,1702,10,0,20,0,75,,1693,10,0,20,0,35,,1706,10,0,20,0,75,,1694,10,0,20,0,111,,1695,10,0,20,0,110,,1696,10,0,20,0,111,,1697,10,0,20,0,75,,1703,10,0,20,0,76,,1698,10,0,20,0,39,,1704,10,0,20,0,77,,1699,10,0,20,0,37,,1707,10,0,20,0,76,,1700,10,0,20,0,107,,1701,10,0,20,0
900,'EventOn',647,,1708,10,0,20,0,79,,1722,10,0,20,0,75,,1709,10,0,20,0,36,,1719,10,0,20,0,75,,1710,10,0,20,0,35,,1723,10,0,20,0,75,,1711,10,0,20,0,111,,1712,10,0,20,0,110,,1713,10,0,20,0,111,,1714,10,0,20,0,75,,1720,10,0,20,0,76,,1715,10,0,20,0,39,,1721,10,0,20,0,66,,1725,1,,,0,11,,1716,10,0,20,0,37,,1724,10,0,20,0,76,,1717,10,0,20,0,107,,1718,10,0,20,0
900,'KerOffPriveOff',647,,1727,10,0,20,0,79,,1741,10,0,20,0,75,,1728,10,0,20,0,36,,1738,10,0,20,0,75,,1729,10,0,20,0,35,,1742,10,0,20,0,75,,1730,10,0,20,0,111,,1731,10,0,20,0,110,,1732,10,0,20,0,111,,1733,10,0,20,0,75,,1739,10,0,20,0,76,,1734,10,0,20,0,39,,1740,10,0,20,0,77,,1735,10,0,20,0,37,,1743,10,0,20,0,76,,1736,10,0,20,0,107,,1737,10,0,20,0
8900,'CsRoyOff',1941,,4827,11,,,0,100,,4829,11,,,0,105,,4828,11,,,0,107,,4826,11,,,0,103,,4825,11,,,0
8900,'CsRoyOffKerOff',1941,,4832,11,,,0,100,,4834,11,,,0,105,,4833,11,,,0,107,,4831,11,,,0,103,,4830,11,,,0
8900,'Dimanche',900,,4836,11,,,0,105,,4838,11,,,0,106,,4839,11,,,0,105,,4840,11,,,0,105,,4842,11,,,0,105,,4841,11,,,0,105,,4843,11,,,0,105,,4844,11,,,0,105,,4835,11,,,0,104,,4837,11,,,0
8900,'EventOff',1941,,4847,11,,,0,100,,4849,11,,,0,105,,4848,11,,,0,107,,4846,11,,,0,103,,4845,11,,,0
8900,'EventOn',1941,,4852,11,,,0,100,,4854,11,,,0,105,,4853,11,,,0,107,,4851,11,,,0,103,,4850,11,,,0
8900,'KerOffPriveOff',1941,,4857,11,,,0,100,,4859,11,,,0,105,,4858,11,,,0,107,,4856,11,,,0,103,,4855,11,,,0
8900,'Samedi',633,,4876,11,,,0,103,,4860,11,,,0,105,,4868,11,,,0,106,,4861,11,,,0,105,,4869,11,,,0,105,,4862,11,,,0,145,,4870,11,,,0,104,,4863,11,,,0,104,,4871,11,,,0,106,,4864,11,,,0,106,,4872,11,,,0,104,,4865,11,,,0,105,,4873,11,,,0,105,,4866,11,,,0,105,,4874,11,,,0,105,,4867,11,,,0,105,,4875,11,,,0
111800401,'CsRoyOff',1610,,4934,16,4,,0
111800401,'EventOn',1610,,4935,16,4,,0
160900101,'EventOn',739,,4948,11,,,0
160900101,'KerOffPriveOff',739,,4949,11,,,0
