900,'CsRoyOff',649,,1654,12,0,20,0,79,,1668,12,0,20,0,75,,1655,12,0,20,0,36,,1665,12,0,20,0,75,,1656,12,0,20,0,35,,1669,12,0,20,0,75,,1657,12,0,20,0,111,,1658,12,0,20,0,110,,1659,12,0,20,0,111,,1660,12,0,20,0,75,,1666,12,0,20,0,76,,1661,12,0,20,0,39,,1667,12,0,20,0,65,,1671,3,,,0,12,,1662,12,0,20,0,77,,1670,12,0,20,0,36,,1663,12,0,20,0,107,,1664,12,0,20,0
900,'CsRoyOffKerOff',649,,1673,12,0,20,0,79,,1687,12,0,20,0,75,,1674,12,0,20,0,36,,1684,12,0,20,0,75,,1675,12,0,20,0,35,,1688,12,0,20,0,75,,1676,12,0,20,0,111,,1677,12,0,20,0,110,,1678,12,0,20,0,111,,1679,12,0,20,0,75,,1685,12,0,20,0,76,,1680,12,0,20,0,39,,1686,12,0,20,0,77,,1681,12,0,20,0,77,,1689,12,0,20,0,36,,1682,12,0,20,0,107,,1683,12,0,20,0
900,'EventOff',649,,1691,12,0,20,0,79,,1705,12,0,20,0,75,,1692,12,0,20,0,36,,1702,12,0,20,0,75,,1693,12,0,20,0,35,,1706,12,0,20,0,75,,1694,12,0,20,0,111,,1695,12,0,20,0,110,,1696,12,0,20,0,111,,1697,12,0,20,0,75,,1703,12,0,20,0,76,,1698,12,0,20,0,39,,1704,12,0,20,0,77,,1699,12,0,20,0,77,,1707,12,0,20,0,36,,1700,12,0,20,0,107,,1701,12,0,20,0
900,'EventOn',649,,1708,12,0,20,0,79,,1722,12,0,20,0,75,,1709,12,0,20,0,36,,1719,12,0,20,0,75,,1710,12,0,20,0,35,,1723,12,0,20,0,75,,1711,12,0,20,0,111,,1712,12,0,20,0,110,,1713,12,0,20,0,111,,1714,12,0,20,0,75,,1720,12,0,20,0,76,,1715,12,0,20,0,39,,1721,12,0,20,0,65,,1725,3,,,0,12,,1716,12,0,20,0,77,,1724,12,0,20,0,36,,1717,12,0,20,0,107,,1718,12,0,20,0
900,'KerOffPriveOff',649,,1727,12,0,20,0,79,,1741,12,0,20,0,75,,1728,12,0,20,0,36,,1738,12,0,20,0,75,,1729,12,0,20,0,35,,1742,12,0,20,0,75,,1730,12,0,20,0,111,,1731,12,0,20,0,110,,1732,12,0,20,0,111,,1733,12,0,20,0,75,,1739,12,0,20,0,76,,1734,12,0,20,0,39,,1740,12,0,20,0,77,,1735,12,0,20,0,77,,1743,12,0,20,0,36,,1736,12,0,20,0,107,,1737,12,0,20,0
1600,'CsRoyOff',721,,3122,26,,,0,110,,3123,26,,,0,110,,3124,26,,,0,110,,3125,26,,,0,150,,3126,26,,,0,110,,3127,26,,,0,110,,3128,26,,,0,116,,3129,26,,,0,114,,3130,26,,,0,150,,3131,26,,,0,110,,3132,26,,,0,100,,3133,26,,,0,106,,3134,26,,,0,104,,3135,26,,,0,106,,3136,26,,,0,102,,3137,26,,,0
1600,'CsRoyOffKerOff',721,,3138,26,,,0,110,,3139,26,,,0,110,,3140,26,,,0,110,,3141,26,,,0,150,,3142,26,,,0,110,,3143,26,,,0,110,,3144,26,,,0,116,,3145,26,,,0,114,,3146,26,,,0,150,,3147,26,,,0,110,,3148,26,,,0,100,,3149,26,,,0,106,,3150,26,,,0,104,,3151,26,,,0,106,,3152,26,,,0,102,,3153,26,,,0
1600,'Dimanche',937,,3155,26,,,0,105,,3156,26,,,0,105,,3157,26,,,0,105,,3158,26,,,0,104,,3159,26,,,0,145,,3160,26,,,0,105,,3161,26,,,0,105,,3154,26,,,0,105,,3162,26,,,0,105,,3163,26,,,0
1600,'EventOff',721,,3164,26,,,0,110,,3165,26,,,0,110,,3166,26,,,0,110,,3167,26,,,0,150,,3168,26,,,0,110,,3169,26,,,0,110,,3170,26,,,0,116,,3171,26,,,0,114,,3172,26,,,0,150,,3173,26,,,0,110,,3174,26,,,0,100,,3175,26,,,0,106,,3176,26,,,0,104,,3177,26,,,0,106,,3178,26,,,0,102,,3179,26,,,0
1600,'EventOn',721,,3180,26,,,0,110,,3181,26,,,0,110,,3182,26,,,0,110,,3183,26,,,0,150,,3184,26,,,0,110,,3185,26,,,0,110,,3186,26,,,0,116,,3187,26,,,0,114,,3188,26,,,0,150,,3189,26,,,0,110,,3190,26,,,0,100,,3191,26,,,0,106,,3192,26,,,0,104,,3193,26,,,0,106,,3194,26,,,0,102,,3195,26,,,0
1600,'KerOffPriveOff',721,,3196,26,,,0,110,,3197,26,,,0,110,,3198,26,,,0,110,,3199,26,,,0,150,,3200,26,,,0,110,,3201,26,,,0,110,,3202,26,,,0,116,,3203,26,,,0,114,,3204,26,,,0,150,,3205,26,,,0,110,,3206,26,,,0,100,,3207,26,,,0,106,,3208,26,,,0,104,,3209,26,,,0,106,,3210,26,,,0,102,,3211,26,,,0
1600,'Samedi',706,,3227,26,,,0,105,,3228,26,,,0,105,,3212,26,,,0,105,,3213,26,,,0,105,,3214,26,,,0,105,,3215,26,,,0,105,,3216,26,,,0,105,,3217,26,,,0,105,,3218,26,,,0,105,,3219,26,,,0,105,,3221,26,,,0,145,,3222,26,,,0,105,,3223,26,,,0,105,,3224,26,,,0,105,,3225,26,,,0,105,,3226,26,,,0,105,,3220,26,,,0
8900,'CsRoyOff',1943,,4827,13,,,0,100,,4829,13,,,0,105,,4828,13,,,0,107,,4826,13,,,0,103,,4825,13,,,0
8900,'CsRoyOffKerOff',1943,,4832,13,,,0,100,,4834,13,,,0,105,,4833,13,,,0,107,,4831,13,,,0,103,,4830,13,,,0
8900,'Dimanche',902,,4836,13,,,0,105,,4838,13,,,0,106,,4839,13,,,0,105,,4840,13,,,0,105,,4842,13,,,0,105,,4841,13,,,0,105,,4843,13,,,0,105,,4844,13,,,0,105,,4835,13,,,0,104,,4837,13,,,0
8900,'EventOff',1943,,4847,13,,,0,100,,4849,13,,,0,105,,4848,13,,,0,107,,4846,13,,,0,103,,4845,13,,,0
8900,'EventOn',1943,,4852,13,,,0,100,,4854,13,,,0,105,,4853,13,,,0,107,,4851,13,,,0,103,,4850,13,,,0
8900,'KerOffPriveOff',1943,,4857,13,,,0,100,,4859,13,,,0,105,,4858,13,,,0,107,,4856,13,,,0,103,,4855,13,,,0
8900,'Samedi',635,,4876,13,,,0,103,,4860,13,,,0,105,,4868,13,,,0,107,,4861,13,,,0,105,,4869,13,,,0,145,,4862,13,,,0,105,,4870,13,,,0,104,,4863,13,,,0,104,,4871,13,,,0,106,,4864,13,,,0,106,,4872,13,,,0,104,,4865,13,,,0,105,,4873,13,,,0,105,,4866,13,,,0,104,,4874,13,,,0,105,,4867,13,,,0,105,,4875,13,,,0
190300401,'CsRoyOff',1609,,4965,2,,,0
190300401,'CsRoyOffKerOff',1609,,4966,2,,,0
190300401,'EventOn',1609,,4967,2,,,0
