901,'CsRoyOff',615,,1744,13,,,0,24,,1758,13,,,0,68,,1762,14,0,5,0,5,,1763,14,0,6,0,3,,1745,13,,,0,40,,1757,13,,,0,74,,1746,13,,,0,76,,1759,13,,,0,35,,1747,13,,,0,110,,1748,13,,,0,151,,1749,13,,,0,109,,1750,13,,,0,111,,1751,13,,,0,35,,1756,13,,,0,76,,1752,13,,,0,79,,1755,13,,,0,37,,1753,13,,,0,77,,1760,13,,,0,76,,1754,13,,,0,110,,1761,13,,,0
901,'CsRoyOffKerOff',615,,1764,13,,,0,24,,1778,13,,,0,68,,1782,14,0,5,0,8,,1765,13,,,0,40,,1777,13,,,0,74,,1766,13,,,0,76,,1779,13,,,0,35,,1767,13,,,0,110,,1768,13,,,0,151,,1769,13,,,0,109,,1770,13,,,0,111,,1771,13,,,0,35,,1776,13,,,0,76,,1772,13,,,0,79,,1775,13,,,0,37,,1773,13,,,0,77,,1780,13,,,0,76,,1774,13,,,0,110,,1781,13,,,0
901,'EventOff',615,,1783,13,,,0,24,,1797,13,,,0,76,,1784,13,,,0,40,,1796,13,,,0,74,,1785,13,,,0,76,,1798,13,,,0,35,,1786,13,,,0,110,,1787,13,,,0,151,,1788,13,,,0,109,,1789,13,,,0,111,,1790,13,,,0,35,,1795,13,,,0,76,,1791,13,,,0,79,,1794,13,,,0,37,,1792,13,,,0,77,,1799,13,,,0,76,,1793,13,,,0,110,,1800,13,,,0
901,'EventOn',615,,1801,13,,,0,24,,1815,13,,,0,68,,1819,14,0,5,0,5,,1820,14,0,6,0,3,,1802,13,,,0,40,,1814,13,,,0,74,,1803,13,,,0,76,,1816,13,,,0,35,,1804,13,,,0,110,,1805,13,,,0,151,,1806,13,,,0,109,,1807,13,,,0,111,,1808,13,,,0,35,,1813,13,,,0,76,,1809,13,,,0,79,,1812,13,,,0,37,,1810,13,,,0,77,,1817,13,,,0,76,,1811,13,,,0,110,,1818,13,,,0
901,'KerOffPriveOff',615,,1821,13,,,0,24,,1835,13,,,0,76,,1822,13,,,0,40,,1834,13,,,0,74,,1823,13,,,0,76,,1836,13,,,0,35,,1824,13,,,0,110,,1825,13,,,0,151,,1826,13,,,0,109,,1827,13,,,0,111,,1828,13,,,0,35,,1833,13,,,0,76,,1829,13,,,0,79,,1832,13,,,0,37,,1830,13,,,0,77,,1837,13,,,0,76,,1831,13,,,0,110,,1838,13,,,0
8901,'CsRoyOff',2016,,4880,13,,,0,105,,4879,13,,,0,105,,4878,13,,,0,105,,4877,13,,,0
8901,'CsRoyOffKerOff',2016,,4884,13,,,0,105,,4883,13,,,0,105,,4882,13,,,0,105,,4881,13,,,0
8901,'Dimanche',833,,4886,13,,,0,105,,4888,13,,,0,106,,4890,13,,,0,105,,4891,13,,,0,105,,4892,13,,,0,105,,4893,13,,,0,145,,4894,13,,,0,105,,4895,13,,,0,105,,4885,13,,,0,104,,4889,13,,,0,101,,4887,13,,,0
8901,'EventOff',2016,,4899,13,,,0,105,,4898,13,,,0,105,,4897,13,,,0,105,,4896,13,,,0
8901,'EventOn',2016,,4903,13,,,0,105,,4902,13,,,0,105,,4901,13,,,0,105,,4900,13,,,0
8901,'KerOffPriveOff',2016,,4907,13,,,0,105,,4906,13,,,0,105,,4905,13,,,0,105,,4904,13,,,0
8901,'Samedi',709,,4916,13,,,0,105,,4908,13,,,0,106,,4917,13,,,0,105,,4909,13,,,0,105,,4918,13,,,0,105,,4910,13,,,0,104,,4919,13,,,0,105,,4911,13,,,0,105,,4920,13,,,0,106,,4912,13,,,0,104,,4921,13,,,0,145,,4913,13,,,0,105,,4922,13,,,0,105,,4914,13,,,0,105,,4923,13,,,0,105,,4915,13,,,0
