901,'CsRoyOff',612,,1744,7,,,0,24,,1758,7,,,0,68,,1762,8,0,5,0,5,,1763,8,0,6,0,3,,1745,7,,,0,40,,1757,7,,,0,74,,1746,7,,,0,76,,1759,7,,,0,35,,1747,7,,,0,110,,1748,7,,,0,111,,1749,7,,,0,149,,1750,7,,,0,111,,1751,7,,,0,35,,1756,7,,,0,76,,1752,7,,,0,79,,1755,7,,,0,37,,1753,7,,,0,77,,1760,7,,,0,36,,1754,7,,,0,150,,1761,7,,,0
901,'CsRoyOffKerOff',612,,1764,7,,,0,24,,1778,7,,,0,68,,1782,8,0,5,0,8,,1765,7,,,0,40,,1777,7,,,0,74,,1766,7,,,0,76,,1779,7,,,0,35,,1767,7,,,0,110,,1768,7,,,0,111,,1769,7,,,0,149,,1770,7,,,0,111,,1771,7,,,0,35,,1776,7,,,0,76,,1772,7,,,0,79,,1775,7,,,0,37,,1773,7,,,0,77,,1780,7,,,0,36,,1774,7,,,0,150,,1781,7,,,0
901,'EventOff',612,,1783,7,,,0,24,,1797,7,,,0,76,,1784,7,,,0,40,,1796,7,,,0,74,,1785,7,,,0,76,,1798,7,,,0,35,,1786,7,,,0,110,,1787,7,,,0,111,,1788,7,,,0,149,,1789,7,,,0,111,,1790,7,,,0,35,,1795,7,,,0,76,,1791,7,,,0,79,,1794,7,,,0,37,,1792,7,,,0,77,,1799,7,,,0,36,,1793,7,,,0,150,,1800,7,,,0
901,'EventOn',612,,1801,7,,,0,24,,1815,7,,,0,68,,1819,8,0,5,0,5,,1820,8,0,6,0,3,,1802,7,,,0,40,,1814,7,,,0,74,,1803,7,,,0,76,,1816,7,,,0,35,,1804,7,,,0,110,,1805,7,,,0,111,,1806,7,,,0,149,,1807,7,,,0,111,,1808,7,,,0,35,,1813,7,,,0,76,,1809,7,,,0,79,,1812,7,,,0,37,,1810,7,,,0,77,,1817,7,,,0,36,,1811,7,,,0,150,,1818,7,,,0
901,'KerOffPriveOff',612,,1821,7,,,0,24,,1835,7,,,0,76,,1822,7,,,0,40,,1834,7,,,0,74,,1823,7,,,0,76,,1836,7,,,0,35,,1824,7,,,0,110,,1825,7,,,0,111,,1826,7,,,0,149,,1827,7,,,0,111,,1828,7,,,0,35,,1833,7,,,0,76,,1829,7,,,0,79,,1832,7,,,0,37,,1830,7,,,0,77,,1837,7,,,0,36,,1831,7,,,0,150,,1838,7,,,0
8901,'CsRoyOff',2013,,4880,7,,,0,105,,4879,7,,,0,105,,4878,7,,,0,105,,4877,7,,,0
8901,'CsRoyOffKerOff',2013,,4884,7,,,0,105,,4883,7,,,0,105,,4882,7,,,0,105,,4881,7,,,0
8901,'Dimanche',830,,4886,7,,,0,105,,4888,7,,,0,106,,4890,7,,,0,105,,4891,7,,,0,105,,4892,7,,,0,105,,4893,7,,,0,145,,4894,7,,,0,105,,4895,7,,,0,105,,4885,7,,,0,104,,4889,7,,,0,101,,4887,7,,,0
8901,'EventOff',2013,,4899,7,,,0,105,,4898,7,,,0,105,,4897,7,,,0,105,,4896,7,,,0
8901,'EventOn',2013,,4903,7,,,0,105,,4902,7,,,0,105,,4901,7,,,0,105,,4900,7,,,0
8901,'KerOffPriveOff',2013,,4907,7,,,0,105,,4906,7,,,0,105,,4905,7,,,0,105,,4904,7,,,0
8901,'Samedi',706,,4916,7,,,0,105,,4908,7,,,0,106,,4917,7,,,0,105,,4909,7,,,0,105,,4918,7,,,0,105,,4910,7,,,0,104,,4919,7,,,0,105,,4911,7,,,0,105,,4920,7,,,0,106,,4912,7,,,0,104,,4921,7,,,0,145,,4913,7,,,0,105,,4922,7,,,0,105,,4914,7,,,0,105,,4923,7,,,0,105,,4915,7,,,0
