900,'CsRoyOff',655,,1654,26,0,20,0,80,,1668,26,0,20,0,75,,1655,26,0,20,0,36,,1665,26,0,20,0,75,,1656,26,0,20,0,35,,1669,26,0,20,0,75,,1657,26,0,20,0,111,,1658,26,0,20,0,110,,1659,26,0,20,0,151,,1660,26,0,20,0,35,,1666,26,0,20,0,76,,1661,26,0,20,0,39,,1667,26,0,20,0,67,,1672,17,0,5,0,2,,1671,20,,,0,8,,1662,26,0,20,0,77,,1670,26,0,20,0,36,,1663,26,0,20,0,107,,1664,26,0,20,0
900,'CsRoyOffKerOff',655,,1673,26,0,20,0,80,,1687,26,0,20,0,75,,1674,26,0,20,0,36,,1684,26,0,20,0,75,,1675,26,0,20,0,35,,1688,26,0,20,0,75,,1676,26,0,20,0,111,,1677,26,0,20,0,110,,1678,26,0,20,0,151,,1679,26,0,20,0,35,,1685,26,0,20,0,76,,1680,26,0,20,0,39,,1686,26,0,20,0,67,,1690,17,0,5,0,10,,1681,26,0,20,0,77,,1689,26,0,20,0,36,,1682,26,0,20,0,107,,1683,26,0,20,0
900,'EventOff',655,,1691,26,0,20,0,80,,1705,26,0,20,0,75,,1692,26,0,20,0,36,,1702,26,0,20,0,75,,1693,26,0,20,0,35,,1706,26,0,20,0,75,,1694,26,0,20,0,111,,1695,26,0,20,0,110,,1696,26,0,20,0,151,,1697,26,0,20,0,35,,1703,26,0,20,0,76,,1698,26,0,20,0,39,,1704,26,0,20,0,77,,1699,26,0,20,0,77,,1707,26,0,20,0,36,,1700,26,0,20,0,107,,1701,26,0,20,0
900,'EventOn',655,,1708,26,0,20,0,80,,1722,26,0,20,0,75,,1709,26,0,20,0,36,,1719,26,0,20,0,75,,1710,26,0,20,0,35,,1723,26,0,20,0,75,,1711,26,0,20,0,111,,1712,26,0,20,0,110,,1713,26,0,20,0,151,,1714,26,0,20,0,35,,1720,26,0,20,0,76,,1715,26,0,20,0,39,,1721,26,0,20,0,67,,1726,17,0,5,0,2,,1725,20,,,0,8,,1716,26,0,20,0,77,,1724,26,0,20,0,36,,1717,26,0,20,0,107,,1718,26,0,20,0
900,'KerOffPriveOff',655,,1727,26,0,20,0,80,,1741,26,0,20,0,75,,1728,26,0,20,0,36,,1738,26,0,20,0,75,,1729,26,0,20,0,35,,1742,26,0,20,0,75,,1730,26,0,20,0,111,,1731,26,0,20,0,110,,1732,26,0,20,0,151,,1733,26,0,20,0,35,,1739,26,0,20,0,76,,1734,26,0,20,0,39,,1740,26,0,20,0,77,,1735,26,0,20,0,77,,1743,26,0,20,0,36,,1736,26,0,20,0,107,,1737,26,0,20,0
8900,'CsRoyOff',1949,,4827,27,,,0,100,,4829,27,,,0,105,,4828,27,,,0,147,,4826,27,,,0,103,,4825,27,,,0
8900,'CsRoyOffKerOff',1949,,4832,27,,,0,100,,4834,27,,,0,105,,4833,27,,,0,147,,4831,27,,,0,103,,4830,27,,,0
8900,'Dimanche',908,,4836,27,,,0,105,,4838,27,,,0,107,,4839,27,,,0,105,,4840,27,,,0,105,,4842,27,,,0,105,,4841,27,,,0,105,,4843,27,,,0,105,,4844,27,,,0,105,,4835,27,,,0,104,,4837,27,,,0
8900,'EventOff',1949,,4847,27,,,0,100,,4849,27,,,0,105,,4848,27,,,0,147,,4846,27,,,0,103,,4845,27,,,0
8900,'EventOn',1949,,4852,27,,,0,100,,4854,27,,,0,105,,4853,27,,,0,147,,4851,27,,,0,103,,4850,27,,,0
8900,'KerOffPriveOff',1949,,4857,27,,,0,100,,4859,27,,,0,105,,4858,27,,,0,147,,4856,27,,,0,103,,4855,27,,,0
8900,'Samedi',641,,4876,27,,,0,103,,4860,27,,,0,105,,4868,27,,,0,107,,4861,27,,,0,145,,4869,27,,,0,105,,4862,27,,,0,105,,4870,27,,,0,104,,4863,27,,,0,104,,4871,27,,,0,106,,4864,27,,,0,106,,4872,27,,,0,104,,4865,27,,,0,105,,4873,27,,,0,105,,4866,27,,,0,104,,4874,27,,,0,105,,4867,27,,,0,105,,4875,27,,,0
