1300,'CsRoyOff',629,,2737,21,,,0,75,,2726,21,,,0,44,,2743,21,,,0,74,,2732,21,,,0,34,,2738,21,,,0,74,,2727,21,,,0,75,,2744,21,,,0,35,,2733,21,,,0,76,,2739,21,,,0,35,,2728,21,,,0,75,,2745,21,,,0,74,,2734,21,,,0,35,,2740,21,,,0,75,,2729,21,,,0,35,,2746,21,,,0,80,,2735,21,,,0,78,,2741,21,,,0,37,,2730,21,,,0,75,,2747,21,,,0,34,,2736,21,,,0,75,,2742,21,,,0,35,,2731,21,,,0,145,,2752,21,,,0,104,,2751,21,,,0,105,,2750,21,,,0,105,,2749,21,,,0,105,,2748,21,,,0
1300,'CsRoyOffKerOff',629,,2764,21,,,0,75,,2753,21,,,0,44,,2770,21,,,0,74,,2759,21,,,0,34,,2765,21,,,0,74,,2754,21,,,0,75,,2771,21,,,0,35,,2760,21,,,0,76,,2766,21,,,0,35,,2755,21,,,0,75,,2772,21,,,0,74,,2761,21,,,0,35,,2767,21,,,0,75,,2756,21,,,0,35,,2773,21,,,0,80,,2762,21,,,0,78,,2768,21,,,0,37,,2757,21,,,0,75,,2774,21,,,0,34,,2763,21,,,0,75,,2769,21,,,0,35,,2758,21,,,0,145,,2779,21,,,0,104,,2778,21,,,0,105,,2777,21,,,0,105,,2776,21,,,0,105,,2775,21,,,0
1300,'Dimanche',928,,2783,21,,,0,105,,2784,21,,,0,106,,2785,21,,,0,105,,2786,21,,,0,105,,2787,21,,,0,105,,2788,21,,,0,105,,2789,21,,,0,145,,2782,21,,,0,105,,2780,21,,,0,104,,2781,21,,,0
1300,'EventOff',629,,2801,21,,,0,75,,2790,21,,,0,44,,2807,21,,,0,74,,2796,21,,,0,34,,2802,21,,,0,74,,2791,21,,,0,75,,2808,21,,,0,35,,2797,21,,,0,76,,2803,21,,,0,35,,2792,21,,,0,75,,2809,21,,,0,74,,2798,21,,,0,35,,2804,21,,,0,75,,2793,21,,,0,35,,2810,21,,,0,80,,2799,21,,,0,78,,2805,21,,,0,37,,2794,21,,,0,75,,2811,21,,,0,34,,2800,21,,,0,75,,2806,21,,,0,35,,2795,21,,,0,145,,2816,21,,,0,104,,2815,21,,,0,105,,2814,21,,,0,105,,2813,21,,,0,105,,2812,21,,,0
1300,'EventOn',629,,2828,21,,,0,75,,2817,21,,,0,44,,2834,21,,,0,74,,2823,21,,,0,34,,2829,21,,,0,74,,2818,21,,,0,75,,2835,21,,,0,35,,2824,21,,,0,76,,2830,21,,,0,35,,2819,21,,,0,75,,2836,21,,,0,74,,2825,21,,,0,35,,2831,21,,,0,75,,2820,21,,,0,35,,2837,21,,,0,80,,2826,21,,,0,78,,2832,21,,,0,12,,2846,21,,,0,25,,2821,21,,,0,75,,2838,21,,,0,34,,2827,21,,,0,75,,2833,21,,,0,35,,2822,21,,,0,145,,2843,21,,,0,104,,2842,21,,,0,105,,2841,21,,,0,105,,2840,21,,,0,105,,2839,21,,,0
1300,'KerOffPriveOff',629,,2858,21,,,0,75,,2847,21,,,0,44,,2864,21,,,0,74,,2853,21,,,0,34,,2859,21,,,0,74,,2848,21,,,0,75,,2865,21,,,0,35,,2854,21,,,0,76,,2860,21,,,0,35,,2849,21,,,0,75,,2866,21,,,0,74,,2855,21,,,0,35,,2861,21,,,0,75,,2850,21,,,0,35,,2867,21,,,0,80,,2856,21,,,0,78,,2862,21,,,0,12,,2876,21,,,0,25,,2851,21,,,0,75,,2868,21,,,0,34,,2857,21,,,0,75,,2863,21,,,0,35,,2852,21,,,0,145,,2873,21,,,0,104,,2872,21,,,0,105,,2871,21,,,0,105,,2870,21,,,0,105,,2869,21,,,0
1300,'Samedi',658,,2885,21,,,0,145,,2877,21,,,0,105,,2886,21,,,0,107,,2878,21,,,0,105,,2887,21,,,0,105,,2879,21,,,0,105,,2888,21,,,0,105,,2880,21,,,0,105,,2889,21,,,0,105,,2881,21,,,0,105,,2890,21,,,0,104,,2882,21,,,0,105,,2891,21,,,0,145,,2883,21,,,0,105,,2892,21,,,0,105,,2884,21,,,0,104,,2893,21,,,0
1400,'CsRoyOff',632,,3062,5,,,0,70,,3063,5,,,0,30,,3061,5,,,0,100,,3060,5,,,0,685,,3059,5,,,0,100,,3057,5,,,0,100,,3058,5,,,0
1400,'CsRoyOffKerOff',632,,3069,5,,,0,70,,3070,5,,,0,30,,3068,5,,,0,100,,3067,5,,,0,685,,3066,5,,,0,100,,3064,5,,,0,100,,3065,5,,,0
1400,'EventOff',632,,3076,5,,,0,70,,3077,5,,,0,30,,3075,5,,,0,100,,3074,5,,,0,685,,3073,5,,,0,100,,3071,5,,,0,100,,3072,5,,,0
1400,'EventOn',632,,3083,5,,,0,70,,3084,5,,,0,30,,3082,5,,,0,100,,3081,5,,,0,685,,3080,5,,,0,100,,3078,5,,,0,100,,3079,5,,,0
1400,'KerOffPriveOff',632,,3090,5,,,0,70,,3091,5,,,0,30,,3089,5,,,0,100,,3088,5,,,0,685,,3087,5,,,0,100,,3085,5,,,0,100,,3086,5,,,0
