400,'CsRoyOff',615,,341,2,,,0,35,,325,2,,,0,80,,337,2,,,0,75,,333,2,,,0,36,,345,2,,,0,74,,330,2,,,0,35,,342,2,,,0,75,,326,2,,,0,75,,338,2,,,0,35,,334,2,,,0,75,,346,2,,,0,35,,331,2,,,0,75,,339,2,,,0,35,,335,2,,,0,75,,343,2,,,0,80,,327,2,,,0,38,,329,2,,,0,77,,332,2,,,0,75,,340,2,,,0,35,,336,2,,,0,75,,344,2,,,0,35,,328,2,,,0,105,,351,2,,,0,105,,350,2,,,0,145,,349,2,,,0,105,,348,2,,,0,105,,347,2,,,0
400,'CsRoyOffKerOff',615,,369,2,,,0,35,,353,2,,,0,80,,365,2,,,0,75,,361,2,,,0,36,,373,2,,,0,74,,358,2,,,0,35,,370,2,,,0,75,,354,2,,,0,75,,366,2,,,0,35,,362,2,,,0,75,,374,2,,,0,35,,359,2,,,0,75,,367,2,,,0,35,,363,2,,,0,75,,371,2,,,0,80,,355,2,,,0,38,,357,2,,,0,77,,360,2,,,0,75,,368,2,,,0,35,,364,2,,,0,75,,372,2,,,0,35,,356,2,,,0,105,,379,2,,,0,105,,378,2,,,0,145,,377,2,,,0,105,,376,2,,,0,105,,375,2,,,0
400,'Dimanche',915,,384,2,,,0,105,,385,2,,,0,105,,386,2,,,0,105,,387,2,,,0,105,,388,2,,,0,105,,389,2,,,0,105,,390,2,,,0,105,,381,2,,,0,105,,383,2,,,0,145,,382,2,,,0
400,'EventOff',615,,407,2,,,0,35,,391,2,,,0,80,,403,2,,,0,75,,399,2,,,0,36,,411,2,,,0,74,,396,2,,,0,35,,408,2,,,0,75,,392,2,,,0,75,,404,2,,,0,35,,400,2,,,0,75,,412,2,,,0,35,,397,2,,,0,75,,405,2,,,0,35,,401,2,,,0,75,,409,2,,,0,80,,393,2,,,0,38,,395,2,,,0,77,,398,2,,,0,75,,406,2,,,0,35,,402,2,,,0,75,,410,2,,,0,35,,394,2,,,0,105,,417,2,,,0,105,,416,2,,,0,145,,415,2,,,0,105,,414,2,,,0,105,,413,2,,,0
400,'EventOn',615,,434,2,,,0,35,,418,2,,,0,80,,430,2,,,0,75,,426,2,,,0,36,,438,2,,,0,74,,423,2,,,0,35,,435,2,,,0,75,,419,2,,,0,75,,431,2,,,0,35,,427,2,,,0,75,,439,2,,,0,35,,424,2,,,0,75,,432,2,,,0,35,,428,2,,,0,75,,436,2,,,0,80,,420,2,,,0,38,,422,2,,,0,77,,425,2,,,0,75,,433,2,,,0,35,,429,2,,,0,75,,437,2,,,0,35,,421,2,,,0,105,,444,2,,,0,105,,443,2,,,0,145,,442,2,,,0,105,,441,2,,,0,105,,440,2,,,0
400,'KerOffPriveOff',615,,463,2,,,0,35,,447,2,,,0,80,,459,2,,,0,75,,455,2,,,0,36,,467,2,,,0,74,,452,2,,,0,35,,464,2,,,0,75,,448,2,,,0,75,,460,2,,,0,35,,456,2,,,0,75,,468,2,,,0,35,,453,2,,,0,75,,461,2,,,0,35,,457,2,,,0,75,,465,2,,,0,80,,449,2,,,0,38,,451,2,,,0,77,,454,2,,,0,75,,462,2,,,0,35,,458,2,,,0,75,,466,2,,,0,35,,450,2,,,0,105,,473,2,,,0,105,,472,2,,,0,145,,471,2,,,0,105,,470,2,,,0,105,,469,2,,,0
400,'Samedi',645,,476,2,,,0,105,,477,2,,,0,105,,478,2,,,0,145,,479,2,,,0,105,,480,2,,,0,105,,481,2,,,0,105,,482,2,,,0,105,,483,2,,,0,105,,484,2,,,0,105,,485,2,,,0,105,,486,2,,,0,105,,487,2,,,0,105,,488,2,,,0,105,,489,2,,,0,105,,490,2,,,0,145,,491,2,,,0,105,,492,2,,,0
1000,'CsRoyOff',615,,1850,2,,,0,35,,1857,2,,,0,80,,1855,2,,,0,75,,1845,2,,,0,36,,1839,2,,,0,74,,1851,2,,,0,35,,1858,2,,,0,75,,1849,2,,,0,75,,1846,2,,,0,35,,1840,2,,,0,75,,1852,2,,,0,35,,1859,2,,,0,75,,1843,2,,,0,35,,1847,2,,,0,75,,1841,2,,,0,80,,1853,2,,,0,38,,1860,2,,,0,77,,1856,2,,,0,75,,1848,2,,,0,35,,1842,2,,,0,75,,1854,2,,,0,35,,1861,2,,,0,105,,1866,2,,,0,105,,1865,2,,,0,145,,1862,2,,,0,105,,1863,2,,,0,105,,1864,2,,,0
1000,'CsRoyOffKerOff',615,,1878,2,,,0,35,,1885,2,,,0,80,,1883,2,,,0,75,,1873,2,,,0,36,,1867,2,,,0,74,,1879,2,,,0,35,,1886,2,,,0,75,,1877,2,,,0,75,,1874,2,,,0,35,,1868,2,,,0,75,,1880,2,,,0,35,,1887,2,,,0,75,,1871,2,,,0,35,,1875,2,,,0,75,,1869,2,,,0,80,,1881,2,,,0,38,,1888,2,,,0,77,,1884,2,,,0,75,,1876,2,,,0,35,,1870,2,,,0,75,,1882,2,,,0,35,,1889,2,,,0,105,,1894,2,,,0,105,,1893,2,,,0,145,,1890,2,,,0,105,,1891,2,,,0,105,,1892,2,,,0
1000,'Dimanche',915,,1896,2,,,0,105,,1898,2,,,0,105,,1899,2,,,0,105,,1901,2,,,0,105,,1902,2,,,0,105,,1903,2,,,0,105,,1904,2,,,0,105,,1900,2,,,0,105,,1897,2,,,0,145,,1895,2,,,0
1000,'EventOff',615,,1917,2,,,0,35,,1924,2,,,0,80,,1922,2,,,0,75,,1912,2,,,0,36,,1906,2,,,0,74,,1918,2,,,0,35,,1925,2,,,0,75,,1916,2,,,0,75,,1913,2,,,0,35,,1907,2,,,0,75,,1919,2,,,0,35,,1926,2,,,0,75,,1910,2,,,0,35,,1914,2,,,0,75,,1908,2,,,0,80,,1920,2,,,0,38,,1927,2,,,0,77,,1923,2,,,0,75,,1915,2,,,0,35,,1909,2,,,0,75,,1921,2,,,0,35,,1928,2,,,0,105,,1933,2,,,0,105,,1932,2,,,0,145,,1929,2,,,0,105,,1930,2,,,0,105,,1931,2,,,0
1000,'EventOn',615,,1945,2,,,0,35,,1952,2,,,0,80,,1950,2,,,0,75,,1940,2,,,0,36,,1934,2,,,0,74,,1946,2,,,0,35,,1953,2,,,0,75,,1944,2,,,0,75,,1941,2,,,0,35,,1935,2,,,0,75,,1947,2,,,0,35,,1954,2,,,0,75,,1938,2,,,0,35,,1942,2,,,0,75,,1936,2,,,0,80,,1948,2,,,0,38,,1955,2,,,0,77,,1951,2,,,0,75,,1943,2,,,0,35,,1937,2,,,0,75,,1949,2,,,0,35,,1956,2,,,0,105,,1961,2,,,0,105,,1960,2,,,0,145,,1957,2,,,0,105,,1958,2,,,0,105,,1959,2,,,0
1000,'KerOffPriveOff',615,,1973,2,,,0,35,,1980,2,,,0,80,,1978,2,,,0,75,,1968,2,,,0,36,,1962,2,,,0,74,,1974,2,,,0,35,,1981,2,,,0,75,,1972,2,,,0,75,,1969,2,,,0,35,,1963,2,,,0,75,,1975,2,,,0,35,,1982,2,,,0,75,,1966,2,,,0,35,,1970,2,,,0,75,,1964,2,,,0,80,,1976,2,,,0,38,,1983,2,,,0,77,,1979,2,,,0,75,,1971,2,,,0,35,,1965,2,,,0,75,,1977,2,,,0,35,,1984,2,,,0,105,,1989,2,,,0,105,,1988,2,,,0,145,,1985,2,,,0,105,,1986,2,,,0,105,,1987,2,,,0
1000,'Samedi',645,,1990,2,,,0,105,,1991,2,,,0,105,,1992,2,,,0,145,,1993,2,,,0,105,,1994,2,,,0,105,,1995,2,,,0,105,,1996,2,,,0,105,,1997,2,,,0,105,,1998,2,,,0,105,,1999,2,,,0,105,,2000,2,,,0,105,,2001,2,,,0,105,,2002,2,,,0,105,,2003,2,,,0,105,,2004,2,,,0,145,,2005,2,,,0,105,,2006,2,,,0
2500,'CsRoyOff',615,,3548,2,,,0,35,,3546,2,,,0,80,,3549,2,,,0,75,,3547,2,,,0,36,,3550,2,,,0,74,,3551,2,,,0,35,,3552,2,,,0,75,,3553,2,,,0,75,,3554,2,,,0,35,,3555,2,,,0,75,,3556,2,,,0,35,,3557,2,,,0,75,,3558,2,,,0,35,,3559,2,,,0,75,,3560,2,,,0,80,,3561,2,,,0,38,,3562,2,,,0,77,,3563,2,,,0,75,,3564,2,,,0,35,,3565,2,,,0,75,,3566,2,,,0,35,,3567,2,,,0,105,,3568,2,,,0,105,,3569,2,,,0,145,,3570,2,,,0,105,,3571,2,,,0,105,,3572,2,,,0
2500,'CsRoyOffKerOff',615,,3579,2,,,0,35,,3577,2,,,0,80,,3580,2,,,0,75,,3578,2,,,0,36,,3581,2,,,0,74,,3582,2,,,0,35,,3583,2,,,0,75,,3584,2,,,0,75,,3585,2,,,0,35,,3586,2,,,0,75,,3587,2,,,0,35,,3588,2,,,0,75,,3589,2,,,0,35,,3590,2,,,0,75,,3591,2,,,0,80,,3592,2,,,0,38,,3593,2,,,0,77,,3594,2,,,0,75,,3595,2,,,0,35,,3596,2,,,0,75,,3597,2,,,0,35,,3598,2,,,0,105,,3599,2,,,0,105,,3600,2,,,0,145,,3601,2,,,0,105,,3602,2,,,0,105,,3603,2,,,0
2500,'Dimanche',915,,3610,2,,,0,105,,3611,2,,,0,105,,3612,2,,,0,105,,3613,2,,,0,105,,3614,2,,,0,105,,3615,2,,,0,105,,3616,2,,,0,105,,3608,2,,,0,105,,3609,2,,,0,145,,3607,2,,,0
2500,'EventOff',615,,3620,2,,,0,35,,3618,2,,,0,80,,3621,2,,,0,75,,3619,2,,,0,36,,3622,2,,,0,74,,3623,2,,,0,35,,3624,2,,,0,75,,3625,2,,,0,75,,3626,2,,,0,35,,3627,2,,,0,75,,3628,2,,,0,35,,3629,2,,,0,75,,3630,2,,,0,35,,3631,2,,,0,75,,3632,2,,,0,80,,3633,2,,,0,38,,3634,2,,,0,77,,3635,2,,,0,75,,3636,2,,,0,35,,3637,2,,,0,75,,3638,2,,,0,35,,3639,2,,,0,105,,3640,2,,,0,105,,3641,2,,,0,145,,3642,2,,,0,105,,3643,2,,,0,105,,3644,2,,,0
2500,'EventOn',615,,3648,2,,,0,35,,3646,2,,,0,80,,3649,2,,,0,75,,3647,2,,,0,36,,3650,2,,,0,74,,3651,2,,,0,35,,3652,2,,,0,75,,3653,2,,,0,75,,3654,2,,,0,35,,3655,2,,,0,75,,3656,2,,,0,35,,3657,2,,,0,75,,3658,2,,,0,35,,3659,2,,,0,75,,3660,2,,,0,80,,3661,2,,,0,38,,3662,2,,,0,77,,3663,2,,,0,75,,3664,2,,,0,35,,3665,2,,,0,75,,3666,2,,,0,35,,3667,2,,,0,105,,3668,2,,,0,105,,3669,2,,,0,145,,3670,2,,,0,105,,3671,2,,,0,105,,3672,2,,,0
2500,'KerOffPriveOff',615,,3683,2,,,0,35,,3681,2,,,0,80,,3684,2,,,0,75,,3682,2,,,0,36,,3685,2,,,0,74,,3686,2,,,0,35,,3687,2,,,0,75,,3688,2,,,0,75,,3689,2,,,0,35,,3690,2,,,0,75,,3691,2,,,0,35,,3692,2,,,0,75,,3693,2,,,0,35,,3694,2,,,0,75,,3695,2,,,0,80,,3696,2,,,0,38,,3697,2,,,0,77,,3698,2,,,0,75,,3699,2,,,0,35,,3700,2,,,0,75,,3701,2,,,0,35,,3702,2,,,0,105,,3703,2,,,0,105,,3704,2,,,0,145,,3705,2,,,0,105,,3706,2,,,0,105,,3707,2,,,0
2500,'Samedi',645,,3713,2,,,0,105,,3719,2,,,0,105,,3726,2,,,0,145,,3714,2,,,0,105,,3720,2,,,0,105,,3727,2,,,0,105,,3715,2,,,0,105,,3721,2,,,0,105,,3728,2,,,0,105,,3716,2,,,0,105,,3722,2,,,0,105,,3729,2,,,0,105,,3717,2,,,0,105,,3723,2,,,0,105,,3730,2,,,0,145,,3718,2,,,0,105,,3724,2,,,0
2600,'CsRoyOff',615,,3899,2,,,0,35,,3900,2,,,0,80,,3901,2,,,0,75,,3902,2,,,0,36,,3903,2,,,0,74,,3904,2,,,0,35,,3905,2,,,0,75,,3906,2,,,0,75,,3907,2,,,0,35,,3908,2,,,0,75,,3909,2,,,0,35,,3910,2,,,0,75,,3911,2,,,0,35,,3912,2,,,0,75,,3913,2,,,0,80,,3914,2,,,0,38,,3915,2,,,0,77,,3916,2,,,0,75,,3917,2,,,0,35,,3918,2,,,0,75,,3919,2,,,0,35,,3920,2,,,0,105,,3921,2,,,0,105,,3922,2,,,0,145,,3923,2,,,0,105,,3924,2,,,0,105,,3925,2,,,0
2600,'CsRoyOffKerOff',615,,3926,2,,,0,35,,3927,2,,,0,80,,3928,2,,,0,75,,3929,2,,,0,36,,3930,2,,,0,74,,3931,2,,,0,35,,3932,2,,,0,75,,3933,2,,,0,75,,3934,2,,,0,35,,3935,2,,,0,75,,3936,2,,,0,35,,3937,2,,,0,75,,3938,2,,,0,35,,3939,2,,,0,75,,3940,2,,,0,80,,3941,2,,,0,38,,3942,2,,,0,77,,3943,2,,,0,75,,3944,2,,,0,35,,3945,2,,,0,75,,3946,2,,,0,35,,3947,2,,,0,105,,3948,2,,,0,105,,3949,2,,,0,145,,3950,2,,,0,105,,3951,2,,,0,105,,3952,2,,,0
2600,'Dimanche',915,,3954,2,,,0,105,,3957,2,,,0,105,,3959,2,,,0,105,,3958,2,,,0,105,,3960,2,,,0,105,,3961,2,,,0,105,,3962,2,,,0,105,,3953,2,,,0,105,,3955,2,,,0,145,,3956,2,,,0
2600,'EventOff',615,,3963,2,,,0,35,,3964,2,,,0,80,,3965,2,,,0,75,,3966,2,,,0,36,,3967,2,,,0,74,,3968,2,,,0,35,,3969,2,,,0,75,,3970,2,,,0,75,,3971,2,,,0,35,,3972,2,,,0,75,,3973,2,,,0,35,,3974,2,,,0,75,,3975,2,,,0,35,,3976,2,,,0,75,,3977,2,,,0,80,,3978,2,,,0,38,,3979,2,,,0,77,,3980,2,,,0,75,,3981,2,,,0,35,,3982,2,,,0,75,,3983,2,,,0,35,,3984,2,,,0,105,,3985,2,,,0,105,,3986,2,,,0,145,,3987,2,,,0,105,,3988,2,,,0,105,,3989,2,,,0
2600,'EventOn',615,,3990,2,,,0,35,,3991,2,,,0,80,,3992,2,,,0,75,,3993,2,,,0,36,,3994,2,,,0,74,,3995,2,,,0,35,,3996,2,,,0,75,,3997,2,,,0,75,,3998,2,,,0,35,,3999,2,,,0,75,,4000,2,,,0,35,,4001,2,,,0,75,,4002,2,,,0,35,,4003,2,,,0,75,,4004,2,,,0,80,,4005,2,,,0,38,,4006,2,,,0,77,,4007,2,,,0,75,,4008,2,,,0,35,,4009,2,,,0,75,,4010,2,,,0,35,,4011,2,,,0,105,,4012,2,,,0,105,,4013,2,,,0,145,,4014,2,,,0,105,,4015,2,,,0,105,,4016,2,,,0
2600,'KerOffPriveOff',615,,4018,2,,,0,35,,4019,2,,,0,80,,4020,2,,,0,75,,4021,2,,,0,36,,4022,2,,,0,74,,4023,2,,,0,35,,4024,2,,,0,75,,4025,2,,,0,75,,4026,2,,,0,35,,4027,2,,,0,75,,4028,2,,,0,35,,4029,2,,,0,75,,4030,2,,,0,35,,4031,2,,,0,75,,4032,2,,,0,80,,4033,2,,,0,38,,4034,2,,,0,77,,4035,2,,,0,75,,4036,2,,,0,35,,4037,2,,,0,75,,4038,2,,,0,35,,4039,2,,,0,105,,4040,2,,,0,105,,4041,2,,,0,145,,4042,2,,,0,105,,4043,2,,,0,105,,4044,2,,,0
2600,'Samedi',645,,4055,2,,,0,105,,4054,2,,,0,105,,4053,2,,,0,145,,4052,2,,,0,105,,4051,2,,,0,105,,4060,2,,,0,105,,4059,2,,,0,105,,4058,2,,,0,105,,4057,2,,,0,105,,4056,2,,,0,105,,4061,2,,,0,105,,4062,2,,,0,105,,4047,2,,,0,105,,4048,2,,,0,105,,4049,2,,,0,145,,4050,2,,,0,105,,4046,2,,,0
