6000,'CsRoyOff',628,,4484,16,,,0,82,,4474,16,,,0,31,,4485,16,,,0,80,,4475,16,,,0,35,,4486,16,,,0,74,,4476,16,,,0,76,,4487,16,,,0,34,,4477,16,,,0,75,,4488,16,,,0,34,,4478,16,,,0,76,,4489,16,,,0,75,,4479,16,,,0,28,,4490,16,,,0,77,,4501,16,,,0,25,,4480,16,,,0,80,,4491,16,,,0,38,,4481,16,,,0,78,,4492,16,,,0,74,,4482,16,,,0,36,,4493,16,,,0,75,,4483,16,,,0,35,,4494,16,,,0,78,,4495,16,,,0,105,,4500,16,,,0,105,,4499,16,,,0,105,,4498,16,,,0,105,,4496,16,,,0,101,,4497,16,0,14 15,0
6000,'CsRoyOffKerOff',628,,4513,16,,,0,82,,4503,16,,,0,31,,4514,16,,,0,80,,4504,16,,,0,35,,4515,16,,,0,74,,4505,16,,,0,76,,4516,16,,,0,34,,4506,16,,,0,75,,4517,16,,,0,34,,4507,16,,,0,76,,4518,16,,,0,75,,4508,16,,,0,28,,4519,16,,,0,77,,4530,16,,,0,25,,4509,16,,,0,80,,4520,16,,,0,38,,4510,16,,,0,78,,4521,16,,,0,74,,4511,16,,,0,36,,4522,16,,,0,75,,4512,16,,,0,35,,4523,16,,,0,78,,4524,16,,,0,105,,4529,16,,,0,105,,4528,16,,,0,105,,4527,16,,,0,105,,4525,16,,,0,101,,4526,16,0,14 15,0
6000,'Dimanche',851,,4531,16,,,0,105,,4532,16,,,0,144,,4534,16,,,0,106,,4536,16,,,0,104,,4537,16,,,0,105,,4538,16,,,0,105,,4539,16,,,0,104,,4540,16,,,0,106,,4535,16,,,0,105,,4533,16,,,0
6000,'EventOff',628,,4552,16,,,0,82,,4542,16,,,0,31,,4553,16,,,0,80,,4543,16,,,0,35,,4554,16,,,0,74,,4544,16,,,0,76,,4555,16,,,0,34,,4545,16,,,0,75,,4556,16,,,0,34,,4546,16,,,0,76,,4557,16,,,0,75,,4547,16,,,0,28,,4558,16,,,0,77,,4569,16,,,0,25,,4548,16,,,0,80,,4559,16,,,0,38,,4549,16,,,0,78,,4560,16,,,0,74,,4550,16,,,0,36,,4561,16,,,0,75,,4551,16,,,0,35,,4562,16,,,0,78,,4563,16,,,0,105,,4568,16,,,0,105,,4567,16,,,0,105,,4566,16,,,0,105,,4564,16,,,0,101,,4565,16,0,14 15,0
6000,'EventOn',628,,4581,16,,,0,82,,4571,16,,,0,31,,4582,16,,,0,80,,4572,16,,,0,35,,4583,16,,,0,74,,4573,16,,,0,76,,4584,16,,,0,34,,4574,16,,,0,75,,4585,16,,,0,34,,4575,16,,,0,76,,4586,16,,,0,75,,4576,16,,,0,28,,4587,16,,,0,77,,4598,16,,,0,25,,4577,16,,,0,80,,4588,16,,,0,38,,4578,16,,,0,78,,4589,16,,,0,74,,4579,16,,,0,36,,4590,16,,,0,75,,4580,16,,,0,35,,4591,16,,,0,78,,4592,16,,,0,105,,4597,16,,,0,105,,4596,16,,,0,105,,4595,16,,,0,105,,4593,16,,,0,101,,4594,16,0,14 15,0
6000,'KerOffPriveOff',628,,4613,16,,,0,82,,4603,16,,,0,31,,4614,16,,,0,80,,4604,16,,,0,35,,4615,16,,,0,74,,4605,16,,,0,76,,4616,16,,,0,34,,4606,16,,,0,75,,4617,16,,,0,34,,4607,16,,,0,76,,4618,16,,,0,75,,4608,16,,,0,28,,4619,16,,,0,77,,4630,16,,,0,25,,4609,16,,,0,80,,4620,16,,,0,38,,4610,16,,,0,78,,4621,16,,,0,74,,4611,16,,,0,36,,4622,16,,,0,75,,4612,16,,,0,35,,4623,16,,,0,78,,4624,16,,,0,105,,4629,16,,,0,105,,4628,16,,,0,105,,4627,16,,,0,105,,4625,16,,,0,101,,4626,16,0,14 15,0
6000,'Samedi',621,,4639,16,,,0,104,,4645,16,,,0,105,,4634,16,,,0,105,,4640,16,,,0,106,,4646,16,,,0,104,,4635,16,,,0,105,,4641,16,,,0,106,,4647,16,,,0,145,,4636,16,,,0,105,,4642,16,,,0,104,,4648,16,,,0,105,,4637,16,,,0,105,,4643,16,,,0,105,,4649,16,,,0,105,,4638,16,,,0,105,,4644,16,,,0,105,,4650,16,,,0,100,,4651,16,0,14 15,0
111800500,'CsRoyOff',1550,,4937,14,,,0
111800500,'CsRoyOffKerOff',1550,,4938,14,,,0
111800500,'EventOn',1550,,4940,14,,,0
