401,'CsRoyOff',643,,496,39,,,0,81,,509,39,,,0,35,,493,39,,,0,76,,504,39,,,0,75,,500,39,,,0,35,,512,39,,,0,74,,497,39,,,0,36,,510,39,,,0,75,,494,39,,,0,75,,505,39,,,0,35,,501,39,,,0,75,,513,39,,,0,34,,498,39,,,0,75,,506,39,,,0,76,,502,39,,,0,38,,511,39,,,0,79,,495,39,,,0,38,,508,39,,,0,76,,499,39,,,0,74,,507,39,,,0,34,,503,39,,,0,107,,515,39,,,0,105,,518,39,,,0,105,,517,39,,,0,145,,516,39,,,0,105,,514,39,,,0
401,'CsRoyOffKerOff',643,,523,39,,,0,81,,536,39,,,0,35,,520,39,,,0,76,,531,39,,,0,75,,527,39,,,0,35,,539,39,,,0,74,,524,39,,,0,36,,537,39,,,0,75,,521,39,,,0,75,,532,39,,,0,35,,528,39,,,0,75,,540,39,,,0,34,,525,39,,,0,75,,533,39,,,0,76,,529,39,,,0,38,,538,39,,,0,79,,522,39,,,0,38,,535,39,,,0,76,,526,39,,,0,74,,534,39,,,0,34,,530,39,,,0,107,,542,39,,,0,105,,545,39,,,0,105,,544,39,,,0,145,,543,39,,,0,105,,541,39,,,0
401,'Dimanche',909,,549,39,,,0,106,,550,39,,,0,105,,551,39,,,0,105,,552,39,,,0,105,,553,39,,,0,105,,554,39,,,0,106,,555,39,,,0,104,,556,39,,,0,105,,548,39,,,0,104,,547,39,,,0
401,'EventOff',643,,560,39,,,0,81,,573,39,,,0,35,,557,39,,,0,76,,568,39,,,0,75,,564,39,,,0,35,,576,39,,,0,74,,561,39,,,0,36,,574,39,,,0,75,,558,39,,,0,75,,569,39,,,0,35,,565,39,,,0,75,,577,39,,,0,34,,562,39,,,0,75,,570,39,,,0,76,,566,39,,,0,38,,575,39,,,0,79,,559,39,,,0,38,,572,39,,,0,76,,563,39,,,0,74,,571,39,,,0,34,,567,39,,,0,107,,579,39,,,0,105,,582,39,,,0,105,,581,39,,,0,145,,580,39,,,0,105,,578,39,,,0
401,'EventOn',643,,586,39,,,0,81,,599,39,,,0,35,,583,39,,,0,76,,594,39,,,0,75,,590,39,,,0,35,,602,39,,,0,74,,587,39,,,0,36,,600,39,,,0,75,,584,39,,,0,75,,595,39,,,0,35,,591,39,,,0,75,,603,39,,,0,34,,588,39,,,0,75,,596,39,,,0,76,,592,39,,,0,38,,601,39,,,0,79,,585,39,,,0,38,,598,39,,,0,76,,589,39,,,0,74,,597,39,,,0,34,,593,39,,,0,107,,605,39,,,0,105,,608,39,,,0,105,,607,39,,,0,145,,606,39,,,0,105,,604,39,,,0
401,'KerOffPriveOff',643,,613,39,,,0,81,,626,39,,,0,35,,610,39,,,0,76,,621,39,,,0,75,,617,39,,,0,35,,629,39,,,0,74,,614,39,,,0,36,,627,39,,,0,75,,611,39,,,0,75,,622,39,,,0,35,,618,39,,,0,75,,630,39,,,0,34,,615,39,,,0,75,,623,39,,,0,76,,619,39,,,0,38,,628,39,,,0,79,,612,39,,,0,38,,625,39,,,0,76,,616,39,,,0,74,,624,39,,,0,34,,620,39,,,0,107,,632,39,,,0,105,,635,39,,,0,105,,634,39,,,0,145,,633,39,,,0,105,,631,39,,,0
401,'Samedi',638,,637,39,,,0,105,,638,39,,,0,105,,639,39,,,0,105,,640,39,,,0,105,,641,39,,,0,145,,642,39,,,0,105,,643,39,,,0,105,,644,39,,,0,105,,645,39,,,0,105,,646,39,,,0,105,,647,39,,,0,105,,648,39,,,0,105,,649,39,,,0,105,,650,39,,,0,105,,651,39,,,0,105,,652,39,,,0,105,,653,39,,,0
1001,'CsRoyOff',645,,2008,26,,,0,72,,2017,26,,,0,41,,2025,26,,,0,74,,2022,26,,,0,73,,2013,26,,,0,36,,2009,26,,,0,74,,2018,26,,,0,35,,2026,26,,,0,78,,2021,26,,,0,72,,2014,26,,,0,36,,2010,26,,,0,73,,2019,26,,,0,35,,2027,26,,,0,67,,2024,26,,,0,40,,2015,26,,,0,71,,2011,26,,,0,83,,2020,26,,,0,38,,2028,26,,,0,80,,2023,26,,,0,34,,2016,26,,,0,78,,2012,26,,,0,104,,2029,26,,,0,105,,2033,26,,,0,105,,2032,26,,,0,105,,2030,26,,,0,105,,2031,26,,,0
1001,'CsRoyOffKerOff',645,,2034,26,,,0,72,,2043,26,,,0,41,,2051,26,,,0,74,,2048,26,,,0,73,,2039,26,,,0,36,,2035,26,,,0,74,,2044,26,,,0,35,,2052,26,,,0,78,,2047,26,,,0,72,,2040,26,,,0,36,,2036,26,,,0,73,,2045,26,,,0,35,,2053,26,,,0,67,,2050,26,,,0,40,,2041,26,,,0,71,,2037,26,,,0,83,,2046,26,,,0,38,,2054,26,,,0,80,,2049,26,,,0,34,,2042,26,,,0,78,,2038,26,,,0,104,,2055,26,,,0,105,,2059,26,,,0,105,,2058,26,,,0,105,,2056,26,,,0,105,,2057,26,,,0
1001,'Dimanche',906,,2062,26,,,0,106,,2063,26,,,0,104,,2064,26,,,0,105,,2065,26,,,0,106,,2066,26,,,0,105,,2067,26,,,0,103,,2068,26,,,0,104,,2069,26,,,0,106,,2061,26,,,0,104,,2060,26,,,0
1001,'EventOff',645,,2070,26,,,0,72,,2079,26,,,0,41,,2087,26,,,0,74,,2084,26,,,0,73,,2075,26,,,0,36,,2071,26,,,0,74,,2080,26,,,0,35,,2088,26,,,0,78,,2083,26,,,0,72,,2076,26,,,0,36,,2072,26,,,0,73,,2081,26,,,0,35,,2089,26,,,0,67,,2086,26,,,0,40,,2077,26,,,0,71,,2073,26,,,0,83,,2082,26,,,0,38,,2090,26,,,0,80,,2085,26,,,0,34,,2078,26,,,0,78,,2074,26,,,0,104,,2091,26,,,0,105,,2095,26,,,0,105,,2094,26,,,0,105,,2092,26,,,0,105,,2093,26,,,0
1001,'EventOn',645,,2096,26,,,0,72,,2105,26,,,0,41,,2113,26,,,0,74,,2110,26,,,0,73,,2101,26,,,0,36,,2097,26,,,0,74,,2106,26,,,0,35,,2114,26,,,0,78,,2109,26,,,0,72,,2102,26,,,0,36,,2098,26,,,0,73,,2107,26,,,0,35,,2115,26,,,0,67,,2112,26,,,0,40,,2103,26,,,0,71,,2099,26,,,0,83,,2108,26,,,0,38,,2116,26,,,0,80,,2111,26,,,0,34,,2104,26,,,0,78,,2100,26,,,0,104,,2117,26,,,0,105,,2121,26,,,0,105,,2120,26,,,0,105,,2118,26,,,0,105,,2119,26,,,0
1001,'KerOffPriveOff',645,,2122,26,,,0,72,,2131,26,,,0,41,,2139,26,,,0,74,,2136,26,,,0,73,,2127,26,,,0,36,,2123,26,,,0,74,,2132,26,,,0,35,,2140,26,,,0,78,,2135,26,,,0,72,,2128,26,,,0,36,,2124,26,,,0,73,,2133,26,,,0,35,,2141,26,,,0,67,,2138,26,,,0,40,,2129,26,,,0,71,,2125,26,,,0,83,,2134,26,,,0,38,,2142,26,,,0,80,,2137,26,,,0,34,,2130,26,,,0,78,,2126,26,,,0,104,,2143,26,,,0,105,,2147,26,,,0,105,,2146,26,,,0,105,,2144,26,,,0,105,,2145,26,,,0
1001,'Samedi',636,,2148,26,,,0,104,,2149,26,,,0,105,,2150,26,,,0,106,,2151,26,,,0,105,,2152,26,,,0,144,,2153,26,,,0,106,,2154,26,,,0,105,,2155,26,,,0,105,,2156,26,,,0,104,,2157,26,,,0,104,,2158,26,,,0,106,,2159,26,,,0,105,,2160,26,,,0,105,,2161,26,,,0,105,,2162,26,,,0,105,,2163,26,,,0,105,,2164,26,,,0
2601,'CsRoyOff',641,,4063,9,,,0,80,,4064,9,,,0,35,,4065,9,,,0,75,,4066,9,,,0,75,,4067,9,,,0,35,,4068,9,,,0,75,,4069,9,,,0,35,,4070,9,,,0,75,,4071,9,,,0,75,,4072,9,,,0,35,,4073,9,,,0,72,,4074,9,,,0,38,,4075,9,,,0,75,,4076,9,,,0,80,,4077,9,,,0,35,,4078,9,,,0,78,,4079,9,,,0,37,,4080,9,,,0,75,,4081,9,,,0,75,,4082,9,,,0,35,,4083,9,,,0,75,,4084,9,,,0,130,,4088,9,,,0,105,,4087,9,,,0,105,,4086,9,,,0,105,,4085,9,,,0
2601,'CsRoyOffKerOff',641,,4089,9,,,0,80,,4090,9,,,0,35,,4091,9,,,0,75,,4092,9,,,0,75,,4093,9,,,0,35,,4094,9,,,0,75,,4095,9,,,0,35,,4096,9,,,0,75,,4097,9,,,0,75,,4098,9,,,0,35,,4099,9,,,0,72,,4100,9,,,0,38,,4101,9,,,0,75,,4102,9,,,0,80,,4103,9,,,0,35,,4104,9,,,0,78,,4105,9,,,0,37,,4106,9,,,0,75,,4107,9,,,0,75,,4108,9,,,0,35,,4109,9,,,0,75,,4110,9,,,0,130,,4114,9,,,0,105,,4113,9,,,0,105,,4112,9,,,0,105,,4111,9,,,0
2601,'Dimanche',1006,,4117,9,,,0,105,,4119,9,,,0,105,,4120,9,,,0,105,,4118,9,,,0,105,,4121,9,,,0,105,,4122,9,,,0,105,,4123,9,,,0,105,,4116,9,,,0,105,,4115,9,,,0
2601,'EventOff',641,,4124,9,,,0,80,,4125,9,,,0,35,,4126,9,,,0,75,,4127,9,,,0,75,,4128,9,,,0,35,,4129,9,,,0,75,,4130,9,,,0,35,,4131,9,,,0,75,,4132,9,,,0,75,,4133,9,,,0,35,,4134,9,,,0,72,,4135,9,,,0,38,,4136,9,,,0,75,,4137,9,,,0,80,,4138,9,,,0,35,,4139,9,,,0,78,,4140,9,,,0,37,,4141,9,,,0,75,,4142,9,,,0,75,,4143,9,,,0,35,,4144,9,,,0,75,,4145,9,,,0,130,,4149,9,,,0,105,,4148,9,,,0,105,,4147,9,,,0,105,,4146,9,,,0
2601,'EventOn',641,,4150,9,,,0,80,,4151,9,,,0,35,,4152,9,,,0,75,,4153,9,,,0,75,,4154,9,,,0,35,,4155,9,,,0,75,,4156,9,,,0,35,,4157,9,,,0,75,,4158,9,,,0,75,,4159,9,,,0,35,,4160,9,,,0,72,,4161,9,,,0,38,,4162,9,,,0,75,,4163,9,,,0,80,,4164,9,,,0,35,,4165,9,,,0,78,,4166,9,,,0,37,,4167,9,,,0,75,,4168,9,,,0,75,,4169,9,,,0,35,,4170,9,,,0,75,,4171,9,,,0,130,,4175,9,,,0,105,,4174,9,,,0,105,,4173,9,,,0,105,,4172,9,,,0
2601,'KerOffPriveOff',641,,4176,9,,,0,80,,4177,9,,,0,35,,4178,9,,,0,75,,4179,9,,,0,75,,4180,9,,,0,35,,4181,9,,,0,75,,4182,9,,,0,35,,4183,9,,,0,75,,4184,9,,,0,75,,4185,9,,,0,35,,4186,9,,,0,72,,4187,9,,,0,38,,4188,9,,,0,75,,4189,9,,,0,80,,4190,9,,,0,35,,4191,9,,,0,78,,4192,9,,,0,37,,4193,9,,,0,75,,4194,9,,,0,75,,4195,9,,,0,35,,4196,9,,,0,75,,4197,9,,,0,130,,4201,9,,,0,105,,4200,9,,,0,105,,4199,9,,,0,105,,4198,9,,,0
2601,'Samedi',736,,4209,9,,,0,105,,4208,9,,,0,105,,4207,9,,,0,105,,4206,9,,,0,105,,4214,9,,,0,145,,4213,9,,,0,105,,4212,9,,,0,105,,4211,9,,,0,105,,4210,9,,,0,105,,4215,9,,,0,105,,4216,9,,,0,105,,4217,9,,,0,105,,4202,9,,,0,105,,4203,9,,,0,105,,4204,9,,,0,105,,4205,9,,,0
