6001,'CsRoyOff',629,,4652,15,,,0,72,,4663,15,,,0,39,,4653,15,,,0,76,,4664,15,,,0,34,,4654,15,,,0,76,,4665,15,,,0,74,,4655,15,,,0,35,,4666,15,,,0,75,,4656,15,,,0,35,,4667,15,,,0,75,,4657,15,,,0,34,,4668,15,,,0,75,,4658,15,,,0,27,,4669,15,,,0,80,,4679,15,,,0,71,,4659,15,,,0,44,,4670,15,,,0,71,,4660,15,,,0,78,,4671,15,,,0,36,,4661,15,,,0,75,,4672,15,,,0,29,,4662,15,,,0,111,,4675,15,,,0,105,,4677,15,,,0,145,,4676,15,,,0,105,,4674,15,,,0,105,,4673,15,,,0
6001,'CsRoyOffKerOff',629,,4680,15,,,0,72,,4691,15,,,0,39,,4681,15,,,0,76,,4692,15,,,0,34,,4682,15,,,0,76,,4693,15,,,0,74,,4683,15,,,0,35,,4694,15,,,0,75,,4684,15,,,0,35,,4695,15,,,0,75,,4685,15,,,0,34,,4696,15,,,0,75,,4686,15,,,0,27,,4697,15,,,0,80,,4707,15,,,0,71,,4687,15,,,0,44,,4698,15,,,0,71,,4688,15,,,0,78,,4699,15,,,0,36,,4689,15,,,0,75,,4700,15,,,0,29,,4690,15,,,0,111,,4703,15,,,0,105,,4705,15,,,0,145,,4704,15,,,0,105,,4702,15,,,0,105,,4701,15,,,0
6001,'Dimanche',917,,4708,15,,,0,105,,4710,15,,,0,105,,4711,15,,,0,105,,4713,15,,,0,105,,4714,15,,,0,105,,4715,15,,,0,105,,4716,15,,,0,105,,4717,15,,,0,105,,4712,15,,,0,145,,4709,15,,,0
6001,'EventOff',629,,4718,15,,,0,72,,4729,15,,,0,39,,4719,15,,,0,76,,4730,15,,,0,34,,4720,15,,,0,76,,4731,15,,,0,74,,4721,15,,,0,35,,4732,15,,,0,75,,4722,15,,,0,35,,4733,15,,,0,75,,4723,15,,,0,34,,4734,15,,,0,75,,4724,15,,,0,27,,4735,15,,,0,80,,4745,15,,,0,71,,4725,15,,,0,44,,4736,15,,,0,71,,4726,15,,,0,78,,4737,15,,,0,36,,4727,15,,,0,75,,4738,15,,,0,29,,4728,15,,,0,111,,4741,15,,,0,105,,4743,15,,,0,145,,4742,15,,,0,105,,4740,15,,,0,105,,4739,15,,,0
6001,'EventOn',629,,4746,15,,,0,72,,4757,15,,,0,39,,4747,15,,,0,76,,4758,15,,,0,34,,4748,15,,,0,76,,4759,15,,,0,74,,4749,15,,,0,35,,4760,15,,,0,75,,4750,15,,,0,35,,4761,15,,,0,75,,4751,15,,,0,34,,4762,15,,,0,75,,4752,15,,,0,27,,4763,15,,,0,80,,4773,15,,,0,71,,4753,15,,,0,44,,4764,15,,,0,1,,4776,15,0,14 15,0,70,,4754,15,,,0,78,,4765,15,,,0,36,,4755,15,,,0,75,,4766,15,,,0,29,,4756,15,,,0,111,,4769,15,,,0,105,,4771,15,,,0,145,,4770,15,,,0,105,,4768,15,,,0,105,,4767,15,,,0
6001,'KerOffPriveOff',629,,4777,15,,,0,72,,4788,15,,,0,39,,4778,15,,,0,76,,4789,15,,,0,34,,4779,15,,,0,76,,4790,15,,,0,74,,4780,15,,,0,35,,4791,15,,,0,75,,4781,15,,,0,35,,4792,15,,,0,75,,4782,15,,,0,34,,4793,15,,,0,75,,4783,15,,,0,27,,4794,15,,,0,80,,4804,15,,,0,71,,4784,15,,,0,44,,4795,15,,,0,1,,4807,15,0,14 15,0,70,,4785,15,,,0,78,,4796,15,,,0,36,,4786,15,,,0,75,,4797,15,,,0,29,,4787,15,,,0,111,,4800,15,,,0,105,,4802,15,,,0,145,,4801,15,,,0,105,,4799,15,,,0,105,,4798,15,,,0
6001,'Samedi',647,,4813,15,,,0,105,,4819,15,,,0,105,,4808,15,,,0,145,,4814,15,,,0,105,,4820,15,,,0,105,,4809,15,,,0,106,,4815,15,,,0,105,,4821,15,,,0,105,,4810,15,,,0,104,,4816,15,,,0,105,,4822,15,,,0,105,,4811,15,,,0,105,,4817,15,,,0,105,,4823,15,,,0,105,,4812,15,,,0,145,,4818,15,,,0,105,,4824,15,,,0
111800501,'CsRoyOff',742,,4941,11,,,0,880,,4942,11,0,14 15,0
111800501,'CsRoyOffKerOff',1622,,4943,11,0,14 15,0
111800501,'EventOn',742,,4944,11,,,0,880,,4945,11,0,14 15,0
19200300001,'CsRoyOff',742,,5015,12,0,11 18,0
19200300001,'CsRoyOffKerOff',742,,5016,12,0,11 18,0
19200300001,'EventOn',742,,5017,12,0,11 18,0
