111800200,'CsRoyOff',1612,,4924,2,,,0
111800200,'EventOn',1612,,4925,2,,,0
111800201,'CsRoyOff',815,,4926,18,,,0
111800201,'EventOn',815,,4927,18,,,0
3080200000,'EventOn',816,,4974,21,,,0
3080200000,'KerOffPriveOff',816,,4975,21,,,0
3080200001,'EventOn',1619,,4976,25,,,0
3080200001,'KerOffPriveOff',1619,,4977,25,,,0
19200100000,'CsRoyOff',713,,4998,4,,,0
19200100000,'CsRoyOffKerOff',713,,4999,4,,,0
19200100000,'EventOn',713,,5000,4,,,0
19200100000,'KerOffPriveOff',713,,5001,4,,,0
19200100001,'CsRoyOff',1607,,5002,18,,,0
19200100001,'CsRoyOffKerOff',1607,,5003,18,,,0
19200100001,'EventOn',1607,,5004,18,,,0
19200100001,'KerOffPriveOff',1607,,5005,18,,,0
