800,'CsRoyOff',624,,1330,12,,,0,35,,1341,12,,,0,81,,1331,12,,,0,75,,1342,12,,,0,35,,1332,12,,,0,74,,1343,12,,,0,35,,1333,12,,,0,75,,1344,12,,,0,76,,1334,12,,,0,35,,1345,12,,,0,75,,1335,12,,,0,35,,1346,12,,,0,75,,1336,12,,,0,75,,1347,12,,,0,35,,1337,12,,,0,80,,1348,12,,,0,39,,1338,12,,,0,77,,1349,12,,,0,75,,1339,12,,,0,33,,1350,12,,,0,75,,1340,12,,,0,35,,1351,12,,,0,105,,1356,12,,,0,145,,1355,12,,,0,105,,1352,12,,,0,105,,1353,12,,,0,105,,1354,12,,,0
800,'CsRoyOffKerOff',624,,1357,12,,,0,35,,1368,12,,,0,81,,1358,12,,,0,75,,1369,12,,,0,35,,1359,12,,,0,74,,1370,12,,,0,35,,1360,12,,,0,75,,1371,12,,,0,76,,1361,12,,,0,35,,1372,12,,,0,75,,1362,12,,,0,35,,1373,12,,,0,75,,1363,12,,,0,75,,1374,12,,,0,35,,1364,12,,,0,80,,1375,12,,,0,39,,1365,12,,,0,77,,1376,12,,,0,75,,1366,12,,,0,33,,1377,12,,,0,75,,1367,12,,,0,35,,1378,12,,,0,105,,1383,12,,,0,145,,1382,12,,,0,105,,1379,12,,,0,105,,1380,12,,,0,105,,1381,12,,,0
800,'Dimanche',924,,1386,12,,,0,105,,1387,12,,,0,105,,1389,12,,,0,105,,1390,12,,,0,105,,1391,12,,,0,105,,1392,12,,,0,105,,1393,12,,,0,105,,1388,12,,,0,145,,1384,12,,,0,105,,1385,12,,,0
800,'EventOff',624,,1394,12,,,0,35,,1405,12,,,0,81,,1395,12,,,0,75,,1406,12,,,0,35,,1396,12,,,0,74,,1407,12,,,0,35,,1397,12,,,0,75,,1408,12,,,0,76,,1398,12,,,0,35,,1409,12,,,0,75,,1399,12,,,0,35,,1410,12,,,0,75,,1400,12,,,0,75,,1411,12,,,0,35,,1401,12,,,0,80,,1412,12,,,0,39,,1402,12,,,0,77,,1413,12,,,0,75,,1403,12,,,0,33,,1414,12,,,0,75,,1404,12,,,0,35,,1415,12,,,0,105,,1420,12,,,0,145,,1419,12,,,0,105,,1416,12,,,0,105,,1417,12,,,0,105,,1418,12,,,0
800,'EventOn',624,,1421,12,,,0,35,,1432,12,,,0,81,,1422,12,,,0,75,,1433,12,,,0,35,,1423,12,,,0,74,,1434,12,,,0,35,,1424,12,,,0,75,,1435,12,,,0,76,,1425,12,,,0,35,,1436,12,,,0,75,,1426,12,,,0,35,,1437,12,,,0,75,,1427,12,,,0,75,,1438,12,,,0,35,,1428,12,,,0,80,,1439,12,,,0,39,,1429,12,,,0,77,,1440,12,,,0,75,,1430,12,,,0,33,,1441,12,,,0,75,,1431,12,,,0,35,,1442,12,,,0,105,,1447,12,,,0,145,,1446,12,,,0,105,,1443,12,,,0,105,,1444,12,,,0,105,,1445,12,,,0
800,'KerOffPriveOff',624,,1448,12,,,0,35,,1459,12,,,0,81,,1449,12,,,0,75,,1460,12,,,0,35,,1450,12,,,0,74,,1461,12,,,0,35,,1451,12,,,0,75,,1462,12,,,0,76,,1452,12,,,0,35,,1463,12,,,0,75,,1453,12,,,0,35,,1464,12,,,0,75,,1454,12,,,0,75,,1465,12,,,0,35,,1455,12,,,0,80,,1466,12,,,0,39,,1456,12,,,0,77,,1467,12,,,0,75,,1457,12,,,0,33,,1468,12,,,0,75,,1458,12,,,0,35,,1469,12,,,0,105,,1474,12,,,0,145,,1473,12,,,0,105,,1470,12,,,0,105,,1471,12,,,0,105,,1472,12,,,0
800,'Samedi',653,,1475,12,,,0,105,,1476,12,,,0,145,,1477,12,,,0,106,,1478,12,,,0,105,,1479,12,,,0,105,,1480,12,,,0,105,,1481,12,,,0,105,,1482,12,,,0,105,,1483,12,,,0,105,,1484,12,,,0,105,,1485,12,,,0,105,,1486,12,,,0,105,,1487,12,,,0,105,,1488,12,,,0,144,,1489,12,,,0,105,,1490,12,,,0,105,,1491,12,,,0
1201,'CsRoyOff',643,,2619,46,,,0,113,,2620,46,,,0,148,,2621,46,,,0,110,,2622,46,,,0,112,,2623,46,,,0,108,,2624,46,,,0,108,,2625,46,,,0,107,,2626,46,,,0,156,,2627,46,,,0,117,,2628,46,,,0,112,,2629,46,,,0,104,,2630,46,,,0,105,,2633,46,,,0,105,,2632,46,,,0,105,,2631,46,,,0,105,,2634,46,,,0
1201,'CsRoyOffKerOff',643,,2635,46,,,0,113,,2636,46,,,0,148,,2637,46,,,0,110,,2638,46,,,0,112,,2639,46,,,0,108,,2640,46,,,0,108,,2641,46,,,0,107,,2642,46,,,0,156,,2643,46,,,0,117,,2644,46,,,0,112,,2645,46,,,0,104,,2646,46,,,0,105,,2649,46,,,0,105,,2648,46,,,0,105,,2647,46,,,0,105,,2650,46,,,0
1201,'Dimanche',905,,2652,46,,,0,105,,2653,46,,,0,105,,2655,46,,,0,105,,2656,46,,,0,105,,2657,46,,,0,104,,2658,46,,,0,105,,2659,46,,,0,105,,2660,46,,,0,106,,2651,46,,,0,103,,2654,46,,,0
1201,'EventOff',643,,2661,46,,,0,113,,2662,46,,,0,148,,2663,46,,,0,110,,2664,46,,,0,112,,2665,46,,,0,108,,2666,46,,,0,108,,2667,46,,,0,107,,2668,46,,,0,156,,2669,46,,,0,117,,2670,46,,,0,112,,2671,46,,,0,104,,2672,46,,,0,105,,2675,46,,,0,105,,2674,46,,,0,105,,2673,46,,,0,105,,2676,46,,,0
1201,'EventOn',643,,2677,46,,,0,113,,2678,46,,,0,148,,2679,46,,,0,110,,2680,46,,,0,112,,2681,46,,,0,108,,2682,46,,,0,108,,2683,46,,,0,107,,2684,46,,,0,156,,2685,46,,,0,117,,2686,46,,,0,112,,2687,46,,,0,104,,2688,46,,,0,105,,2691,46,,,0,105,,2690,46,,,0,105,,2689,46,,,0,105,,2692,46,,,0
1201,'KerOffPriveOff',643,,2693,46,,,0,113,,2694,46,,,0,148,,2695,46,,,0,110,,2696,46,,,0,112,,2697,46,,,0,108,,2698,46,,,0,108,,2699,46,,,0,107,,2700,46,,,0,156,,2701,46,,,0,117,,2702,46,,,0,112,,2703,46,,,0,104,,2704,46,,,0,105,,2707,46,,,0,105,,2706,46,,,0,105,,2705,46,,,0,105,,2708,46,,,0
1201,'Samedi',635,,2709,46,,,0,104,,2710,46,,,0,105,,2711,46,,,0,106,,2712,46,,,0,105,,2713,46,,,0,104,,2714,46,,,0,146,,2715,46,,,0,105,,2716,46,,,0,105,,2717,46,,,0,105,,2718,46,,,0,104,,2719,46,,,0,105,,2720,46,,,0,105,,2721,46,,,0,105,,2722,46,,,0,105,,2723,46,,,0,105,,2724,46,,,0,105,,2725,46,,,0
1701,'CsRoyOff',627,,3441,17,,,0,32,,3442,17,,,0,81,,3443,17,,,0,75,,3444,17,,,0,35,,3445,17,,,0,74,,3446,17,,,0,35,,3447,17,,,0,75,,3448,17,,,0,76,,3449,17,,,0,35,,3450,17,,,0,75,,3451,17,,,0,35,,3452,17,,,0,75,,3453,17,,,0,75,,3454,17,,,0,35,,3455,17,,,0,80,,3456,17,,,0,39,,3457,17,,,0,77,,3458,17,,,0,75,,3459,17,,,0,33,,3460,17,,,0,75,,3461,17,,,0
1701,'CsRoyOffKerOff',627,,3462,17,,,0,32,,3463,17,,,0,81,,3464,17,,,0,75,,3465,17,,,0,35,,3466,17,,,0,74,,3467,17,,,0,35,,3468,17,,,0,75,,3469,17,,,0,76,,3470,17,,,0,35,,3471,17,,,0,75,,3472,17,,,0,35,,3473,17,,,0,75,,3474,17,,,0,75,,3475,17,,,0,35,,3476,17,,,0,80,,3477,17,,,0,39,,3478,17,,,0,77,,3479,17,,,0,75,,3480,17,,,0,33,,3481,17,,,0,75,,3482,17,,,0
1701,'EventOff',627,,3483,17,,,0,32,,3484,17,,,0,81,,3485,17,,,0,75,,3486,17,,,0,35,,3487,17,,,0,74,,3488,17,,,0,35,,3489,17,,,0,75,,3490,17,,,0,76,,3491,17,,,0,35,,3492,17,,,0,75,,3493,17,,,0,35,,3494,17,,,0,75,,3495,17,,,0,75,,3496,17,,,0,35,,3497,17,,,0,80,,3498,17,,,0,39,,3499,17,,,0,77,,3500,17,,,0,75,,3501,17,,,0,33,,3502,17,,,0,75,,3503,17,,,0
1701,'EventOn',627,,3504,17,,,0,32,,3505,17,,,0,81,,3506,17,,,0,75,,3507,17,,,0,35,,3508,17,,,0,74,,3509,17,,,0,35,,3510,17,,,0,75,,3511,17,,,0,76,,3512,17,,,0,35,,3513,17,,,0,75,,3514,17,,,0,35,,3515,17,,,0,75,,3516,17,,,0,75,,3517,17,,,0,35,,3518,17,,,0,80,,3519,17,,,0,39,,3520,17,,,0,77,,3521,17,,,0,75,,3522,17,,,0,33,,3523,17,,,0,75,,3524,17,,,0
1701,'KerOffPriveOff',627,,3525,17,,,0,32,,3526,17,,,0,81,,3527,17,,,0,75,,3528,17,,,0,35,,3529,17,,,0,74,,3530,17,,,0,35,,3531,17,,,0,75,,3532,17,,,0,76,,3533,17,,,0,35,,3534,17,,,0,75,,3535,17,,,0,35,,3536,17,,,0,75,,3537,17,,,0,75,,3538,17,,,0,35,,3539,17,,,0,80,,3540,17,,,0,39,,3541,17,,,0,77,,3542,17,,,0,75,,3543,17,,,0,33,,3544,17,,,0,75,,3545,17,,,0
