1600,'CsRoyOff',705,,3122,6,,,0,109,,3123,6,,,0,112,,3124,6,,,0,110,,3125,6,,,0,110,,3126,6,,,0,110,,3127,6,,,0,149,,3128,6,,,0,115,,3129,6,,,0,114,,3130,6,,,0,111,,3131,6,,,0,111,,3132,6,,,0,100,,3133,6,,,0,146,,3134,6,,,0,104,,3135,6,,,0,106,,3136,6,,,0,102,,3137,6,,,0
1600,'CsRoyOffKerOff',705,,3138,6,,,0,109,,3139,6,,,0,112,,3140,6,,,0,110,,3141,6,,,0,110,,3142,6,,,0,110,,3143,6,,,0,149,,3144,6,,,0,115,,3145,6,,,0,114,,3146,6,,,0,111,,3147,6,,,0,111,,3148,6,,,0,100,,3149,6,,,0,146,,3150,6,,,0,104,,3151,6,,,0,106,,3152,6,,,0,102,,3153,6,,,0
1600,'Dimanche',921,,3155,6,,,0,105,,3156,6,,,0,105,,3157,6,,,0,105,,3158,6,,,0,104,,3159,6,,,0,105,,3160,6,,,0,105,,3161,6,,,0,105,,3154,6,,,0,145,41,3162,6,,,0,105,,3163,6,,,0
1600,'EventOff',705,,3164,6,,,0,109,,3165,6,,,0,112,,3166,6,,,0,110,,3167,6,,,0,110,,3168,6,,,0,110,,3169,6,,,0,149,,3170,6,,,0,115,,3171,6,,,0,114,,3172,6,,,0,111,,3173,6,,,0,111,,3174,6,,,0,100,,3175,6,,,0,146,,3176,6,,,0,104,,3177,6,,,0,106,,3178,6,,,0,102,,3179,6,,,0
1600,'EventOn',705,,3180,6,,,0,109,,3181,6,,,0,112,,3182,6,,,0,110,,3183,6,,,0,110,,3184,6,,,0,110,,3185,6,,,0,149,,3186,6,,,0,115,,3187,6,,,0,114,,3188,6,,,0,111,,3189,6,,,0,111,,3190,6,,,0,100,,3191,6,,,0,146,,3192,6,,,0,104,,3193,6,,,0,106,,3194,6,,,0,102,,3195,6,,,0
1600,'KerOffPriveOff',705,,3196,6,,,0,109,,3197,6,,,0,112,,3198,6,,,0,110,,3199,6,,,0,110,,3200,6,,,0,110,,3201,6,,,0,149,,3202,6,,,0,115,,3203,6,,,0,114,,3204,6,,,0,111,,3205,6,,,0,111,,3206,6,,,0,100,,3207,6,,,0,146,,3208,6,,,0,104,,3209,6,,,0,106,,3210,6,,,0,102,,3211,6,,,0
1600,'Samedi',650,,3227,6,,,0,105,,3228,6,,,0,145,41,3212,6,,,0,105,,3213,6,,,0,105,,3214,6,,,0,105,,3215,6,,,0,105,,3216,6,,,0,105,,3217,6,,,0,105,,3218,6,,,0,105,,3219,6,,,0,105,,3221,6,,,0,105,,3222,6,,,0,105,,3223,6,,,0,105,,3224,6,,,0,145,41,3225,6,,,0,105,,3226,6,,,0,105,,3220,6,,,0
1601,'CsRoyOff',639,,3244,28,,,0,115,,3229,28,,,0,150,,3230,28,,,0,110,,3231,28,,,0,110,,3232,28,,,0,110,,3233,28,,,0,110,,3234,28,,,0,110,,3235,28,,,0,156,,3236,28,,,0,116,,3237,28,,,0,109,,3238,28,,,0,107,,3239,28,,,0,100,,3240,28,,,0,105,,3241,28,,,0,105,,3243,28,,,0,105,,3242,28,,,0
1601,'CsRoyOffKerOff',639,,3260,28,,,0,115,,3245,28,,,0,150,,3246,28,,,0,110,,3247,28,,,0,110,,3248,28,,,0,110,,3249,28,,,0,110,,3250,28,,,0,110,,3251,28,,,0,156,,3252,28,,,0,116,,3253,28,,,0,109,,3254,28,,,0,107,,3255,28,,,0,100,,3256,28,,,0,105,,3257,28,,,0,105,,3259,28,,,0,105,,3258,28,,,0
1601,'Dimanche',903,,3269,28,,,0,105,,3262,28,,,0,105,,3263,28,,,0,105,,3264,28,,,0,105,,3265,28,,,0,105,,3266,28,,,0,106,,3267,28,,,0,105,,3268,28,,,0,104,,3261,28,,,0,105,,3270,28,,,0
1601,'EventOff',639,,3286,28,,,0,115,,3271,28,,,0,150,,3272,28,,,0,110,,3273,28,,,0,110,,3274,28,,,0,110,,3275,28,,,0,110,,3276,28,,,0,110,,3277,28,,,0,156,,3278,28,,,0,116,,3279,28,,,0,109,,3280,28,,,0,107,,3281,28,,,0,100,,3282,28,,,0,105,,3283,28,,,0,105,,3285,28,,,0,105,,3284,28,,,0
1601,'EventOn',639,,3302,28,,,0,115,,3287,28,,,0,150,,3288,28,,,0,110,,3289,28,,,0,110,,3290,28,,,0,110,,3291,28,,,0,110,,3292,28,,,0,110,,3293,28,,,0,156,,3294,28,,,0,116,,3295,28,,,0,109,,3296,28,,,0,107,,3297,28,,,0,100,,3298,28,,,0,105,,3299,28,,,0,105,,3301,28,,,0,105,,3300,28,,,0
1601,'KerOffPriveOff',639,,3318,28,,,0,115,,3303,28,,,0,150,,3304,28,,,0,110,,3305,28,,,0,110,,3306,28,,,0,110,,3307,28,,,0,110,,3308,28,,,0,110,,3309,28,,,0,156,,3310,28,,,0,116,,3311,28,,,0,109,,3312,28,,,0,107,,3313,28,,,0,100,,3314,28,,,0,105,,3315,28,,,0,105,,3317,28,,,0,105,,3316,28,,,0
1601,'Samedi',633,,3334,28,,,0,105,,3335,28,,,0,105,,3327,28,,,0,105,,3319,28,,,0,105,,3320,28,,,0,105,,3321,28,,,0,145,,3322,28,,,0,104,,3323,28,,,0,105,,3324,28,,,0,105,,3325,28,,,0,106,,3326,28,,,0,105,,3328,28,,,0,105,,3329,28,,,0,105,,3330,28,,,0,105,,3331,28,,,0,105,,3332,28,,,0,105,,3333,28,,,0
