1101,'CsRoyOff',616,,2344,3,,,0,40,,2355,3,,,0,58,,2364,3,0,16 17,0,17,,2341,3,,,0,75,,2351,3,,,0,35,,2336,3,,,0,75,,2348,3,,,0,35,,2345,3,,,0,75,,2356,3,,,0,75,,2342,3,,,0,35,,2352,3,,,0,75,,2337,3,,,0,35,,2349,3,,,0,75,,2346,3,,,0,35,,2353,3,,,0,75,,2338,3,,,0,80,,2340,3,,,0,35,,2343,3,,,0,80,,2350,3,,,0,75,,2347,3,,,0,35,,2354,3,,,0,75,,2339,3,,,0,35,,2361,3,,,0,75,,2362,3,,,0,100,,2360,3,,,0,105,,2359,3,,,0,105,,2358,3,,,0,105,,2357,3,,,0
1101,'CsRoyOffKerOff',616,,2373,3,,,0,40,,2384,3,,,0,58,,2393,3,0,16 17,0,17,,2370,3,,,0,75,,2380,3,,,0,35,,2365,3,,,0,75,,2377,3,,,0,35,,2374,3,,,0,75,,2385,3,,,0,75,,2371,3,,,0,35,,2381,3,,,0,75,,2366,3,,,0,35,,2378,3,,,0,75,,2375,3,,,0,35,,2382,3,,,0,75,,2367,3,,,0,80,,2369,3,,,0,35,,2372,3,,,0,80,,2379,3,,,0,75,,2376,3,,,0,35,,2383,3,,,0,75,,2368,3,,,0,35,,2390,3,,,0,75,,2391,3,,,0,100,,2389,3,,,0,105,,2388,3,,,0,105,,2387,3,,,0,105,,2386,3,,,0
1101,'Dimanche',841,,2397,3,,,0,105,,2396,3,,,0,105,,2398,3,,,0,105,,2399,3,,,0,145,,2400,3,,,0,105,,2401,3,,,0,105,,2402,3,,,0,105,,2403,3,,,0,105,,2395,3,,,0,105,,2394,3,,,0
1101,'EventOff',616,,2412,3,,,0,40,,2423,3,,,0,75,,2409,3,,,0,75,,2419,3,,,0,35,,2404,3,,,0,75,,2416,3,,,0,35,,2413,3,,,0,75,,2424,3,,,0,75,,2410,3,,,0,35,,2420,3,,,0,75,,2405,3,,,0,35,,2417,3,,,0,75,,2414,3,,,0,35,,2421,3,,,0,75,,2406,3,,,0,80,,2408,3,,,0,35,,2411,3,,,0,80,,2418,3,,,0,75,,2415,3,,,0,35,,2422,3,,,0,75,,2407,3,,,0,35,,2429,3,,,0,75,,2430,3,,,0,100,,2428,3,,,0,105,,2427,3,,,0,105,,2426,3,,,0,105,,2425,3,,,0
1101,'EventOn',616,,2439,3,,,0,40,,2450,3,,,0,58,,2459,3,0,16 17,0,17,,2436,3,,,0,75,,2446,3,,,0,35,,2431,3,,,0,75,,2443,3,,,0,35,,2440,3,,,0,75,,2451,3,,,0,75,,2437,3,,,0,35,,2447,3,,,0,75,,2432,3,,,0,35,,2444,3,,,0,75,,2441,3,,,0,35,,2448,3,,,0,75,,2433,3,,,0,80,,2435,3,,,0,35,,2438,3,,,0,80,,2445,3,,,0,75,,2442,3,,,0,35,,2449,3,,,0,75,,2434,3,,,0,35,,2456,3,,,0,75,,2457,3,,,0,100,,2455,3,,,0,105,,2454,3,,,0,105,,2453,3,,,0,105,,2452,3,,,0
1101,'KerOffPriveOff',616,,2470,3,,,0,40,,2481,3,,,0,58,,2489,3,0,16 17,0,17,,2467,3,,,0,75,,2477,3,,,0,35,,2462,3,,,0,75,,2474,3,,,0,35,,2471,3,,,0,75,,2482,3,,,0,75,,2468,3,,,0,35,,2478,3,,,0,75,,2463,3,,,0,35,,2475,3,,,0,75,,2472,3,,,0,35,,2479,3,,,0,75,,2464,3,,,0,80,,2466,3,,,0,35,,2469,3,,,0,80,,2476,3,,,0,75,,2473,3,,,0,35,,2480,3,,,0,75,,2465,3,,,0,35,,2487,3,,,0,75,,2488,3,,,0,100,,2486,3,,,0,105,,2485,3,,,0,105,,2484,3,,,0,105,,2483,3,,,0
1101,'Samedi',611,,2500,3,,,0,105,,2492,3,,,0,105,,2501,3,,,0,105,,2493,3,,,0,105,,2502,3,,,0,105,,2494,3,,,0,105,,2503,3,,,0,104,,2495,3,,,0,105,,2504,3,,,0,105,,2496,3,,,0,146,,2505,3,,,0,105,,2497,3,,,0,105,,2506,3,,,0,105,,2498,3,,,0,105,,2507,3,,,0,105,,2499,3,,,0,105,,2508,3,,,0
1601,'CsRoyOff',616,,3244,3,,,0,115,,3229,3,,,0,110,,3230,3,,,0,110,,3231,3,,,0,150,,3232,3,,,0,110,,3233,3,,,0,110,,3234,3,,,0,110,,3235,3,,,0,115,,3236,3,,,0,155,,3237,3,,,0,110,,3238,3,,,0,110,,3239,3,,,0,100,,3240,3,,,0,105,,3241,3,,,0,105,,3243,3,,,0,105,,3242,3,,,0
1601,'CsRoyOffKerOff',616,,3260,3,,,0,115,,3245,3,,,0,110,,3246,3,,,0,110,,3247,3,,,0,150,,3248,3,,,0,110,,3249,3,,,0,110,,3250,3,,,0,110,,3251,3,,,0,115,,3252,3,,,0,155,,3253,3,,,0,110,,3254,3,,,0,110,,3255,3,,,0,100,,3256,3,,,0,105,,3257,3,,,0,105,,3259,3,,,0,105,,3258,3,,,0
1601,'Dimanche',841,,3269,3,,,0,105,,3262,3,,,0,105,,3263,3,,,0,105,,3264,3,,,0,145,,3265,3,,,0,105,,3266,3,,,0,105,,3267,3,,,0,105,,3268,3,,,0,105,,3261,3,,,0,105,,3270,3,,,0
1601,'EventOff',616,,3286,3,,,0,115,,3271,3,,,0,110,,3272,3,,,0,110,,3273,3,,,0,150,,3274,3,,,0,110,,3275,3,,,0,110,,3276,3,,,0,110,,3277,3,,,0,115,,3278,3,,,0,155,,3279,3,,,0,110,,3280,3,,,0,110,,3281,3,,,0,100,,3282,3,,,0,105,,3283,3,,,0,105,,3285,3,,,0,105,,3284,3,,,0
1601,'EventOn',616,,3302,3,,,0,115,,3287,3,,,0,110,,3288,3,,,0,110,,3289,3,,,0,150,,3290,3,,,0,110,,3291,3,,,0,110,,3292,3,,,0,110,,3293,3,,,0,115,,3294,3,,,0,155,,3295,3,,,0,110,,3296,3,,,0,110,,3297,3,,,0,100,,3298,3,,,0,105,,3299,3,,,0,105,,3301,3,,,0,105,,3300,3,,,0
1601,'KerOffPriveOff',616,,3318,3,,,0,115,,3303,3,,,0,110,,3304,3,,,0,110,,3305,3,,,0,150,,3306,3,,,0,110,,3307,3,,,0,110,,3308,3,,,0,110,,3309,3,,,0,115,,3310,3,,,0,155,,3311,3,,,0,110,,3312,3,,,0,110,,3313,3,,,0,100,,3314,3,,,0,105,,3315,3,,,0,105,,3317,3,,,0,105,,3316,3,,,0
1601,'Samedi',611,,3334,3,,,0,105,,3335,3,,,0,105,,3327,3,,,0,105,,3319,3,,,0,105,,3320,3,,,0,105,,3321,3,,,0,105,,3322,3,,,0,104,,3323,3,,,0,105,,3324,3,,,0,105,,3325,3,,,0,146,,3326,3,,,0,105,,3328,3,,,0,105,,3329,3,,,0,105,,3330,3,,,0,105,,3331,3,,,0,105,,3332,3,,,0,105,,3333,3,,,0
