900,'CsRoyOff',655,,1654,25,0,20,0,80,,1668,25,0,20,0,75,,1655,25,0,20,0,36,,1665,25,0,20,0,75,,1656,25,0,20,0,35,,1669,25,0,20,0,75,,1657,25,0,20,0,111,,1658,25,0,20,0,110,,1659,25,0,20,0,151,,1660,25,0,20,0,35,,1666,25,0,20,0,76,,1661,25,0,20,0,39,,1667,25,0,20,0,67,,1672,16,0,5,0,2,,1671,19,,,0,8,,1662,25,0,20,0,77,,1670,25,0,20,0,36,,1663,25,0,20,0,107,,1664,25,0,20,0
900,'CsRoyOffKerOff',655,,1673,25,0,20,0,80,,1687,25,0,20,0,75,,1674,25,0,20,0,36,,1684,25,0,20,0,75,,1675,25,0,20,0,35,,1688,25,0,20,0,75,,1676,25,0,20,0,111,,1677,25,0,20,0,110,,1678,25,0,20,0,151,,1679,25,0,20,0,35,,1685,25,0,20,0,76,,1680,25,0,20,0,39,,1686,25,0,20,0,67,,1690,16,0,5,0,10,,1681,25,0,20,0,77,,1689,25,0,20,0,36,,1682,25,0,20,0,107,,1683,25,0,20,0
900,'EventOff',655,,1691,25,0,20,0,80,,1705,25,0,20,0,75,,1692,25,0,20,0,36,,1702,25,0,20,0,75,,1693,25,0,20,0,35,,1706,25,0,20,0,75,,1694,25,0,20,0,111,,1695,25,0,20,0,110,,1696,25,0,20,0,151,,1697,25,0,20,0,35,,1703,25,0,20,0,76,,1698,25,0,20,0,39,,1704,25,0,20,0,77,,1699,25,0,20,0,77,,1707,25,0,20,0,36,,1700,25,0,20,0,107,,1701,25,0,20,0
900,'EventOn',655,,1708,25,0,20,0,80,,1722,25,0,20,0,75,,1709,25,0,20,0,36,,1719,25,0,20,0,75,,1710,25,0,20,0,35,,1723,25,0,20,0,75,,1711,25,0,20,0,111,,1712,25,0,20,0,110,,1713,25,0,20,0,151,,1714,25,0,20,0,35,,1720,25,0,20,0,76,,1715,25,0,20,0,39,,1721,25,0,20,0,67,,1726,16,0,5,0,2,,1725,19,,,0,8,,1716,25,0,20,0,77,,1724,25,0,20,0,36,,1717,25,0,20,0,107,,1718,25,0,20,0
900,'KerOffPriveOff',655,,1727,25,0,20,0,80,,1741,25,0,20,0,75,,1728,25,0,20,0,36,,1738,25,0,20,0,75,,1729,25,0,20,0,35,,1742,25,0,20,0,75,,1730,25,0,20,0,111,,1731,25,0,20,0,110,,1732,25,0,20,0,151,,1733,25,0,20,0,35,,1739,25,0,20,0,76,,1734,25,0,20,0,39,,1740,25,0,20,0,77,,1735,25,0,20,0,77,,1743,25,0,20,0,36,,1736,25,0,20,0,107,,1737,25,0,20,0
8900,'CsRoyOff',1949,,4827,26,,,0,100,,4829,26,,,0,105,,4828,26,,,0,147,,4826,26,,,0,103,,4825,26,,,0
8900,'CsRoyOffKerOff',1949,,4832,26,,,0,100,,4834,26,,,0,105,,4833,26,,,0,147,,4831,26,,,0,103,,4830,26,,,0
8900,'Dimanche',908,,4836,26,,,0,105,,4838,26,,,0,107,,4839,26,,,0,105,,4840,26,,,0,105,,4842,26,,,0,105,,4841,26,,,0,105,,4843,26,,,0,105,,4844,26,,,0,105,,4835,26,,,0,104,,4837,26,,,0
8900,'EventOff',1949,,4847,26,,,0,100,,4849,26,,,0,105,,4848,26,,,0,147,,4846,26,,,0,103,,4845,26,,,0
8900,'EventOn',1949,,4852,26,,,0,100,,4854,26,,,0,105,,4853,26,,,0,147,,4851,26,,,0,103,,4850,26,,,0
8900,'KerOffPriveOff',1949,,4857,26,,,0,100,,4859,26,,,0,105,,4858,26,,,0,147,,4856,26,,,0,103,,4855,26,,,0
8900,'Samedi',641,,4876,26,,,0,103,,4860,26,,,0,105,,4868,26,,,0,107,,4861,26,,,0,145,,4869,26,,,0,105,,4862,26,,,0,105,,4870,26,,,0,104,,4863,26,,,0,104,,4871,26,,,0,106,,4864,26,,,0,106,,4872,26,,,0,104,,4865,26,,,0,105,,4873,26,,,0,105,,4866,26,,,0,104,,4874,26,,,0,105,,4867,26,,,0,105,,4875,26,,,0
