901,'CsRoyOff',624,,1744,35,,,0,25,,1758,35,,,0,77,,1745,35,,,0,9,,1763,44,0,6,0,70,,1757,35,,,0,34,,1746,35,,,0,76,,1759,35,,,0,35,,1747,35,,,0,150,,1748,35,,,0,111,,1749,35,,,0,109,,1750,35,,,0,111,,1751,35,,,0,76,,1756,35,,,0,36,,1752,35,,,0,79,,1755,35,,,0,37,,1753,35,,,0,77,,1760,35,,,0,75,,1754,35,,,0,110,,1761,35,,,0
901,'CsRoyOffKerOff',624,,1764,35,,,0,25,,1778,35,,,0,77,,1765,35,,,0,79,,1777,35,,,0,34,,1766,35,,,0,76,,1779,35,,,0,35,,1767,35,,,0,150,,1768,35,,,0,111,,1769,35,,,0,109,,1770,35,,,0,111,,1771,35,,,0,76,,1776,35,,,0,36,,1772,35,,,0,79,,1775,35,,,0,37,,1773,35,,,0,77,,1780,35,,,0,75,,1774,35,,,0,110,,1781,35,,,0
901,'EventOff',624,,1783,35,,,0,25,,1797,35,,,0,77,,1784,35,,,0,79,,1796,35,,,0,34,,1785,35,,,0,76,,1798,35,,,0,35,,1786,35,,,0,150,,1787,35,,,0,111,,1788,35,,,0,109,,1789,35,,,0,111,,1790,35,,,0,76,,1795,35,,,0,36,,1791,35,,,0,79,,1794,35,,,0,37,,1792,35,,,0,77,,1799,35,,,0,75,,1793,35,,,0,110,,1800,35,,,0
901,'EventOn',624,,1801,35,,,0,25,,1815,35,,,0,77,,1802,35,,,0,9,,1820,44,0,6,0,70,,1814,35,,,0,34,,1803,35,,,0,76,,1816,35,,,0,35,,1804,35,,,0,150,,1805,35,,,0,111,,1806,35,,,0,109,,1807,35,,,0,111,,1808,35,,,0,76,,1813,35,,,0,36,,1809,35,,,0,79,,1812,35,,,0,37,,1810,35,,,0,77,,1817,35,,,0,75,,1811,35,,,0,110,,1818,35,,,0
901,'KerOffPriveOff',624,,1821,35,,,0,25,,1835,35,,,0,77,,1822,35,,,0,79,,1834,35,,,0,34,,1823,35,,,0,76,,1836,35,,,0,35,,1824,35,,,0,150,,1825,35,,,0,111,,1826,35,,,0,109,,1827,35,,,0,111,,1828,35,,,0,76,,1833,35,,,0,36,,1829,35,,,0,79,,1832,35,,,0,37,,1830,35,,,0,77,,1837,35,,,0,75,,1831,35,,,0,110,,1838,35,,,0
8901,'CsRoyOff',2025,,4880,35,,,0,105,,4879,35,,,0,105,,4878,35,,,0,105,,4877,35,,,0
8901,'CsRoyOffKerOff',2025,,4884,35,,,0,105,,4883,35,,,0,105,,4882,35,,,0,105,,4881,35,,,0
8901,'Dimanche',844,,4886,35,,,0,105,,4888,35,,,0,106,,4890,35,,,0,145,,4891,35,,,0,105,,4892,35,,,0,105,,4893,35,,,0,105,,4894,35,,,0,105,,4895,35,,,0,105,,4885,35,,,0,104,,4889,35,,,0,101,,4887,35,,,0
8901,'EventOff',2025,,4899,35,,,0,105,,4898,35,,,0,105,,4897,35,,,0,105,,4896,35,,,0
8901,'EventOn',2025,,4903,35,,,0,105,,4902,35,,,0,105,,4901,35,,,0,105,,4900,35,,,0
8901,'KerOffPriveOff',2025,,4907,35,,,0,105,,4906,35,,,0,105,,4905,35,,,0,105,,4904,35,,,0
8901,'Samedi',720,,4916,35,,,0,105,,4908,35,,,0,106,,4917,35,,,0,105,,4909,35,,,0,105,,4918,35,,,0,105,,4910,35,,,0,104,,4919,35,,,0,105,,4911,35,,,0,145,,4920,35,,,0,106,,4912,35,,,0,104,,4921,35,,,0,105,,4913,35,,,0,105,,4922,35,,,0,105,,4914,35,,,0,105,,4923,35,,,0,105,,4915,35,,,0
