1601,'CsRoyOff',629,,3244,20,,,0,115,,3229,20,,,0,110,,3230,20,,,0,150,,3231,20,,,0,110,,3232,20,,,0,110,,3233,20,,,0,110,,3234,20,,,0,110,,3235,20,,,0,156,,3236,20,,,0,116,,3237,20,,,0,109,,3238,20,,,0,108,,3239,20,,,0,100,,3240,20,,,0,105,,3241,20,,,0,105,,3243,20,,,0,105,,3242,20,,,0
1601,'CsRoyOffKerOff',629,,3260,20,,,0,115,,3245,20,,,0,110,,3246,20,,,0,150,,3247,20,,,0,110,,3248,20,,,0,110,,3249,20,,,0,110,,3250,20,,,0,110,,3251,20,,,0,156,,3252,20,,,0,116,,3253,20,,,0,109,,3254,20,,,0,108,,3255,20,,,0,100,,3256,20,,,0,105,,3257,20,,,0,105,,3259,20,,,0,105,,3258,20,,,0
1601,'Dimanche',853,,3269,20,,,0,105,,3262,20,,,0,145,,3263,20,,,0,105,,3264,20,,,0,105,,3265,20,,,0,105,,3266,20,,,0,106,,3267,20,,,0,105,,3268,20,,,0,104,,3261,20,,,0,105,,3270,20,,,0
1601,'EventOff',629,,3286,20,,,0,115,,3271,20,,,0,110,,3272,20,,,0,150,,3273,20,,,0,110,,3274,20,,,0,110,,3275,20,,,0,110,,3276,20,,,0,110,,3277,20,,,0,156,,3278,20,,,0,116,,3279,20,,,0,109,,3280,20,,,0,108,,3281,20,,,0,100,,3282,20,,,0,105,,3283,20,,,0,105,,3285,20,,,0,105,,3284,20,,,0
1601,'EventOn',629,,3302,20,,,0,115,,3287,20,,,0,110,,3288,20,,,0,150,,3289,20,,,0,110,,3290,20,,,0,110,,3291,20,,,0,110,,3292,20,,,0,110,,3293,20,,,0,156,,3294,20,,,0,116,,3295,20,,,0,109,,3296,20,,,0,108,,3297,20,,,0,100,,3298,20,,,0,105,,3299,20,,,0,105,,3301,20,,,0,105,,3300,20,,,0
1601,'KerOffPriveOff',629,,3318,20,,,0,115,,3303,20,,,0,110,,3304,20,,,0,150,,3305,20,,,0,110,,3306,20,,,0,110,,3307,20,,,0,110,,3308,20,,,0,110,,3309,20,,,0,156,,3310,20,,,0,116,,3311,20,,,0,109,,3312,20,,,0,108,,3313,20,,,0,100,,3314,20,,,0,105,,3315,20,,,0,105,,3317,20,,,0,105,,3316,20,,,0
1601,'Samedi',623,,3334,20,,,0,105,,3335,20,,,0,105,,3327,20,,,0,105,,3319,20,,,0,105,,3320,20,,,0,105,,3321,20,,,0,105,,3322,20,,,0,104,,3323,20,,,0,145,,3324,20,,,0,105,,3325,20,,,0,106,,3326,20,,,0,105,,3328,20,,,0,105,,3329,20,,,0,105,,3330,20,,,0,105,,3331,20,,,0,105,,3332,20,,,0,105,,3333,20,,,0
2500,'EventOn',1557,,3678,19,,,0
2500,'KerOffPriveOff',1557,,3711,19,,,0
3080200001,'EventOn',1558,,4976,2,,,0
3080200001,'KerOffPriveOff',1558,,4977,2,,,0
3080300001,'EventOn',1557,,4980,2,,,0
3080300001,'KerOffPriveOff',1557,,4981,2,,,0
