1000,'CsRoyOff',626,,1850,10,,,0,76,,1857,10,,,0,39,,1855,10,,,0,77,,1845,10,,,0,34,,1839,10,,,0,76,,1851,10,,,0,73,,1858,10,,,0,37,,1849,10,,,0,73,,1846,10,,,0,37,,1840,10,,,0,73,,1852,10,,,0,37,,1859,10,,,0,73,,1843,10,,,0,76,,1847,10,,,0,35,,1841,10,,,0,81,,1853,10,,,0,80,,1860,10,,,0,39,,1856,10,,,0,73,,1848,10,,,0,33,,1842,10,,,0,75,,1854,10,,,0,35,,1861,10,,,0,145,,1866,10,,,0,105,,1865,10,,,0,105,,1862,10,,,0,105,,1863,10,,,0,105,,1864,10,,,0
1000,'CsRoyOffKerOff',626,,1878,10,,,0,76,,1885,10,,,0,39,,1883,10,,,0,77,,1873,10,,,0,34,,1867,10,,,0,76,,1879,10,,,0,73,,1886,10,,,0,37,,1877,10,,,0,73,,1874,10,,,0,37,,1868,10,,,0,73,,1880,10,,,0,37,,1887,10,,,0,73,,1871,10,,,0,76,,1875,10,,,0,35,,1869,10,,,0,81,,1881,10,,,0,80,,1888,10,,,0,39,,1884,10,,,0,73,,1876,10,,,0,33,,1870,10,,,0,75,,1882,10,,,0,35,,1889,10,,,0,145,,1894,10,,,0,105,,1893,10,,,0,105,,1890,10,,,0,105,,1891,10,,,0,105,,1892,10,,,0
1000,'Dimanche',928,,1896,10,,,0,104,,1898,10,,,0,106,,1899,10,,,0,104,,1901,10,,,0,105,,1902,10,,,0,105,,1903,10,,,0,105,,1904,10,,,0,145,,1900,10,,,0,106,,1897,10,,,0,105,,1895,10,,,0
1000,'EventOff',626,,1917,10,,,0,76,,1924,10,,,0,39,,1922,10,,,0,77,,1912,10,,,0,34,,1906,10,,,0,76,,1918,10,,,0,73,,1925,10,,,0,37,,1916,10,,,0,73,,1913,10,,,0,37,,1907,10,,,0,73,,1919,10,,,0,37,,1926,10,,,0,73,,1910,10,,,0,76,,1914,10,,,0,35,,1908,10,,,0,81,,1920,10,,,0,80,,1927,10,,,0,39,,1923,10,,,0,73,,1915,10,,,0,33,,1909,10,,,0,75,,1921,10,,,0,35,,1928,10,,,0,145,,1933,10,,,0,105,,1932,10,,,0,105,,1929,10,,,0,105,,1930,10,,,0,105,,1931,10,,,0
1000,'EventOn',626,,1945,10,,,0,76,,1952,10,,,0,39,,1950,10,,,0,77,,1940,10,,,0,34,,1934,10,,,0,76,,1946,10,,,0,73,,1953,10,,,0,37,,1944,10,,,0,73,,1941,10,,,0,37,,1935,10,,,0,73,,1947,10,,,0,37,,1954,10,,,0,73,,1938,10,,,0,76,,1942,10,,,0,35,,1936,10,,,0,81,,1948,10,,,0,80,,1955,10,,,0,39,,1951,10,,,0,73,,1943,10,,,0,33,,1937,10,,,0,75,,1949,10,,,0,35,,1956,10,,,0,145,,1961,10,,,0,105,,1960,10,,,0,105,,1957,10,,,0,105,,1958,10,,,0,105,,1959,10,,,0
1000,'KerOffPriveOff',626,,1973,10,,,0,76,,1980,10,,,0,39,,1978,10,,,0,77,,1968,10,,,0,34,,1962,10,,,0,76,,1974,10,,,0,73,,1981,10,,,0,37,,1972,10,,,0,73,,1969,10,,,0,37,,1963,10,,,0,73,,1975,10,,,0,37,,1982,10,,,0,73,,1966,10,,,0,76,,1970,10,,,0,35,,1964,10,,,0,81,,1976,10,,,0,80,,1983,10,,,0,39,,1979,10,,,0,73,,1971,10,,,0,33,,1965,10,,,0,75,,1977,10,,,0,35,,1984,10,,,0,145,,1989,10,,,0,105,,1988,10,,,0,105,,1985,10,,,0,105,,1986,10,,,0,105,,1987,10,,,0
1000,'Samedi',658,,1990,10,,,0,145,,1991,10,,,0,105,,1992,10,,,0,105,,1993,10,,,0,105,,1994,10,,,0,105,,1995,10,,,0,106,,1996,10,,,0,105,,1997,10,,,0,105,,1998,10,,,0,104,,1999,10,,,0,105,,2000,10,,,0,105,,2001,10,,,0,104,,2002,10,,,0,145,,2003,10,,,0,105,,2004,10,,,0,105,,2005,10,,,0,105,,2006,10,,,0
1700,'CsRoyOff',635,,3336,6,,,0,80,,3337,6,,,0,37,,3338,6,,,0,79,,3339,6,,,0,74,,3340,6,,,0,35,,3341,6,,,0,75,,3342,6,,,0,35,,3343,6,,,0,75,,3344,6,,,0,76,,3345,6,,,0,35,,3346,6,,,0,75,,3347,6,,,0,35,,3348,6,,,0,75,,3349,6,,,0,37,,3350,6,,,0,79,,3351,6,,,0,77,,3352,6,,,0,37,,3353,6,,,0,69,,3354,6,,,0,80,,3355,6,,,0,33,,3356,6,,,0
1700,'CsRoyOffKerOff',635,,3357,6,,,0,80,,3358,6,,,0,37,,3359,6,,,0,79,,3360,6,,,0,74,,3361,6,,,0,35,,3362,6,,,0,75,,3363,6,,,0,35,,3364,6,,,0,75,,3365,6,,,0,76,,3366,6,,,0,35,,3367,6,,,0,75,,3368,6,,,0,35,,3369,6,,,0,75,,3370,6,,,0,37,,3371,6,,,0,79,,3372,6,,,0,77,,3373,6,,,0,37,,3374,6,,,0,69,,3375,6,,,0,80,,3376,6,,,0,33,,3377,6,,,0
1700,'EventOff',635,,3378,6,,,0,80,,3379,6,,,0,37,,3380,6,,,0,79,,3381,6,,,0,74,,3382,6,,,0,35,,3383,6,,,0,75,,3384,6,,,0,35,,3385,6,,,0,75,,3386,6,,,0,76,,3387,6,,,0,35,,3388,6,,,0,75,,3389,6,,,0,35,,3390,6,,,0,75,,3391,6,,,0,37,,3392,6,,,0,79,,3393,6,,,0,77,,3394,6,,,0,37,,3395,6,,,0,69,,3396,6,,,0,80,,3397,6,,,0,33,,3398,6,,,0
1700,'EventOn',635,,3399,6,,,0,80,,3400,6,,,0,37,,3401,6,,,0,79,,3402,6,,,0,74,,3403,6,,,0,35,,3404,6,,,0,75,,3405,6,,,0,35,,3406,6,,,0,75,,3407,6,,,0,76,,3408,6,,,0,35,,3409,6,,,0,75,,3410,6,,,0,35,,3411,6,,,0,75,,3412,6,,,0,37,,3413,6,,,0,79,,3414,6,,,0,77,,3415,6,,,0,37,,3416,6,,,0,69,,3417,6,,,0,80,,3418,6,,,0,33,,3419,6,,,0
1700,'KerOffPriveOff',635,,3420,6,,,0,80,,3421,6,,,0,37,,3422,6,,,0,79,,3423,6,,,0,74,,3424,6,,,0,35,,3425,6,,,0,75,,3426,6,,,0,35,,3427,6,,,0,75,,3428,6,,,0,76,,3429,6,,,0,35,,3430,6,,,0,75,,3431,6,,,0,35,,3432,6,,,0,75,,3433,6,,,0,37,,3434,6,,,0,79,,3435,6,,,0,77,,3436,6,,,0,37,,3437,6,,,0,69,,3438,6,,,0,80,,3439,6,,,0,33,,3440,6,,,0
