501,'CsRoyOff',623,,840,5,,,0,79,,837,5,,,0,33,,827,5,,,0,77,,823,5,,,0,36,,833,5,,,0,76,,841,5,,,0,34,,831,5,,,0,75,,828,5,,,0,74,,824,5,,,0,35,,834,5,,,0,75,,842,5,,,0,35,,832,5,,,0,75,,829,5,,,0,75,,825,5,,,0,34,,835,5,,,0,76,,843,5,,,0,37,,839,5,,,0,78,,830,5,,,0,81,,826,5,,,0,35,,836,5,,,0,75,,844,5,,,0,35,,838,5,,,0,75,,849,5,,,0,97,,848,5,,,0,105,,847,5,,,0,105,,846,5,,,0,105,,845,5,,,0
501,'CsRoyOffKerOff',623,,868,5,,,0,79,,865,5,,,0,33,,855,5,,,0,77,,851,5,,,0,36,,861,5,,,0,76,,869,5,,,0,34,,859,5,,,0,75,,856,5,,,0,74,,852,5,,,0,35,,862,5,,,0,75,,870,5,,,0,35,,860,5,,,0,75,,857,5,,,0,75,,853,5,,,0,34,,863,5,,,0,76,,871,5,,,0,37,,867,5,,,0,78,,858,5,,,0,81,,854,5,,,0,35,,864,5,,,0,75,,872,5,,,0,35,,866,5,,,0,75,,877,5,,,0,97,,876,5,,,0,105,,875,5,,,0,105,,874,5,,,0,105,,873,5,,,0
501,'Dimanche',846,,882,5,,,0,105,,881,5,,,0,105,,883,5,,,0,145,,885,5,,,0,105,,884,5,,,0,106,,886,5,,,0,105,,887,5,,,0,105,,888,5,,,0,105,,879,5,,,0,105,,880,5,,,0
501,'EventOff',623,,906,5,,,0,79,,903,5,,,0,33,,893,5,,,0,77,,889,5,,,0,36,,899,5,,,0,76,,907,5,,,0,34,,897,5,,,0,75,,894,5,,,0,74,,890,5,,,0,35,,900,5,,,0,75,,908,5,,,0,35,,898,5,,,0,75,,895,5,,,0,75,,891,5,,,0,34,,901,5,,,0,76,,909,5,,,0,37,,905,5,,,0,78,,896,5,,,0,81,,892,5,,,0,35,,902,5,,,0,75,,910,5,,,0,35,,904,5,,,0,75,,915,5,,,0,97,,914,5,,,0,105,,913,5,,,0,105,,912,5,,,0,105,,911,5,,,0
501,'EventOn',623,,933,5,,,0,79,,930,5,,,0,33,,920,5,,,0,77,,916,5,,,0,36,,926,5,,,0,76,,934,5,,,0,34,,924,5,,,0,75,,921,5,,,0,74,,917,5,,,0,35,,927,5,,,0,75,,935,5,,,0,35,,925,5,,,0,75,,922,5,,,0,75,,918,5,,,0,34,,928,5,,,0,76,,936,5,,,0,37,,932,5,,,0,78,,923,5,,,0,81,,919,5,,,0,35,,929,5,,,0,75,,937,5,,,0,35,,931,5,,,0,75,,942,5,,,0,97,,941,5,,,0,105,,940,5,,,0,105,,939,5,,,0,105,,938,5,,,0
501,'KerOffPriveOff',623,,961,5,,,0,79,,958,5,,,0,33,,948,5,,,0,77,,944,5,,,0,36,,954,5,,,0,76,,962,5,,,0,34,,952,5,,,0,75,,949,5,,,0,74,,945,5,,,0,35,,955,5,,,0,75,,963,5,,,0,35,,953,5,,,0,75,,950,5,,,0,75,,946,5,,,0,34,,956,5,,,0,76,,964,5,,,0,37,,960,5,,,0,78,,951,5,,,0,81,,947,5,,,0,35,,957,5,,,0,75,,965,5,,,0,35,,959,5,,,0,75,,970,5,,,0,97,,969,5,,,0,105,,968,5,,,0,105,,967,5,,,0,105,,966,5,,,0
501,'Samedi',616,,971,5,,,0,105,,977,5,,,0,105,,983,5,,,0,105,,972,5,,,0,105,,978,5,,,0,105,,984,5,,,0,105,,973,5,,,0,106,,979,5,,,0,105,,985,5,,,0,145,,974,5,,,0,105,,980,5,,,0,105,,986,5,,,0,104,,975,5,,,0,105,,981,5,,,0,105,,987,5,,,0,105,,976,5,,,0,105,,982,5,,,0
2600,'CsRoyOff',627,,3899,22,,,0,75,,3900,22,,,0,41,,3901,22,,,0,75,,3902,22,,,0,35,,3903,22,,,0,74,,3904,22,,,0,75,,3905,22,,,0,35,,3906,22,,,0,75,,3907,22,,,0,35,,3908,22,,,0,75,,3909,22,,,0,35,,3910,22,,,0,75,,3911,22,,,0,75,,3912,22,,,0,35,,3913,22,,,0,80,,3914,22,,,0,79,,3915,22,,,0,37,,3916,22,,,0,74,,3917,22,,,0,35,,3918,22,,,0,75,,3919,22,,,0,35,,3920,22,,,0,145,,3921,22,,,0,105,,3922,22,,,0,105,,3923,22,,,0,105,,3924,22,,,0,105,,3925,22,,,0
2600,'CsRoyOffKerOff',627,,3926,22,,,0,75,,3927,22,,,0,41,,3928,22,,,0,75,,3929,22,,,0,35,,3930,22,,,0,74,,3931,22,,,0,75,,3932,22,,,0,35,,3933,22,,,0,75,,3934,22,,,0,35,,3935,22,,,0,75,,3936,22,,,0,35,,3937,22,,,0,75,,3938,22,,,0,75,,3939,22,,,0,35,,3940,22,,,0,80,,3941,22,,,0,79,,3942,22,,,0,37,,3943,22,,,0,74,,3944,22,,,0,35,,3945,22,,,0,75,,3946,22,,,0,35,,3947,22,,,0,145,,3948,22,,,0,105,,3949,22,,,0,105,,3950,22,,,0,105,,3951,22,,,0,105,,3952,22,,,0
2600,'Dimanche',927,,3954,22,,,0,105,,3957,22,,,0,105,,3959,22,,,0,105,,3958,22,,,0,105,,3960,22,,,0,105,,3961,22,,,0,105,,3962,22,,,0,145,,3953,22,,,0,105,,3955,22,,,0,105,,3956,22,,,0
2600,'EventOff',627,,3963,22,,,0,75,,3964,22,,,0,41,,3965,22,,,0,75,,3966,22,,,0,35,,3967,22,,,0,74,,3968,22,,,0,75,,3969,22,,,0,35,,3970,22,,,0,75,,3971,22,,,0,35,,3972,22,,,0,75,,3973,22,,,0,35,,3974,22,,,0,75,,3975,22,,,0,75,,3976,22,,,0,35,,3977,22,,,0,80,,3978,22,,,0,79,,3979,22,,,0,37,,3980,22,,,0,74,,3981,22,,,0,35,,3982,22,,,0,75,,3983,22,,,0,35,,3984,22,,,0,145,,3985,22,,,0,105,,3986,22,,,0,105,,3987,22,,,0,105,,3988,22,,,0,105,,3989,22,,,0
2600,'EventOn',627,,3990,22,,,0,75,,3991,22,,,0,41,,3992,22,,,0,75,,3993,22,,,0,35,,3994,22,,,0,74,,3995,22,,,0,75,,3996,22,,,0,35,,3997,22,,,0,75,,3998,22,,,0,35,,3999,22,,,0,75,,4000,22,,,0,35,,4001,22,,,0,75,,4002,22,,,0,75,,4003,22,,,0,35,,4004,22,,,0,80,,4005,22,,,0,17,,4017,5,,,0,62,,4006,22,,,0,37,,4007,22,,,0,74,,4008,22,,,0,35,,4009,22,,,0,75,,4010,22,,,0,35,,4011,22,,,0,145,,4012,22,,,0,105,,4013,22,,,0,105,,4014,22,,,0,105,,4015,22,,,0,105,,4016,22,,,0
2600,'KerOffPriveOff',627,,4018,22,,,0,75,,4019,22,,,0,41,,4020,22,,,0,75,,4021,22,,,0,35,,4022,22,,,0,74,,4023,22,,,0,75,,4024,22,,,0,35,,4025,22,,,0,75,,4026,22,,,0,35,,4027,22,,,0,75,,4028,22,,,0,35,,4029,22,,,0,75,,4030,22,,,0,75,,4031,22,,,0,35,,4032,22,,,0,80,,4033,22,,,0,17,,4045,5,,,0,62,,4034,22,,,0,37,,4035,22,,,0,74,,4036,22,,,0,35,,4037,22,,,0,75,,4038,22,,,0,35,,4039,22,,,0,145,,4040,22,,,0,105,,4041,22,,,0,105,,4042,22,,,0,105,,4043,22,,,0,105,,4044,22,,,0
2600,'Samedi',657,,4055,22,,,0,145,,4054,22,,,0,105,,4053,22,,,0,105,,4052,22,,,0,105,,4051,22,,,0,105,,4060,22,,,0,105,,4059,22,,,0,105,,4058,22,,,0,105,,4057,22,,,0,105,,4056,22,,,0,105,,4061,22,,,0,105,,4062,22,,,0,105,,4047,22,,,0,145,,4048,22,,,0,105,,4049,22,,,0,105,,4050,22,,,0,105,,4046,22,,,0
