111800200,'CsRoyOff',1613,,4924,3,,,0
111800200,'EventOn',1613,,4925,3,,,0
111800201,'CsRoyOff',816,,4926,19,,,0
111800201,'EventOn',816,,4927,19,,,0
3080200000,'EventOn',817,,4974,22,,,0
3080200000,'KerOffPriveOff',817,,4975,22,,,0
3080200001,'EventOn',1620,,4976,26,,,0
3080200001,'KerOffPriveOff',1620,,4977,26,,,0
19200100000,'CsRoyOff',714,,4998,5,,,0
19200100000,'CsRoyOffKerOff',714,,4999,5,,,0
19200100000,'EventOn',714,,5000,5,,,0
19200100000,'KerOffPriveOff',714,,5001,5,,,0
19200100001,'CsRoyOff',1608,,5002,19,,,0
19200100001,'CsRoyOffKerOff',1608,,5003,19,,,0
19200100001,'EventOn',1608,,5004,19,,,0
19200100001,'KerOffPriveOff',1608,,5005,19,,,0
