800,'CsRoyOff',647,,1330,46,4,,0,75,,1341,46,4,,0,82,,1331,46,4,,0,35,,1342,46,4,,0,74,,1332,46,4,,0,34,,1343,46,4,,0,75,,1333,46,4,,0,35,,1344,46,4,,0,76,,1334,46,4,,0,75,,1345,46,4,,0,35,,1335,46,4,,0,75,,1346,46,4,,0,35,,1336,46,4,,0,75,,1347,46,4,,0,76,,1337,46,4,,0,40,,1348,46,4,,0,79,,1338,46,4,,0,77,,1349,46,4,,0,35,,1339,46,4,,0,73,,1350,46,4,,0,34,,1340,46,4,,0,74,,1351,46,4,,0,105,,1356,46,4,,0,105,,1355,46,4,,0,105,,1352,46,4,,0,105,,1353,46,4,,0,105,,1354,46,4,,0
800,'CsRoyOffKerOff',647,,1357,46,4,,0,75,,1368,46,4,,0,82,,1358,46,4,,0,35,,1369,46,4,,0,74,,1359,46,4,,0,34,,1370,46,4,,0,75,,1360,46,4,,0,35,,1371,46,4,,0,76,,1361,46,4,,0,75,,1372,46,4,,0,35,,1362,46,4,,0,75,,1373,46,4,,0,35,,1363,46,4,,0,75,,1374,46,4,,0,76,,1364,46,4,,0,40,,1375,46,4,,0,79,,1365,46,4,,0,77,,1376,46,4,,0,35,,1366,46,4,,0,73,,1377,46,4,,0,34,,1367,46,4,,0,74,,1378,46,4,,0,105,,1383,46,4,,0,105,,1382,46,4,,0,105,,1379,46,4,,0,105,,1380,46,4,,0,105,,1381,46,4,,0
800,'Dimanche',946,,1386,46,4,,0,105,,1387,46,4,,0,105,,1389,46,4,,0,145,,1390,46,4,,0,105,,1391,46,4,,0,105,,1392,46,4,,0,105,,1393,46,4,,0,105,,1388,46,4,,0,105,,1384,46,4,,0,104,,1385,46,4,,0
800,'EventOff',647,,1394,46,4,,0,75,,1405,46,4,,0,82,,1395,46,4,,0,35,,1406,46,4,,0,74,,1396,46,4,,0,34,,1407,46,4,,0,75,,1397,46,4,,0,35,,1408,46,4,,0,76,,1398,46,4,,0,75,,1409,46,4,,0,35,,1399,46,4,,0,75,,1410,46,4,,0,35,,1400,46,4,,0,75,,1411,46,4,,0,76,,1401,46,4,,0,40,,1412,46,4,,0,79,,1402,46,4,,0,77,,1413,46,4,,0,35,,1403,46,4,,0,73,,1414,46,4,,0,34,,1404,46,4,,0,74,,1415,46,4,,0,105,,1420,46,4,,0,105,,1419,46,4,,0,105,,1416,46,4,,0,105,,1417,46,4,,0,105,,1418,46,4,,0
800,'EventOn',647,,1421,46,4,,0,75,,1432,46,4,,0,82,,1422,46,4,,0,35,,1433,46,4,,0,74,,1423,46,4,,0,34,,1434,46,4,,0,75,,1424,46,4,,0,35,,1435,46,4,,0,76,,1425,46,4,,0,75,,1436,46,4,,0,35,,1426,46,4,,0,75,,1437,46,4,,0,35,,1427,46,4,,0,75,,1438,46,4,,0,76,,1428,46,4,,0,40,,1439,46,4,,0,79,,1429,46,4,,0,77,,1440,46,4,,0,35,,1430,46,4,,0,73,,1441,46,4,,0,34,,1431,46,4,,0,74,,1442,46,4,,0,105,,1447,46,4,,0,105,,1446,46,4,,0,105,,1443,46,4,,0,105,,1444,46,4,,0,105,,1445,46,4,,0
800,'KerOffPriveOff',647,,1448,46,4,,0,75,,1459,46,4,,0,82,,1449,46,4,,0,35,,1460,46,4,,0,74,,1450,46,4,,0,34,,1461,46,4,,0,75,,1451,46,4,,0,35,,1462,46,4,,0,76,,1452,46,4,,0,75,,1463,46,4,,0,35,,1453,46,4,,0,75,,1464,46,4,,0,35,,1454,46,4,,0,75,,1465,46,4,,0,76,,1455,46,4,,0,40,,1466,46,4,,0,79,,1456,46,4,,0,77,,1467,46,4,,0,35,,1457,46,4,,0,73,,1468,46,4,,0,34,,1458,46,4,,0,74,,1469,46,4,,0,105,,1474,46,4,,0,105,,1473,46,4,,0,105,,1470,46,4,,0,105,,1471,46,4,,0,105,,1472,46,4,,0
800,'Samedi',715,,1475,46,4,,0,105,,1476,46,4,,0,106,,1477,46,4,,0,106,,1478,46,4,,0,105,,1479,46,4,,0,105,,1480,46,4,,0,105,,1481,46,4,,0,105,,1482,46,4,,0,105,,1483,46,4,,0,145,,1484,46,4,,0,105,,1485,46,4,,0,105,,1486,46,4,,0,105,,1487,46,4,,0,105,,1488,46,4,,0,104,,1489,46,4,,0,104,,1490,46,4,,0,105,,1491,46,4,,0
801,'CsRoyOff',610,,1503,1,,,0,39,,1492,1,,,0,75,,1504,1,,,0,81,,1493,1,,,0,35,,1505,1,,,0,74,,1494,1,,,0,35,,1506,1,,,0,75,,1495,1,,,0,35,,1507,1,,,0,76,,1496,1,,,0,75,,1508,1,,,0,35,,1497,1,,,0,75,,1509,1,,,0,35,,1498,1,,,0,75,,1510,1,,,0,78,,1499,1,,,0,37,,1511,1,,,0,79,,1500,1,,,0,78,,1512,1,,,0,34,,1501,1,,,0,74,,1513,1,,,0,34,,1502,1,,,0,74,,1514,1,,,0,106,,1518,1,,,0,105,,1517,1,,,0,105,,1515,1,,,0,105,,1516,1,,,0
801,'CsRoyOffKerOff',610,,1530,1,,,0,39,,1519,1,,,0,75,,1531,1,,,0,81,,1520,1,,,0,35,,1532,1,,,0,74,,1521,1,,,0,35,,1533,1,,,0,75,,1522,1,,,0,35,,1534,1,,,0,76,,1523,1,,,0,75,,1535,1,,,0,35,,1524,1,,,0,75,,1536,1,,,0,35,,1525,1,,,0,75,,1537,1,,,0,78,,1526,1,,,0,37,,1538,1,,,0,79,,1527,1,,,0,78,,1539,1,,,0,34,,1528,1,,,0,74,,1540,1,,,0,34,,1529,1,,,0,74,,1541,1,,,0,106,,1545,1,,,0,105,,1544,1,,,0,105,,1542,1,,,0,105,,1543,1,,,0
801,'Dimanche',842,,1547,1,,,0,105,,1548,1,,,0,105,,1549,1,,,0,105,,1552,1,,,0,145,,1551,1,,,0,105,,1553,1,,,0,105,,1554,1,,,0,105,,1555,1,,,0,105,,1550,1,,,0,105,,1546,1,,,0
801,'EventOff',610,,1567,1,,,0,39,,1556,1,,,0,75,,1568,1,,,0,81,,1557,1,,,0,35,,1569,1,,,0,74,,1558,1,,,0,35,,1570,1,,,0,75,,1559,1,,,0,35,,1571,1,,,0,76,,1560,1,,,0,75,,1572,1,,,0,35,,1561,1,,,0,75,,1573,1,,,0,35,,1562,1,,,0,75,,1574,1,,,0,78,,1563,1,,,0,37,,1575,1,,,0,79,,1564,1,,,0,78,,1576,1,,,0,34,,1565,1,,,0,74,,1577,1,,,0,34,,1566,1,,,0,74,,1578,1,,,0,106,,1582,1,,,0,105,,1581,1,,,0,105,,1579,1,,,0,105,,1580,1,,,0
801,'EventOn',610,,1594,1,,,0,39,,1583,1,,,0,75,,1595,1,,,0,81,,1584,1,,,0,35,,1596,1,,,0,74,,1585,1,,,0,35,,1597,1,,,0,75,,1586,1,,,0,35,,1598,1,,,0,76,,1587,1,,,0,75,,1599,1,,,0,35,,1588,1,,,0,75,,1600,1,,,0,35,,1589,1,,,0,75,,1601,1,,,0,78,,1590,1,,,0,37,,1602,1,,,0,79,,1591,1,,,0,78,,1603,1,,,0,34,,1592,1,,,0,74,,1604,1,,,0,34,,1593,1,,,0,74,,1605,1,,,0,106,,1609,1,,,0,105,,1608,1,,,0,105,,1606,1,,,0,105,,1607,1,,,0
801,'KerOffPriveOff',610,,1621,1,,,0,39,,1610,1,,,0,75,,1622,1,,,0,81,,1611,1,,,0,35,,1623,1,,,0,74,,1612,1,,,0,35,,1624,1,,,0,75,,1613,1,,,0,35,,1625,1,,,0,76,,1614,1,,,0,75,,1626,1,,,0,35,,1615,1,,,0,75,,1627,1,,,0,35,,1616,1,,,0,75,,1628,1,,,0,78,,1617,1,,,0,37,,1629,1,,,0,79,,1618,1,,,0,78,,1630,1,,,0,34,,1619,1,,,0,74,,1631,1,,,0,34,,1620,1,,,0,74,,1632,1,,,0,106,,1636,1,,,0,105,,1635,1,,,0,105,,1633,1,,,0,105,,1634,1,,,0
801,'Samedi',611,,1637,1,,,0,105,,1638,1,,,0,105,,1639,1,,,0,106,,1640,1,,,0,106,,1641,1,,,0,105,,1642,1,,,0,105,,1643,1,,,0,105,,1644,1,,,0,105,,1645,1,,,0,105,,1646,1,,,0,145,,1647,1,,,0,105,,1648,1,,,0,105,,1649,1,,,0,105,,1650,1,,,0,105,,1651,1,,,0,104,,1652,1,,,0,104,,1653,1,,,0
