2501,'CsRoyOff',618,,3731,5,,,0,34,,3733,5,,,0,78,,3732,5,,,0,77,,3734,5,,,0,35,,3752,5,,,0,74,,3735,5,,,0,35,,3736,5,,,0,75,,3737,5,,,0,75,,3738,5,,,0,35,,3739,5,,,0,75,,3740,5,,,0,35,,3741,5,,,0,75,,3742,5,,,0,35,,3743,5,,,0,75,,3744,5,,,0,78,,3745,5,,,0,38,,3746,5,,,0,78,,3747,5,,,0,77,,3748,5,,,0,35,,3749,5,,,0,75,,3750,5,,,0,33,,3751,5,,,0,75,,3753,5,,,0,104,,3754,5,,,0,105,,3755,5,,,0,105,,3756,5,,,0,105,,3757,5,,,0
2501,'CsRoyOffKerOff',618,,3759,5,,,0,34,,3761,5,,,0,78,,3760,5,,,0,77,,3762,5,,,0,35,,3780,5,,,0,74,,3763,5,,,0,35,,3764,5,,,0,75,,3765,5,,,0,75,,3766,5,,,0,35,,3767,5,,,0,75,,3768,5,,,0,35,,3769,5,,,0,75,,3770,5,,,0,35,,3771,5,,,0,75,,3772,5,,,0,78,,3773,5,,,0,38,,3774,5,,,0,78,,3775,5,,,0,77,,3776,5,,,0,35,,3777,5,,,0,75,,3778,5,,,0,33,,3779,5,,,0,75,,3781,5,,,0,104,,3782,5,,,0,105,,3783,5,,,0,105,,3784,5,,,0,105,,3785,5,,,0
2501,'Dimanche',844,,3788,5,,,0,105,,3789,5,,,0,105,,3790,5,,,0,105,,3791,5,,,0,145,,3792,5,,,0,105,,3793,5,,,0,105,,3794,5,,,0,105,,3795,5,,,0,105,,3787,5,,,0,105,,3786,5,,,0
2501,'EventOff',618,,3796,5,,,0,34,,3798,5,,,0,78,,3797,5,,,0,77,,3799,5,,,0,35,,3817,5,,,0,74,,3800,5,,,0,35,,3801,5,,,0,75,,3802,5,,,0,75,,3803,5,,,0,35,,3804,5,,,0,75,,3805,5,,,0,35,,3806,5,,,0,75,,3807,5,,,0,35,,3808,5,,,0,75,,3809,5,,,0,78,,3810,5,,,0,38,,3811,5,,,0,78,,3812,5,,,0,77,,3813,5,,,0,35,,3814,5,,,0,75,,3815,5,,,0,33,,3816,5,,,0,75,,3818,5,,,0,104,,3819,5,,,0,105,,3820,5,,,0,105,,3821,5,,,0,105,,3822,5,,,0
2501,'EventOn',618,,3823,5,,,0,34,,3825,5,,,0,70,,3850,5,0,9,0,8,,3824,5,,,0,12,,3851,5,0,10,0,65,,3826,5,,,0,35,,3844,5,,,0,74,,3827,5,,,0,35,,3828,5,,,0,75,,3829,5,,,0,75,,3830,5,,,0,35,,3831,5,,,0,75,,3832,5,,,0,35,,3833,5,,,0,75,,3834,5,,,0,35,,3835,5,,,0,75,,3836,5,,,0,78,,3837,5,,,0,38,,3838,5,,,0,78,,3839,5,,,0,77,,3840,5,,,0,35,,3841,5,,,0,75,,3842,5,,,0,33,,3843,5,,,0,75,,3845,5,,,0,104,,3846,5,,,0,105,,3847,5,,,0,105,,3848,5,,,0,105,,3849,5,,,0
2501,'KerOffPriveOff',618,,3853,5,,,0,34,,3855,5,,,0,70,,3880,5,0,9,0,8,,3854,5,,,0,12,,3881,5,0,10,0,65,,3856,5,,,0,35,,3874,5,,,0,74,,3857,5,,,0,35,,3858,5,,,0,75,,3859,5,,,0,75,,3860,5,,,0,35,,3861,5,,,0,75,,3862,5,,,0,35,,3863,5,,,0,75,,3864,5,,,0,35,,3865,5,,,0,75,,3866,5,,,0,78,,3867,5,,,0,38,,3868,5,,,0,78,,3869,5,,,0,77,,3870,5,,,0,35,,3871,5,,,0,75,,3872,5,,,0,33,,3873,5,,,0,75,,3875,5,,,0,104,,3876,5,,,0,105,,3877,5,,,0,105,,3878,5,,,0,105,,3879,5,,,0
2501,'Samedi',614,,3893,5,,,0,104,,3882,5,,,0,105,,3888,5,,,0,105,,3894,5,,,0,105,,3883,5,,,0,105,,3889,5,,,0,105,,3895,5,,,0,105,,3884,5,,,0,105,,3890,5,,,0,105,,3896,5,,,0,145,,3885,5,,,0,105,,3891,5,,,0,105,,3897,5,,,0,105,,3886,5,,,0,105,,3892,5,,,0,105,,3898,5,,,0,105,,3887,5,,,0
111800300,'CsRoyOff',753,,4928,6,,,0
111800300,'EventOn',753,,4929,6,,,0
111800400,'CsRoyOff',748,,4932,16,,,0
111800400,'EventOn',748,,4933,16,,,0
190300200,'CsRoyOff',733,,4950,5,,,0
190300200,'CsRoyOffKerOff',733,,4951,5,,,0
190300200,'EventOn',733,,4952,5,,,0
