1200,'CsRoyOff',700,,2509,13,,,0,116,,2510,13,,,0,110,,2511,13,,,0,110,,2512,13,,,0,110,,2513,13,,,0,110,,2514,13,,,0,149,,2515,13,,,0,115,,2516,13,,,0,81,,2525,2,,,0,38,,2517,13,,,0,107,,2518,13,,,0,110,,2519,13,,,0,145,,2523,13,,,0,105,,2522,13,,,0,105,,2521,13,,,0,105,,2520,13,,,0,104,,2524,13,,,0
1200,'CsRoyOffKerOff',700,,2526,13,,,0,116,,2527,13,,,0,110,,2528,13,,,0,110,,2529,13,,,0,110,,2530,13,,,0,110,,2531,13,,,0,149,,2532,13,,,0,115,,2533,13,,,0,81,,2542,2,,,0,38,,2534,13,,,0,107,,2535,13,,,0,110,,2536,13,,,0,145,,2540,13,,,0,105,,2539,13,,,0,105,,2538,13,,,0,105,,2537,13,,,0,104,,2541,13,,,0
1200,'Dimanche',926,,2544,13,,,0,104,,2546,13,,,0,106,,2547,13,,,0,104,,2548,13,,,0,105,,2549,13,,,0,105,,2550,13,,,0,105,,2551,13,,,0,145,,2552,13,,,0,106,,2545,13,,,0,105,,2543,13,,,0
1200,'EventOff',700,,2553,13,,,0,116,,2554,13,,,0,110,,2555,13,,,0,110,,2556,13,,,0,110,,2557,13,,,0,110,,2558,13,,,0,149,,2559,13,,,0,115,,2560,13,,,0,119,,2561,13,,,0,107,,2562,13,,,0,110,,2563,13,,,0,145,,2567,13,,,0,105,,2566,13,,,0,105,,2565,13,,,0,105,,2564,13,,,0,104,,2568,13,,,0
1200,'EventOn',700,,2569,13,,,0,116,,2570,13,,,0,110,,2571,13,,,0,110,,2572,13,,,0,110,,2573,13,,,0,110,,2574,13,,,0,149,,2575,13,,,0,115,,2576,13,,,0,81,,2585,2,,,0,38,,2577,13,,,0,107,,2578,13,,,0,110,,2579,13,,,0,145,,2583,13,,,0,105,,2582,13,,,0,105,,2581,13,,,0,105,,2580,13,,,0,104,,2584,13,,,0
1200,'KerOffPriveOff',700,,2586,13,,,0,116,,2587,13,,,0,110,,2588,13,,,0,110,,2589,13,,,0,110,,2590,13,,,0,110,,2591,13,,,0,149,,2592,13,,,0,115,,2593,13,,,0,119,,2594,13,,,0,107,,2595,13,,,0,110,,2596,13,,,0,145,,2600,13,,,0,105,,2599,13,,,0,105,,2598,13,,,0,105,,2597,13,,,0,104,,2601,13,,,0
1200,'Samedi',655,,2602,13,,,0,145,,2603,13,,,0,105,,2604,13,,,0,106,,2605,13,,,0,105,,2606,13,,,0,105,,2607,13,,,0,106,,2608,13,,,0,105,,2609,13,,,0,105,,2610,13,,,0,104,,2611,13,,,0,104,,2612,13,,,0,105,,2613,13,,,0,105,,2614,13,,,0,145,,2615,13,,,0,105,,2616,13,,,0,105,,2617,13,,,0,105,,2618,13,,,0
1701,'CsRoyOff',617,,3441,2,,,0,32,,3442,2,,,0,80,,3443,2,,,0,75,,3444,2,,,0,36,,3445,2,,,0,74,,3446,2,,,0,35,,3447,2,,,0,75,,3448,2,,,0,76,,3449,2,,,0,35,,3450,2,,,0,75,,3451,2,,,0,35,,3452,2,,,0,75,,3453,2,,,0,35,,3454,2,,,0,75,,3455,2,,,0,80,,3456,2,,,0,38,,3457,2,,,0,77,,3458,2,,,0,75,,3459,2,,,0,33,,3460,2,,,0,76,,3461,2,,,0
1701,'CsRoyOffKerOff',617,,3462,2,,,0,32,,3463,2,,,0,80,,3464,2,,,0,75,,3465,2,,,0,36,,3466,2,,,0,74,,3467,2,,,0,35,,3468,2,,,0,75,,3469,2,,,0,76,,3470,2,,,0,35,,3471,2,,,0,75,,3472,2,,,0,35,,3473,2,,,0,75,,3474,2,,,0,35,,3475,2,,,0,75,,3476,2,,,0,80,,3477,2,,,0,38,,3478,2,,,0,77,,3479,2,,,0,75,,3480,2,,,0,33,,3481,2,,,0,76,,3482,2,,,0
1701,'EventOff',617,,3483,2,,,0,32,,3484,2,,,0,80,,3485,2,,,0,75,,3486,2,,,0,36,,3487,2,,,0,74,,3488,2,,,0,35,,3489,2,,,0,75,,3490,2,,,0,76,,3491,2,,,0,35,,3492,2,,,0,75,,3493,2,,,0,35,,3494,2,,,0,75,,3495,2,,,0,35,,3496,2,,,0,75,,3497,2,,,0,80,,3498,2,,,0,38,,3499,2,,,0,77,,3500,2,,,0,75,,3501,2,,,0,33,,3502,2,,,0,76,,3503,2,,,0
1701,'EventOn',617,,3504,2,,,0,32,,3505,2,,,0,80,,3506,2,,,0,75,,3507,2,,,0,36,,3508,2,,,0,74,,3509,2,,,0,35,,3510,2,,,0,75,,3511,2,,,0,76,,3512,2,,,0,35,,3513,2,,,0,75,,3514,2,,,0,35,,3515,2,,,0,75,,3516,2,,,0,35,,3517,2,,,0,75,,3518,2,,,0,80,,3519,2,,,0,38,,3520,2,,,0,77,,3521,2,,,0,75,,3522,2,,,0,33,,3523,2,,,0,76,,3524,2,,,0
1701,'KerOffPriveOff',617,,3525,2,,,0,32,,3526,2,,,0,80,,3527,2,,,0,75,,3528,2,,,0,36,,3529,2,,,0,74,,3530,2,,,0,35,,3531,2,,,0,75,,3532,2,,,0,76,,3533,2,,,0,35,,3534,2,,,0,75,,3535,2,,,0,35,,3536,2,,,0,75,,3537,2,,,0,35,,3538,2,,,0,75,,3539,2,,,0,80,,3540,2,,,0,38,,3541,2,,,0,77,,3542,2,,,0,75,,3543,2,,,0,33,,3544,2,,,0,76,,3545,2,,,0
