601,'CsRoyOff',619,,1181,26,,,0,35,,1159,32,,,0,76,,1182,32,,,0,6,,1154,32,,,0,74,,1165,32,,,0,36,,1171,32,,,0,74,,1158,32,,,0,35,,1160,32,,,0,75,,1155,32,,,0,75,,1166,32,,,0,35,,1172,32,,,0,75,,1164,32,,,0,35,,1161,32,,,0,75,,1156,32,,,0,75,,1167,32,,,0,35,,1173,32,,,0,81,,1170,32,,,0,30,,1183,17,,,0,7,,1162,32,,,0,77,,1157,32,,,0,75,,1168,32,,,0,34,,1174,32,,,0,75,,1169,32,,,0,35,,1163,32,,,0,79,,1179,32,,,0,100,,1178,32,,,0,105,,1177,32,,,0,105,,1176,32,,,0,105,,1175,32,,,0,100,,1180,32,,,0
601,'CsRoyOffKerOff',619,,1211,26,,,0,35,,1189,32,,,0,76,,1212,32,,,0,6,,1184,32,,,0,74,,1195,32,,,0,36,,1201,32,,,0,74,,1188,32,,,0,35,,1190,32,,,0,75,,1185,32,,,0,75,,1196,32,,,0,35,,1202,32,,,0,75,,1194,32,,,0,35,,1191,32,,,0,75,,1186,32,,,0,75,,1197,32,,,0,35,,1203,32,,,0,81,,1200,32,,,0,37,,1192,32,,,0,77,,1187,32,,,0,75,,1198,32,,,0,34,,1204,32,,,0,75,,1199,32,,,0,35,,1193,32,,,0,79,,1209,32,,,0,100,,1208,32,,,0,105,,1207,32,,,0,105,,1206,32,,,0,105,,1205,32,,,0,100,,1210,32,,,0
601,'Dimanche',846,,1215,32,,,0,105,,1214,32,,,0,106,,1219,32,,,0,145,,1218,32,,,0,105,,1220,32,,,0,105,,1221,32,,,0,105,,1222,32,,,0,105,,1223,32,,,0,105,,1217,32,,,0,104,,1216,32,,,0,102,,1213,32,,,0
601,'EventOff',619,,1251,26,,,0,35,,1229,32,,,0,82,,1224,32,,,0,74,,1235,32,,,0,36,,1241,32,,,0,74,,1228,32,,,0,35,,1230,32,,,0,75,,1225,32,,,0,75,,1236,32,,,0,35,,1242,32,,,0,75,,1234,32,,,0,35,,1231,32,,,0,75,,1226,32,,,0,75,,1237,32,,,0,35,,1243,32,,,0,81,,1240,32,,,0,37,,1232,32,,,0,77,,1227,32,,,0,75,,1238,32,,,0,34,,1244,32,,,0,75,,1239,32,,,0,35,,1233,32,,,0,79,,1249,32,,,0,100,,1248,32,,,0,105,,1247,32,,,0,105,,1246,32,,,0,105,,1245,32,,,0,100,,1250,32,,,0
601,'EventOn',619,,1279,26,,,0,35,,1257,32,,,0,76,,1280,32,,,0,6,,1252,32,,,0,74,,1263,32,,,0,36,,1269,32,,,0,74,,1256,32,,,0,35,,1258,32,,,0,75,,1253,32,,,0,75,,1264,32,,,0,35,,1270,32,,,0,75,,1262,32,,,0,35,,1259,32,,,0,75,,1254,32,,,0,75,,1265,32,,,0,35,,1271,32,,,0,81,,1268,32,,,0,30,,1281,17,,,0,7,,1260,32,,,0,58,,1282,32,,,0,19,,1255,32,,,0,75,,1266,32,,,0,34,,1272,32,,,0,75,,1267,32,,,0,35,,1261,32,,,0,79,,1277,32,,,0,100,,1276,32,,,0,105,,1275,32,,,0,105,,1274,32,,,0,105,,1273,32,,,0,100,,1278,32,,,0
601,'KerOffPriveOff',619,,1310,26,,,0,35,,1288,32,,,0,82,,1283,32,,,0,74,,1294,32,,,0,36,,1300,32,,,0,74,,1287,32,,,0,35,,1289,32,,,0,75,,1284,32,,,0,75,,1295,32,,,0,35,,1301,32,,,0,75,,1293,32,,,0,35,,1290,32,,,0,75,,1285,32,,,0,75,,1296,32,,,0,35,,1302,32,,,0,81,,1299,32,,,0,37,,1291,32,,,0,58,,1311,32,,,0,19,,1286,32,,,0,75,,1297,32,,,0,34,,1303,32,,,0,75,,1298,32,,,0,35,,1292,32,,,0,79,,1308,32,,,0,100,,1307,32,,,0,105,,1306,32,,,0,105,,1305,32,,,0,105,,1304,32,,,0,100,,1309,32,,,0
601,'Samedi',617,,1328,26,,,0,105,,1312,32,,,0,105,,1320,32,,,0,106,,1313,32,,,0,105,,1321,32,,,0,105,,1314,32,,,0,105,,1322,32,,,0,104,,1315,32,,,0,104,,1323,32,,,0,145,,1316,32,,,0,106,,1324,32,,,0,105,,1317,32,,,0,105,,1325,32,,,0,105,,1318,32,,,0,105,,1326,32,,,0,105,,1319,32,,,0,105,,1327,32,,,0,97,,1329,32,,,0
901,'CsRoyOff',626,,1744,36,,,0,25,,1758,36,,,0,77,,1745,36,,,0,9,,1763,45,4,,0,70,,1757,36,,,0,34,,1746,36,,,0,76,,1759,36,,,0,35,,1747,36,,,0,150,,1748,36,,,0,111,,1749,36,,,0,109,,1750,36,,,0,111,,1751,36,,,0,76,,1756,36,,,0,36,,1752,36,,,0,79,,1755,36,,,0,77,,1753,36,,,0,37,,1760,36,,,0,75,,1754,36,,,0,110,,1761,36,,,0
901,'CsRoyOffKerOff',626,,1764,36,,,0,25,,1778,36,,,0,77,,1765,36,,,0,79,,1777,36,,,0,34,,1766,36,,,0,76,,1779,36,,,0,35,,1767,36,,,0,150,,1768,36,,,0,111,,1769,36,,,0,109,,1770,36,,,0,111,,1771,36,,,0,76,,1776,36,,,0,36,,1772,36,,,0,79,,1775,36,,,0,77,,1773,36,,,0,37,,1780,36,,,0,75,,1774,36,,,0,110,,1781,36,,,0
901,'EventOff',626,,1783,36,,,0,25,,1797,36,,,0,77,,1784,36,,,0,79,,1796,36,,,0,34,,1785,36,,,0,76,,1798,36,,,0,35,,1786,36,,,0,150,,1787,36,,,0,111,,1788,36,,,0,109,,1789,36,,,0,111,,1790,36,,,0,76,,1795,36,,,0,36,,1791,36,,,0,79,,1794,36,,,0,77,,1792,36,,,0,37,,1799,36,,,0,75,,1793,36,,,0,110,,1800,36,,,0
901,'EventOn',626,,1801,36,,,0,25,,1815,36,,,0,77,,1802,36,,,0,9,,1820,45,4,,0,70,,1814,36,,,0,34,,1803,36,,,0,76,,1816,36,,,0,35,,1804,36,,,0,150,,1805,36,,,0,111,,1806,36,,,0,109,,1807,36,,,0,111,,1808,36,,,0,76,,1813,36,,,0,36,,1809,36,,,0,79,,1812,36,,,0,77,,1810,36,,,0,37,,1817,36,,,0,75,,1811,36,,,0,110,,1818,36,,,0
901,'KerOffPriveOff',626,,1821,36,,,0,25,,1835,36,,,0,77,,1822,36,,,0,79,,1834,36,,,0,34,,1823,36,,,0,76,,1836,36,,,0,35,,1824,36,,,0,150,,1825,36,,,0,111,,1826,36,,,0,109,,1827,36,,,0,111,,1828,36,,,0,76,,1833,36,,,0,36,,1829,36,,,0,79,,1832,36,,,0,77,,1830,36,,,0,37,,1837,36,,,0,75,,1831,36,,,0,110,,1838,36,,,0
8901,'CsRoyOff',2027,,4880,36,,,0,105,,4879,36,,,0,105,,4878,36,,,0,105,,4877,36,,,0
8901,'CsRoyOffKerOff',2027,,4884,36,,,0,105,,4883,36,,,0,105,,4882,36,,,0,105,,4881,36,,,0
8901,'Dimanche',846,,4886,36,,,0,105,,4888,36,,,0,106,,4890,36,,,0,145,,4891,36,,,0,105,,4892,36,,,0,105,,4893,36,,,0,105,,4894,36,,,0,105,,4895,36,,,0,105,,4885,36,,,0,104,,4889,36,,,0,101,,4887,36,,,0
8901,'EventOff',2027,,4899,36,,,0,105,,4898,36,,,0,105,,4897,36,,,0,105,,4896,36,,,0
8901,'EventOn',2027,,4903,36,,,0,105,,4902,36,,,0,105,,4901,36,,,0,105,,4900,36,,,0
8901,'KerOffPriveOff',2027,,4907,36,,,0,105,,4906,36,,,0,105,,4905,36,,,0,105,,4904,36,,,0
8901,'Samedi',722,,4916,36,,,0,105,,4908,36,,,0,106,,4917,36,,,0,105,,4909,36,,,0,105,,4918,36,,,0,105,,4910,36,,,0,104,,4919,36,,,0,105,,4911,36,,,0,145,,4920,36,,,0,106,,4912,36,,,0,104,,4921,36,,,0,105,,4913,36,,,0,105,,4922,36,,,0,105,,4914,36,,,0,105,,4923,36,,,0,105,,4915,36,,,0
111800400,'CsRoyOff',738,,4932,1,,,0
111800400,'EventOn',738,,4933,1,,,0
160900100,'EventOn',1552,,4946,16,,,0
160900100,'KerOffPriveOff',1552,,4947,16,,,0
