800,'CsRoyOff',622,,1330,8,,,0,35,,1341,8,,,0,81,,1331,8,,,0,75,,1342,8,,,0,35,,1332,8,,,0,74,,1343,8,,,0,35,,1333,8,,,0,75,,1344,8,,,0,76,,1334,8,,,0,35,,1345,8,,,0,75,,1335,8,,,0,35,,1346,8,,,0,75,,1336,8,,,0,75,,1347,8,,,0,35,,1337,8,,,0,80,,1348,8,,,0,38,,1338,8,,,0,78,,1349,8,,,0,75,,1339,8,,,0,33,,1350,8,,,0,75,,1340,8,,,0,35,,1351,8,,,0,105,,1356,8,,,0,145,,1355,8,,,0,105,,1352,8,,,0,105,,1353,8,,,0,105,,1354,8,,,0
800,'CsRoyOffKerOff',622,,1357,8,,,0,35,,1368,8,,,0,81,,1358,8,,,0,75,,1369,8,,,0,35,,1359,8,,,0,74,,1370,8,,,0,35,,1360,8,,,0,75,,1371,8,,,0,76,,1361,8,,,0,35,,1372,8,,,0,75,,1362,8,,,0,35,,1373,8,,,0,75,,1363,8,,,0,75,,1374,8,,,0,35,,1364,8,,,0,80,,1375,8,,,0,38,,1365,8,,,0,78,,1376,8,,,0,75,,1366,8,,,0,33,,1377,8,,,0,75,,1367,8,,,0,35,,1378,8,,,0,105,,1383,8,,,0,145,,1382,8,,,0,105,,1379,8,,,0,105,,1380,8,,,0,105,,1381,8,,,0
800,'Dimanche',923,,1386,8,,,0,105,,1387,8,,,0,105,,1389,8,,,0,105,,1390,8,,,0,105,,1391,8,,,0,105,,1392,8,,,0,105,,1393,8,,,0,105,,1388,8,,,0,145,,1384,8,,,0,105,,1385,8,,,0
800,'EventOff',622,,1394,8,,,0,35,,1405,8,,,0,81,,1395,8,,,0,75,,1406,8,,,0,35,,1396,8,,,0,74,,1407,8,,,0,35,,1397,8,,,0,75,,1408,8,,,0,76,,1398,8,,,0,35,,1409,8,,,0,75,,1399,8,,,0,35,,1410,8,,,0,75,,1400,8,,,0,75,,1411,8,,,0,35,,1401,8,,,0,80,,1412,8,,,0,38,,1402,8,,,0,78,,1413,8,,,0,75,,1403,8,,,0,33,,1414,8,,,0,75,,1404,8,,,0,35,,1415,8,,,0,105,,1420,8,,,0,145,,1419,8,,,0,105,,1416,8,,,0,105,,1417,8,,,0,105,,1418,8,,,0
800,'EventOn',622,,1421,8,,,0,35,,1432,8,,,0,81,,1422,8,,,0,75,,1433,8,,,0,35,,1423,8,,,0,74,,1434,8,,,0,35,,1424,8,,,0,75,,1435,8,,,0,76,,1425,8,,,0,35,,1436,8,,,0,75,,1426,8,,,0,35,,1437,8,,,0,75,,1427,8,,,0,75,,1438,8,,,0,35,,1428,8,,,0,80,,1439,8,,,0,38,,1429,8,,,0,78,,1440,8,,,0,75,,1430,8,,,0,33,,1441,8,,,0,75,,1431,8,,,0,35,,1442,8,,,0,105,,1447,8,,,0,145,,1446,8,,,0,105,,1443,8,,,0,105,,1444,8,,,0,105,,1445,8,,,0
800,'KerOffPriveOff',622,,1448,8,,,0,35,,1459,8,,,0,81,,1449,8,,,0,75,,1460,8,,,0,35,,1450,8,,,0,74,,1461,8,,,0,35,,1451,8,,,0,75,,1462,8,,,0,76,,1452,8,,,0,35,,1463,8,,,0,75,,1453,8,,,0,35,,1464,8,,,0,75,,1454,8,,,0,75,,1465,8,,,0,35,,1455,8,,,0,80,,1466,8,,,0,38,,1456,8,,,0,78,,1467,8,,,0,75,,1457,8,,,0,33,,1468,8,,,0,75,,1458,8,,,0,35,,1469,8,,,0,105,,1474,8,,,0,145,,1473,8,,,0,105,,1470,8,,,0,105,,1471,8,,,0,105,,1472,8,,,0
800,'Samedi',651,,1475,8,,,0,105,,1476,8,,,0,145,,1477,8,,,0,106,,1478,8,,,0,105,,1479,8,,,0,105,,1480,8,,,0,105,,1481,8,,,0,105,,1482,8,,,0,105,,1483,8,,,0,105,,1484,8,,,0,105,,1485,8,,,0,105,,1486,8,,,0,105,,1487,8,,,0,105,,1488,8,,,0,144,,1489,8,,,0,105,,1490,8,,,0,105,,1491,8,,,0
1201,'CsRoyOff',641,,2619,42,,,0,113,,2620,42,,,0,148,,2621,42,,,0,110,,2622,42,,,0,112,,2623,42,,,0,108,,2624,42,,,0,108,,2625,42,,,0,107,,2626,42,,,0,156,,2627,42,,,0,117,,2628,42,,,0,112,,2629,42,,,0,104,,2630,42,,,0,105,,2633,42,,,0,105,,2632,42,,,0,105,,2631,42,,,0,105,,2634,42,,,0
1201,'CsRoyOffKerOff',641,,2635,42,,,0,113,,2636,42,,,0,148,,2637,42,,,0,110,,2638,42,,,0,112,,2639,42,,,0,108,,2640,42,,,0,108,,2641,42,,,0,107,,2642,42,,,0,156,,2643,42,,,0,117,,2644,42,,,0,112,,2645,42,,,0,104,,2646,42,,,0,105,,2649,42,,,0,105,,2648,42,,,0,105,,2647,42,,,0,105,,2650,42,,,0
1201,'Dimanche',903,,2652,42,,,0,105,,2653,42,,,0,105,,2655,42,,,0,105,,2656,42,,,0,105,,2657,42,,,0,104,,2658,42,,,0,105,,2659,42,,,0,105,,2660,42,,,0,106,,2651,42,,,0,103,,2654,42,,,0
1201,'EventOff',641,,2661,42,,,0,113,,2662,42,,,0,148,,2663,42,,,0,110,,2664,42,,,0,112,,2665,42,,,0,108,,2666,42,,,0,108,,2667,42,,,0,107,,2668,42,,,0,156,,2669,42,,,0,117,,2670,42,,,0,112,,2671,42,,,0,104,,2672,42,,,0,105,,2675,42,,,0,105,,2674,42,,,0,105,,2673,42,,,0,105,,2676,42,,,0
1201,'EventOn',641,,2677,42,,,0,113,,2678,42,,,0,148,,2679,42,,,0,110,,2680,42,,,0,112,,2681,42,,,0,108,,2682,42,,,0,108,,2683,42,,,0,107,,2684,42,,,0,156,,2685,42,,,0,117,,2686,42,,,0,112,,2687,42,,,0,104,,2688,42,,,0,105,,2691,42,,,0,105,,2690,42,,,0,105,,2689,42,,,0,105,,2692,42,,,0
1201,'KerOffPriveOff',641,,2693,42,,,0,113,,2694,42,,,0,148,,2695,42,,,0,110,,2696,42,,,0,112,,2697,42,,,0,108,,2698,42,,,0,108,,2699,42,,,0,107,,2700,42,,,0,156,,2701,42,,,0,117,,2702,42,,,0,112,,2703,42,,,0,104,,2704,42,,,0,105,,2707,42,,,0,105,,2706,42,,,0,105,,2705,42,,,0,105,,2708,42,,,0
1201,'Samedi',633,,2709,42,,,0,104,,2710,42,,,0,105,,2711,42,,,0,106,,2712,42,,,0,105,,2713,42,,,0,104,,2714,42,,,0,146,,2715,42,,,0,105,,2716,42,,,0,105,,2717,42,,,0,105,,2718,42,,,0,104,,2719,42,,,0,105,,2720,42,,,0,105,,2721,42,,,0,105,,2722,42,,,0,105,,2723,42,,,0,105,,2724,42,,,0,105,,2725,42,,,0
