901,'CsRoyOff',622,,1744,30,,,0,24,,1758,30,,,0,76,,1762,39,0,5,0,1,,1745,30,,,0,8,,1763,39,0,6,0,71,,1757,30,,,0,34,,1746,30,,,0,76,,1759,30,,,0,35,,1747,30,,,0,110,,1748,30,,,0,151,,1749,30,,,0,109,,1750,30,,,0,111,,1751,30,,,0,76,,1756,30,,,0,36,,1752,30,,,0,79,,1755,30,,,0,37,,1753,30,,,0,77,,1760,30,,,0,75,,1754,30,,,0,110,,1761,30,,,0
901,'CsRoyOffKerOff',622,,1764,30,,,0,24,,1778,30,,,0,76,,1782,39,0,5,0,1,,1765,30,,,0,79,,1777,30,,,0,34,,1766,30,,,0,76,,1779,30,,,0,35,,1767,30,,,0,110,,1768,30,,,0,151,,1769,30,,,0,109,,1770,30,,,0,111,,1771,30,,,0,76,,1776,30,,,0,36,,1772,30,,,0,79,,1775,30,,,0,37,,1773,30,,,0,77,,1780,30,,,0,75,,1774,30,,,0,110,,1781,30,,,0
901,'EventOff',622,,1783,30,,,0,24,,1797,30,,,0,77,,1784,30,,,0,79,,1796,30,,,0,34,,1785,30,,,0,76,,1798,30,,,0,35,,1786,30,,,0,110,,1787,30,,,0,151,,1788,30,,,0,109,,1789,30,,,0,111,,1790,30,,,0,76,,1795,30,,,0,36,,1791,30,,,0,79,,1794,30,,,0,37,,1792,30,,,0,77,,1799,30,,,0,75,,1793,30,,,0,110,,1800,30,,,0
901,'EventOn',622,,1801,30,,,0,24,,1815,30,,,0,76,,1819,39,0,5,0,1,,1802,30,,,0,8,,1820,39,0,6,0,71,,1814,30,,,0,34,,1803,30,,,0,76,,1816,30,,,0,35,,1804,30,,,0,110,,1805,30,,,0,151,,1806,30,,,0,109,,1807,30,,,0,111,,1808,30,,,0,76,,1813,30,,,0,36,,1809,30,,,0,79,,1812,30,,,0,37,,1810,30,,,0,77,,1817,30,,,0,75,,1811,30,,,0,110,,1818,30,,,0
901,'KerOffPriveOff',622,,1821,30,,,0,24,,1835,30,,,0,77,,1822,30,,,0,79,,1834,30,,,0,34,,1823,30,,,0,76,,1836,30,,,0,35,,1824,30,,,0,110,,1825,30,,,0,151,,1826,30,,,0,109,,1827,30,,,0,111,,1828,30,,,0,76,,1833,30,,,0,36,,1829,30,,,0,79,,1832,30,,,0,37,,1830,30,,,0,77,,1837,30,,,0,75,,1831,30,,,0,110,,1838,30,,,0
8901,'CsRoyOff',2023,,4880,30,,,0,105,,4879,30,,,0,105,,4878,30,,,0,105,,4877,30,,,0
8901,'CsRoyOffKerOff',2023,,4884,30,,,0,105,,4883,30,,,0,105,,4882,30,,,0,105,,4881,30,,,0
8901,'Dimanche',841,,4886,30,,,0,105,,4888,30,,,0,106,,4890,30,,,0,105,,4891,30,,,0,145,,4892,30,,,0,105,,4893,30,,,0,105,,4894,30,,,0,105,,4895,30,,,0,105,,4885,30,,,0,104,,4889,30,,,0,101,,4887,30,,,0
8901,'EventOff',2023,,4899,30,,,0,105,,4898,30,,,0,105,,4897,30,,,0,105,,4896,30,,,0
8901,'EventOn',2023,,4903,30,,,0,105,,4902,30,,,0,105,,4901,30,,,0,105,,4900,30,,,0
8901,'KerOffPriveOff',2023,,4907,30,,,0,105,,4906,30,,,0,105,,4905,30,,,0,105,,4904,30,,,0
8901,'Samedi',717,,4916,30,,,0,105,,4908,30,,,0,106,,4917,30,,,0,105,,4909,30,,,0,105,,4918,30,,,0,105,,4910,30,,,0,104,,4919,30,,,0,105,,4911,30,,,0,105,,4920,30,,,0,146,,4912,30,,,0,104,,4921,30,,,0,105,,4913,30,,,0,105,,4922,30,,,0,105,,4914,30,,,0,105,,4923,30,,,0,105,,4915,30,,,0
