200,'CsRoyOff',615,,17,1,,,0,35,,6,1,,,0,80,,12,1,,,0,75,,1,1,,,0,36,,18,1,,,0,74,,7,1,,,0,35,,13,1,,,0,75,,2,1,,,0,75,,19,1,,,0,35,,8,1,,,0,75,,14,1,,,0,35,,3,1,,,0,75,,20,1,,,0,35,,9,1,,,0,75,,15,1,,,0,80,,4,1,,,0,38,,21,1,,,0,77,,10,1,,,0,75,,16,1,,,0,35,,5,1,,,0,75,,22,1,,,0,35,,11,1,,,0,105,,27,1,,,0,105,,26,1,,,0,145,,25,1,,,0,105,,24,1,,,0,105,,23,1,,,0
200,'CsRoyOffKerOff',615,,44,1,,,0,35,,33,1,,,0,80,,39,1,,,0,75,,28,1,,,0,36,,45,1,,,0,74,,34,1,,,0,35,,40,1,,,0,75,,29,1,,,0,75,,46,1,,,0,35,,35,1,,,0,75,,41,1,,,0,35,,30,1,,,0,75,,47,1,,,0,35,,36,1,,,0,75,,42,1,,,0,80,,31,1,,,0,38,,48,1,,,0,77,,37,1,,,0,75,,43,1,,,0,35,,32,1,,,0,75,,49,1,,,0,35,,38,1,,,0,105,,54,1,,,0,105,,53,1,,,0,145,,52,1,,,0,105,,51,1,,,0,105,,50,1,,,0
200,'Dimanche',915,,58,1,,,0,105,,59,1,,,0,105,,60,1,,,0,105,,61,1,,,0,105,,62,1,,,0,105,,63,1,,,0,105,,64,1,,,0,105,,56,1,,,0,105,,55,1,,,0,145,,57,1,,,0
200,'EventOff',615,,81,1,,,0,35,,70,1,,,0,80,,76,1,,,0,75,,65,1,,,0,36,,82,1,,,0,74,,71,1,,,0,35,,77,1,,,0,75,,66,1,,,0,75,,83,1,,,0,35,,72,1,,,0,75,,78,1,,,0,35,,67,1,,,0,75,,84,1,,,0,35,,73,1,,,0,75,,79,1,,,0,80,,68,1,,,0,38,,85,1,,,0,77,,74,1,,,0,75,,80,1,,,0,35,,69,1,,,0,75,,86,1,,,0,35,,75,1,,,0,105,,91,1,,,0,105,,90,1,,,0,145,,89,1,,,0,105,,88,1,,,0,105,,87,1,,,0
200,'EventOn',615,,108,1,,,0,35,,97,1,,,0,80,,103,1,,,0,75,,92,1,,,0,36,,109,1,,,0,74,,98,1,,,0,35,,104,1,,,0,75,,93,1,,,0,75,,110,1,,,0,35,,99,1,,,0,75,,105,1,,,0,35,,94,1,,,0,75,,111,1,,,0,35,,100,1,,,0,75,,106,1,,,0,80,,95,1,,,0,38,,112,1,,,0,77,,101,1,,,0,75,,107,1,,,0,35,,96,1,,,0,75,,113,1,,,0,35,,102,1,,,0,105,,118,1,,,0,105,,117,1,,,0,145,,116,1,,,0,105,,115,1,,,0,105,,114,1,,,0
200,'KerOffPriveOff',615,,135,1,,,0,35,,124,1,,,0,80,,130,1,,,0,75,,119,1,,,0,36,,136,1,,,0,74,,125,1,,,0,35,,131,1,,,0,75,,120,1,,,0,75,,137,1,,,0,35,,126,1,,,0,75,,132,1,,,0,35,,121,1,,,0,75,,138,1,,,0,35,,127,1,,,0,75,,133,1,,,0,80,,122,1,,,0,38,,139,1,,,0,77,,128,1,,,0,75,,134,1,,,0,35,,123,1,,,0,75,,140,1,,,0,35,,129,1,,,0,105,,145,1,,,0,105,,144,1,,,0,145,,143,1,,,0,105,,142,1,,,0,105,,141,1,,,0
200,'Samedi',645,,146,1,,,0,105,,147,1,,,0,105,,148,1,,,0,145,,149,1,,,0,105,,150,1,,,0,105,,151,1,,,0,105,,152,1,,,0,105,,153,1,,,0,105,,154,1,,,0,105,,155,1,,,0,105,,156,1,,,0,105,,157,1,,,0,105,,158,1,,,0,105,,159,1,,,0,105,,160,1,,,0,145,,161,1,,,0,105,,162,1,,,0
201,'CsRoyOff',642,,163,36,4,,0,81,,179,36,4,,0,78,,169,36,4,,0,38,,174,36,4,,0,73,,164,36,4,,0,34,,180,36,4,,0,75,,170,36,4,,0,35,,175,36,4,,0,75,,165,36,4,,0,76,,181,36,4,,0,35,,171,36,4,,0,75,,176,36,4,,0,35,,166,36,4,,0,75,,182,36,4,,0,76,,172,36,4,,0,40,,177,36,4,,0,77,,167,36,4,,0,37,,183,36,4,,0,76,,173,36,4,,0,73,,178,36,4,,0,34,,168,36,4,,0,74,,189,36,4,,0,34,,185,36,4,,0,105,,188,36,4,,0,105,,187,36,4,,0,145,,186,36,4,,0,105,,184,36,4,,0
201,'CsRoyOffKerOff',642,,190,36,4,,0,81,,206,36,4,,0,78,,196,36,4,,0,38,,201,36,4,,0,73,,191,36,4,,0,34,,207,36,4,,0,75,,197,36,4,,0,35,,202,36,4,,0,75,,192,36,4,,0,76,,208,36,4,,0,35,,198,36,4,,0,75,,203,36,4,,0,35,,193,36,4,,0,75,,209,36,4,,0,76,,199,36,4,,0,40,,204,36,4,,0,77,,194,36,4,,0,37,,210,36,4,,0,76,,200,36,4,,0,73,,205,36,4,,0,34,,195,36,4,,0,74,,216,36,4,,0,34,,212,36,4,,0,105,,215,36,4,,0,105,,214,36,4,,0,145,,213,36,4,,0,105,,211,36,4,,0
201,'Dimanche',912,,219,36,4,,0,105,,220,36,4,,0,105,,221,36,4,,0,105,,222,36,4,,0,105,,223,36,4,,0,105,,224,36,4,,0,105,,225,36,4,,0,104,,226,36,4,,0,105,,218,36,4,,0,104,,217,36,4,,0
201,'EventOff',642,,227,36,4,,0,81,,243,36,4,,0,78,,233,36,4,,0,38,,238,36,4,,0,73,,228,36,4,,0,34,,244,36,4,,0,75,,234,36,4,,0,35,,239,36,4,,0,75,,229,36,4,,0,76,,245,36,4,,0,35,,235,36,4,,0,75,,240,36,4,,0,35,,230,36,4,,0,75,,246,36,4,,0,76,,236,36,4,,0,40,,241,36,4,,0,77,,231,36,4,,0,37,,247,36,4,,0,76,,237,36,4,,0,73,,242,36,4,,0,34,,232,36,4,,0,74,,253,36,4,,0,34,,249,36,4,,0,105,,252,36,4,,0,105,,251,36,4,,0,145,,250,36,4,,0,105,,248,36,4,,0
201,'EventOn',642,,254,36,4,,0,81,,270,36,4,,0,78,,260,36,4,,0,38,,265,36,4,,0,73,,255,36,4,,0,34,,271,36,4,,0,75,,261,36,4,,0,35,,266,36,4,,0,75,,256,36,4,,0,76,,272,36,4,,0,35,,262,36,4,,0,75,,267,36,4,,0,35,,257,36,4,,0,75,,273,36,4,,0,76,,263,36,4,,0,40,,268,36,4,,0,77,,258,36,4,,0,37,,274,36,4,,0,76,,264,36,4,,0,73,,269,36,4,,0,34,,259,36,4,,0,74,,280,36,4,,0,34,,276,36,4,,0,105,,279,36,4,,0,105,,278,36,4,,0,145,,277,36,4,,0,105,,275,36,4,,0
201,'KerOffPriveOff',642,,281,36,4,,0,81,,297,36,4,,0,78,,287,36,4,,0,38,,292,36,4,,0,73,,282,36,4,,0,34,,298,36,4,,0,75,,288,36,4,,0,35,,293,36,4,,0,75,,283,36,4,,0,76,,299,36,4,,0,35,,289,36,4,,0,75,,294,36,4,,0,35,,284,36,4,,0,75,,300,36,4,,0,76,,290,36,4,,0,40,,295,36,4,,0,77,,285,36,4,,0,37,,301,36,4,,0,76,,291,36,4,,0,73,,296,36,4,,0,34,,286,36,4,,0,74,,307,36,4,,0,34,,303,36,4,,0,105,,306,36,4,,0,105,,305,36,4,,0,145,,304,36,4,,0,105,,302,36,4,,0
201,'Samedi',640,,308,36,4,,0,105,,309,36,4,,0,107,,310,36,4,,0,105,,311,36,4,,0,146,,312,36,4,,0,105,,313,36,4,,0,105,,314,36,4,,0,105,,315,36,4,,0,104,,316,36,4,,0,105,,317,36,4,,0,105,,318,36,4,,0,105,,319,36,4,,0,104,,320,36,4,,0,106,,321,36,4,,0,105,,322,36,4,,0,105,,323,36,4,,0,143,,324,36,4,,0
400,'CsRoyOff',615,,341,1,,,0,35,,325,1,,,0,80,,337,1,,,0,75,,333,1,,,0,36,,345,1,,,0,74,,330,1,,,0,35,,342,1,,,0,75,,326,1,,,0,75,,338,1,,,0,35,,334,1,,,0,75,,346,1,,,0,35,,331,1,,,0,75,,339,1,,,0,35,,335,1,,,0,75,,343,1,,,0,80,,327,1,,,0,38,,329,1,,,0,77,,332,1,,,0,75,,340,1,,,0,35,,336,1,,,0,75,,344,1,,,0,35,,328,1,,,0,105,,351,1,,,0,105,,350,1,,,0,145,,349,1,,,0,105,,348,1,,,0,105,,347,1,,,0
400,'CsRoyOffKerOff',615,,369,1,,,0,35,,353,1,,,0,80,,365,1,,,0,75,,361,1,,,0,36,,373,1,,,0,74,,358,1,,,0,35,,370,1,,,0,75,,354,1,,,0,75,,366,1,,,0,35,,362,1,,,0,75,,374,1,,,0,35,,359,1,,,0,75,,367,1,,,0,35,,363,1,,,0,75,,371,1,,,0,80,,355,1,,,0,38,,357,1,,,0,77,,360,1,,,0,75,,368,1,,,0,35,,364,1,,,0,75,,372,1,,,0,35,,356,1,,,0,105,,379,1,,,0,105,,378,1,,,0,145,,377,1,,,0,105,,376,1,,,0,105,,375,1,,,0
400,'Dimanche',915,,384,1,,,0,105,,385,1,,,0,105,,386,1,,,0,105,,387,1,,,0,105,,388,1,,,0,105,,389,1,,,0,105,,390,1,,,0,105,,381,1,,,0,105,,383,1,,,0,145,,382,1,,,0
400,'EventOff',615,,407,1,,,0,35,,391,1,,,0,80,,403,1,,,0,75,,399,1,,,0,36,,411,1,,,0,74,,396,1,,,0,35,,408,1,,,0,75,,392,1,,,0,75,,404,1,,,0,35,,400,1,,,0,75,,412,1,,,0,35,,397,1,,,0,75,,405,1,,,0,35,,401,1,,,0,75,,409,1,,,0,80,,393,1,,,0,38,,395,1,,,0,77,,398,1,,,0,75,,406,1,,,0,35,,402,1,,,0,75,,410,1,,,0,35,,394,1,,,0,105,,417,1,,,0,105,,416,1,,,0,145,,415,1,,,0,105,,414,1,,,0,105,,413,1,,,0
400,'EventOn',615,,434,1,,,0,35,,418,1,,,0,80,,430,1,,,0,75,,426,1,,,0,36,,438,1,,,0,74,,423,1,,,0,35,,435,1,,,0,75,,419,1,,,0,75,,431,1,,,0,35,,427,1,,,0,75,,439,1,,,0,35,,424,1,,,0,75,,432,1,,,0,35,,428,1,,,0,75,,436,1,,,0,80,,420,1,,,0,38,,422,1,,,0,77,,425,1,,,0,75,,433,1,,,0,35,,429,1,,,0,75,,437,1,,,0,35,,421,1,,,0,105,,444,1,,,0,105,,443,1,,,0,145,,442,1,,,0,105,,441,1,,,0,105,,440,1,,,0
400,'KerOffPriveOff',615,,463,1,,,0,35,,447,1,,,0,80,,459,1,,,0,75,,455,1,,,0,36,,467,1,,,0,74,,452,1,,,0,35,,464,1,,,0,75,,448,1,,,0,75,,460,1,,,0,35,,456,1,,,0,75,,468,1,,,0,35,,453,1,,,0,75,,461,1,,,0,35,,457,1,,,0,75,,465,1,,,0,80,,449,1,,,0,38,,451,1,,,0,77,,454,1,,,0,75,,462,1,,,0,35,,458,1,,,0,75,,466,1,,,0,35,,450,1,,,0,105,,473,1,,,0,105,,472,1,,,0,145,,471,1,,,0,105,,470,1,,,0,105,,469,1,,,0
400,'Samedi',645,,476,1,,,0,105,,477,1,,,0,105,,478,1,,,0,145,,479,1,,,0,105,,480,1,,,0,105,,481,1,,,0,105,,482,1,,,0,105,,483,1,,,0,105,,484,1,,,0,105,,485,1,,,0,105,,486,1,,,0,105,,487,1,,,0,105,,488,1,,,0,105,,489,1,,,0,105,,490,1,,,0,145,,491,1,,,0,105,,492,1,,,0
401,'CsRoyOff',645,,496,42,4,,0,81,,509,42,4,,0,75,,493,42,4,,0,36,,504,42,4,,0,75,,500,42,4,,0,35,,512,42,4,,0,74,,497,42,4,,0,36,,510,42,4,,0,75,,494,42,4,,0,75,,505,42,4,,0,35,,501,42,4,,0,75,,513,42,4,,0,34,,498,42,4,,0,75,,506,42,4,,0,76,,502,42,4,,0,38,,511,42,4,,0,79,,495,42,4,,0,38,,508,42,4,,0,76,,499,42,4,,0,74,,507,42,4,,0,34,,503,42,4,,0,107,,515,42,4,,0,105,,518,42,4,,0,105,,517,42,4,,0,145,,516,42,4,,0,105,,514,42,4,,0
401,'CsRoyOffKerOff',645,,523,42,4,,0,81,,536,42,4,,0,75,,520,42,4,,0,36,,531,42,4,,0,75,,527,42,4,,0,35,,539,42,4,,0,74,,524,42,4,,0,36,,537,42,4,,0,75,,521,42,4,,0,75,,532,42,4,,0,35,,528,42,4,,0,75,,540,42,4,,0,34,,525,42,4,,0,75,,533,42,4,,0,76,,529,42,4,,0,38,,538,42,4,,0,79,,522,42,4,,0,38,,535,42,4,,0,76,,526,42,4,,0,74,,534,42,4,,0,34,,530,42,4,,0,107,,542,42,4,,0,105,,545,42,4,,0,105,,544,42,4,,0,145,,543,42,4,,0,105,,541,42,4,,0
401,'Dimanche',911,,549,42,4,,0,106,,550,42,4,,0,105,,551,42,4,,0,105,,552,42,4,,0,105,,553,42,4,,0,105,,554,42,4,,0,106,,555,42,4,,0,104,,556,42,4,,0,105,,548,42,4,,0,104,,547,42,4,,0
401,'EventOff',645,,560,42,4,,0,81,,573,42,4,,0,75,,557,42,4,,0,36,,568,42,4,,0,75,,564,42,4,,0,35,,576,42,4,,0,74,,561,42,4,,0,36,,574,42,4,,0,75,,558,42,4,,0,75,,569,42,4,,0,35,,565,42,4,,0,75,,577,42,4,,0,34,,562,42,4,,0,75,,570,42,4,,0,76,,566,42,4,,0,38,,575,42,4,,0,79,,559,42,4,,0,38,,572,42,4,,0,76,,563,42,4,,0,74,,571,42,4,,0,34,,567,42,4,,0,107,,579,42,4,,0,105,,582,42,4,,0,105,,581,42,4,,0,145,,580,42,4,,0,105,,578,42,4,,0
401,'EventOn',645,,586,42,4,,0,81,,599,42,4,,0,75,,583,42,4,,0,36,,594,42,4,,0,75,,590,42,4,,0,35,,602,42,4,,0,74,,587,42,4,,0,36,,600,42,4,,0,75,,584,42,4,,0,75,,595,42,4,,0,35,,591,42,4,,0,75,,603,42,4,,0,34,,588,42,4,,0,75,,596,42,4,,0,76,,592,42,4,,0,38,,601,42,4,,0,79,,585,42,4,,0,38,,598,42,4,,0,76,,589,42,4,,0,74,,597,42,4,,0,34,,593,42,4,,0,107,,605,42,4,,0,105,,608,42,4,,0,105,,607,42,4,,0,145,,606,42,4,,0,105,,604,42,4,,0
401,'KerOffPriveOff',645,,613,42,4,,0,81,,626,42,4,,0,75,,610,42,4,,0,36,,621,42,4,,0,75,,617,42,4,,0,35,,629,42,4,,0,74,,614,42,4,,0,36,,627,42,4,,0,75,,611,42,4,,0,75,,622,42,4,,0,35,,618,42,4,,0,75,,630,42,4,,0,34,,615,42,4,,0,75,,623,42,4,,0,76,,619,42,4,,0,38,,628,42,4,,0,79,,612,42,4,,0,38,,625,42,4,,0,76,,616,42,4,,0,74,,624,42,4,,0,34,,620,42,4,,0,107,,632,42,4,,0,105,,635,42,4,,0,105,,634,42,4,,0,145,,633,42,4,,0,105,,631,42,4,,0
401,'Samedi',640,,637,42,4,,0,105,,638,42,4,,0,105,,639,42,4,,0,105,,640,42,4,,0,145,,641,42,4,,0,105,,642,42,4,,0,105,,643,42,4,,0,105,,644,42,4,,0,105,,645,42,4,,0,105,,646,42,4,,0,105,,647,42,4,,0,105,,648,42,4,,0,105,,649,42,4,,0,105,,650,42,4,,0,105,,651,42,4,,0,105,,652,42,4,,0,145,,653,42,4,,0
500,'CsRoyOff',615,,654,1,,,0,35,,663,1,,,0,65,,681,1,,,0,15,,671,1,,,0,75,,668,1,,,0,36,,659,1,,,0,74,,655,1,,,0,35,,664,1,,,0,75,,672,1,,,0,75,,667,1,,,0,35,,660,1,,,0,75,,656,1,,,0,35,,665,1,,,0,75,,673,1,,,0,35,,670,1,,,0,75,,661,1,,,0,80,,657,1,,,0,38,,666,1,,,0,77,,674,1,,,0,75,,669,1,,,0,35,,662,1,,,0,75,,658,1,,,0,35,,680,1,,,0,105,,679,1,,,0,105,,678,1,,,0,145,,677,1,,,0,105,,676,1,,,0,105,,675,1,,,0
500,'CsRoyOffKerOff',615,,682,1,,,0,35,,691,1,,,0,65,,709,1,,,0,15,,699,1,,,0,75,,696,1,,,0,36,,687,1,,,0,74,,683,1,,,0,35,,692,1,,,0,75,,700,1,,,0,75,,695,1,,,0,35,,688,1,,,0,75,,684,1,,,0,35,,693,1,,,0,75,,701,1,,,0,35,,698,1,,,0,75,,689,1,,,0,80,,685,1,,,0,38,,694,1,,,0,77,,702,1,,,0,75,,697,1,,,0,35,,690,1,,,0,75,,686,1,,,0,35,,708,1,,,0,105,,707,1,,,0,105,,706,1,,,0,145,,705,1,,,0,105,,704,1,,,0,105,,703,1,,,0
500,'Dimanche',915,,712,1,,,0,105,,715,1,,,0,105,,714,1,,,0,105,,716,1,,,0,105,,717,1,,,0,105,,718,1,,,0,105,,719,1,,,0,105,,713,1,,,0,105,,710,1,,,0,145,,711,1,,,0
500,'EventOff',615,,720,1,,,0,35,,729,1,,,0,65,,747,1,,,0,15,,737,1,,,0,75,,734,1,,,0,36,,725,1,,,0,74,,721,1,,,0,35,,730,1,,,0,75,,738,1,,,0,75,,733,1,,,0,35,,726,1,,,0,75,,722,1,,,0,35,,731,1,,,0,75,,739,1,,,0,35,,736,1,,,0,75,,727,1,,,0,80,,723,1,,,0,38,,732,1,,,0,77,,740,1,,,0,75,,735,1,,,0,35,,728,1,,,0,75,,724,1,,,0,35,,746,1,,,0,105,,745,1,,,0,105,,744,1,,,0,145,,743,1,,,0,105,,742,1,,,0,105,,741,1,,,0
500,'EventOn',615,,748,1,,,0,35,,757,1,,,0,65,,775,1,,,0,15,,765,1,,,0,75,,762,1,,,0,36,,753,1,,,0,74,,749,1,,,0,35,,758,1,,,0,75,,766,1,,,0,75,,761,1,,,0,35,,754,1,,,0,75,,750,1,,,0,35,,759,1,,,0,75,,767,1,,,0,35,,764,1,,,0,75,,755,1,,,0,80,,751,1,,,0,38,,760,1,,,0,52,,776,1,,,0,25,,768,1,,,0,75,,763,1,,,0,35,,756,1,,,0,75,,752,1,,,0,35,,774,1,,,0,105,,773,1,,,0,105,,772,1,,,0,145,,771,1,,,0,105,,770,1,,,0,105,,769,1,,,0
500,'KerOffPriveOff',615,,777,1,,,0,35,,786,1,,,0,65,,804,1,,,0,15,,794,1,,,0,75,,791,1,,,0,36,,782,1,,,0,74,,778,1,,,0,35,,787,1,,,0,75,,795,1,,,0,75,,790,1,,,0,35,,783,1,,,0,75,,779,1,,,0,35,,788,1,,,0,75,,796,1,,,0,35,,793,1,,,0,75,,784,1,,,0,80,,780,1,,,0,38,,789,1,,,0,52,,805,1,,,0,25,,797,1,,,0,75,,792,1,,,0,35,,785,1,,,0,75,,781,1,,,0,35,,803,1,,,0,105,,802,1,,,0,105,,801,1,,,0,145,,800,1,,,0,105,,799,1,,,0,105,,798,1,,,0
500,'Samedi',645,,817,1,,,0,105,,806,1,,,0,105,,812,1,,,0,145,,818,1,,,0,105,,807,1,,,0,105,,813,1,,,0,105,,819,1,,,0,105,,808,1,,,0,105,,814,1,,,0,105,,820,1,,,0,105,,809,1,,,0,105,,815,1,,,0,105,,821,1,,,0,105,,810,1,,,0,105,,816,1,,,0,145,,822,1,,,0,105,,811,1,,,0
501,'CsRoyOff',642,,840,27,4,,0,79,,837,27,4,,0,36,,827,27,4,,0,76,,823,27,4,,0,74,,833,27,4,,0,36,,841,27,4,,0,74,,831,27,4,,0,35,,828,27,4,,0,75,,824,27,4,,0,76,,834,27,4,,0,35,,842,27,4,,0,75,,832,27,4,,0,35,,829,27,4,,0,75,,825,27,4,,0,34,,835,27,4,,0,77,,843,27,4,,0,1,,850,2,4,,0,77,,839,27,4,,0,38,,830,27,4,,0,77,,826,27,4,,0,75,,836,27,4,,0,35,,844,27,4,,0,75,,838,27,4,,0,35,,849,27,4,,0,97,,848,27,4,,0,105,,847,27,4,,0,105,,846,27,4,,0,105,,845,27,4,,0
501,'CsRoyOffKerOff',642,,868,27,4,,0,79,,865,27,4,,0,36,,855,27,4,,0,76,,851,27,4,,0,74,,861,27,4,,0,36,,869,27,4,,0,74,,859,27,4,,0,35,,856,27,4,,0,75,,852,27,4,,0,76,,862,27,4,,0,35,,870,27,4,,0,75,,860,27,4,,0,35,,857,27,4,,0,75,,853,27,4,,0,34,,863,27,4,,0,77,,871,27,4,,0,1,,878,2,4,,0,77,,867,27,4,,0,38,,858,27,4,,0,77,,854,27,4,,0,75,,864,27,4,,0,35,,872,27,4,,0,75,,866,27,4,,0,35,,877,27,4,,0,97,,876,27,4,,0,105,,875,27,4,,0,105,,874,27,4,,0,105,,873,27,4,,0
501,'Dimanche',903,,882,27,4,,0,105,,881,27,4,,0,105,,883,27,4,,0,105,,885,27,4,,0,105,,884,27,4,,0,106,,886,27,4,,0,105,,887,27,4,,0,105,,888,27,4,,0,105,,879,27,4,,0,105,,880,27,4,,0
501,'EventOff',642,,906,27,4,,0,79,,903,27,4,,0,36,,893,27,4,,0,76,,889,27,4,,0,74,,899,27,4,,0,36,,907,27,4,,0,74,,897,27,4,,0,35,,894,27,4,,0,75,,890,27,4,,0,76,,900,27,4,,0,35,,908,27,4,,0,75,,898,27,4,,0,35,,895,27,4,,0,75,,891,27,4,,0,34,,901,27,4,,0,77,,909,27,4,,0,78,,905,27,4,,0,38,,896,27,4,,0,77,,892,27,4,,0,75,,902,27,4,,0,35,,910,27,4,,0,75,,904,27,4,,0,35,,915,27,4,,0,97,,914,27,4,,0,105,,913,27,4,,0,105,,912,27,4,,0,105,,911,27,4,,0
501,'EventOn',642,,933,27,4,,0,79,,930,27,4,,0,36,,920,27,4,,0,76,,916,27,4,,0,74,,926,27,4,,0,36,,934,27,4,,0,74,,924,27,4,,0,35,,921,27,4,,0,75,,917,27,4,,0,76,,927,27,4,,0,35,,935,27,4,,0,75,,925,27,4,,0,35,,922,27,4,,0,75,,918,27,4,,0,34,,928,27,4,,0,77,,936,27,4,,0,1,,943,2,4,,0,77,,932,27,4,,0,38,,923,27,4,,0,77,,919,27,4,,0,75,,929,27,4,,0,35,,937,27,4,,0,75,,931,27,4,,0,35,,942,27,4,,0,97,,941,27,4,,0,105,,940,27,4,,0,105,,939,27,4,,0,105,,938,27,4,,0
501,'KerOffPriveOff',642,,961,27,4,,0,79,,958,27,4,,0,36,,948,27,4,,0,76,,944,27,4,,0,74,,954,27,4,,0,36,,962,27,4,,0,74,,952,27,4,,0,35,,949,27,4,,0,75,,945,27,4,,0,76,,955,27,4,,0,35,,963,27,4,,0,75,,953,27,4,,0,35,,950,27,4,,0,75,,946,27,4,,0,34,,956,27,4,,0,77,,964,27,4,,0,78,,960,27,4,,0,38,,951,27,4,,0,77,,947,27,4,,0,75,,957,27,4,,0,35,,965,27,4,,0,75,,959,27,4,,0,35,,970,27,4,,0,97,,969,27,4,,0,105,,968,27,4,,0,105,,967,27,4,,0,105,,966,27,4,,0
501,'Samedi',632,,971,27,4,,0,105,,977,27,4,,0,106,,983,27,4,,0,105,,972,27,4,,0,105,,978,27,4,,0,105,,984,27,4,,0,145,,973,27,4,,0,106,,979,27,4,,0,105,,985,27,4,,0,105,,974,27,4,,0,105,,980,27,4,,0,105,,986,27,4,,0,103,,975,27,4,,0,105,,981,27,4,,0,105,,987,27,4,,0,105,,976,27,4,,0,105,,982,27,4,,0
1000,'CsRoyOff',615,,1850,1,,,0,35,,1857,1,,,0,80,,1855,1,,,0,75,,1845,1,,,0,36,,1839,1,,,0,74,,1851,1,,,0,35,,1858,1,,,0,75,,1849,1,,,0,75,,1846,1,,,0,35,,1840,1,,,0,75,,1852,1,,,0,35,,1859,1,,,0,75,,1843,1,,,0,35,,1847,1,,,0,75,,1841,1,,,0,80,,1853,1,,,0,38,,1860,1,,,0,77,,1856,1,,,0,75,,1848,1,,,0,35,,1842,1,,,0,75,,1854,1,,,0,35,,1861,1,,,0,105,,1866,1,,,0,105,,1865,1,,,0,145,,1862,1,,,0,105,,1863,1,,,0,105,,1864,1,,,0
1000,'CsRoyOffKerOff',615,,1878,1,,,0,35,,1885,1,,,0,80,,1883,1,,,0,75,,1873,1,,,0,36,,1867,1,,,0,74,,1879,1,,,0,35,,1886,1,,,0,75,,1877,1,,,0,75,,1874,1,,,0,35,,1868,1,,,0,75,,1880,1,,,0,35,,1887,1,,,0,75,,1871,1,,,0,35,,1875,1,,,0,75,,1869,1,,,0,80,,1881,1,,,0,38,,1888,1,,,0,77,,1884,1,,,0,75,,1876,1,,,0,35,,1870,1,,,0,75,,1882,1,,,0,35,,1889,1,,,0,105,,1894,1,,,0,105,,1893,1,,,0,145,,1890,1,,,0,105,,1891,1,,,0,105,,1892,1,,,0
1000,'Dimanche',915,,1896,1,,,0,105,,1898,1,,,0,105,,1899,1,,,0,105,,1901,1,,,0,105,,1902,1,,,0,105,,1903,1,,,0,105,,1904,1,,,0,105,,1900,1,,,0,105,,1897,1,,,0,145,,1895,1,,,0
1000,'EventOff',615,,1917,1,,,0,35,,1924,1,,,0,80,,1922,1,,,0,75,,1912,1,,,0,36,,1906,1,,,0,74,,1918,1,,,0,35,,1925,1,,,0,75,,1916,1,,,0,75,,1913,1,,,0,35,,1907,1,,,0,75,,1919,1,,,0,35,,1926,1,,,0,75,,1910,1,,,0,35,,1914,1,,,0,75,,1908,1,,,0,80,,1920,1,,,0,38,,1927,1,,,0,77,,1923,1,,,0,75,,1915,1,,,0,35,,1909,1,,,0,75,,1921,1,,,0,35,,1928,1,,,0,105,,1933,1,,,0,105,,1932,1,,,0,145,,1929,1,,,0,105,,1930,1,,,0,105,,1931,1,,,0
1000,'EventOn',615,,1945,1,,,0,35,,1952,1,,,0,80,,1950,1,,,0,75,,1940,1,,,0,36,,1934,1,,,0,74,,1946,1,,,0,35,,1953,1,,,0,75,,1944,1,,,0,75,,1941,1,,,0,35,,1935,1,,,0,75,,1947,1,,,0,35,,1954,1,,,0,75,,1938,1,,,0,35,,1942,1,,,0,75,,1936,1,,,0,80,,1948,1,,,0,38,,1955,1,,,0,77,,1951,1,,,0,75,,1943,1,,,0,35,,1937,1,,,0,75,,1949,1,,,0,35,,1956,1,,,0,105,,1961,1,,,0,105,,1960,1,,,0,145,,1957,1,,,0,105,,1958,1,,,0,105,,1959,1,,,0
1000,'KerOffPriveOff',615,,1973,1,,,0,35,,1980,1,,,0,80,,1978,1,,,0,75,,1968,1,,,0,36,,1962,1,,,0,74,,1974,1,,,0,35,,1981,1,,,0,75,,1972,1,,,0,75,,1969,1,,,0,35,,1963,1,,,0,75,,1975,1,,,0,35,,1982,1,,,0,75,,1966,1,,,0,35,,1970,1,,,0,75,,1964,1,,,0,80,,1976,1,,,0,38,,1983,1,,,0,77,,1979,1,,,0,75,,1971,1,,,0,35,,1965,1,,,0,75,,1977,1,,,0,35,,1984,1,,,0,105,,1989,1,,,0,105,,1988,1,,,0,145,,1985,1,,,0,105,,1986,1,,,0,105,,1987,1,,,0
1000,'Samedi',645,,1990,1,,,0,105,,1991,1,,,0,105,,1992,1,,,0,145,,1993,1,,,0,105,,1994,1,,,0,105,,1995,1,,,0,105,,1996,1,,,0,105,,1997,1,,,0,105,,1998,1,,,0,105,,1999,1,,,0,105,,2000,1,,,0,105,,2001,1,,,0,105,,2002,1,,,0,105,,2003,1,,,0,105,,2004,1,,,0,145,,2005,1,,,0,105,,2006,1,,,0
1001,'CsRoyOff',646,,2008,29,4,,0,72,,2017,29,4,,0,41,,2025,29,4,,0,74,,2022,29,4,,0,73,,2013,29,4,,0,36,,2009,29,4,,0,74,,2018,29,4,,0,35,,2026,29,4,,0,78,,2021,29,4,,0,72,,2014,29,4,,0,36,,2010,29,4,,0,73,,2019,29,4,,0,35,,2027,29,4,,0,67,,2024,29,4,,0,40,,2015,29,4,,0,71,,2011,29,4,,0,83,,2020,29,4,,0,38,,2028,29,4,,0,80,,2023,29,4,,0,34,,2016,29,4,,0,78,,2012,29,4,,0,104,,2029,29,4,,0,105,,2033,29,4,,0,105,,2032,29,4,,0,105,,2030,29,4,,0,145,,2031,29,4,,0
1001,'CsRoyOffKerOff',646,,2034,29,4,,0,72,,2043,29,4,,0,41,,2051,29,4,,0,74,,2048,29,4,,0,73,,2039,29,4,,0,36,,2035,29,4,,0,74,,2044,29,4,,0,35,,2052,29,4,,0,78,,2047,29,4,,0,72,,2040,29,4,,0,36,,2036,29,4,,0,73,,2045,29,4,,0,35,,2053,29,4,,0,67,,2050,29,4,,0,40,,2041,29,4,,0,71,,2037,29,4,,0,83,,2046,29,4,,0,38,,2054,29,4,,0,80,,2049,29,4,,0,34,,2042,29,4,,0,78,,2038,29,4,,0,104,,2055,29,4,,0,105,,2059,29,4,,0,105,,2058,29,4,,0,105,,2056,29,4,,0,145,,2057,29,4,,0
1001,'Dimanche',907,,2062,29,4,,0,106,,2063,29,4,,0,104,,2064,29,4,,0,105,,2065,29,4,,0,106,,2066,29,4,,0,105,,2067,29,4,,0,103,,2068,29,4,,0,104,,2069,29,4,,0,106,,2061,29,4,,0,104,,2060,29,4,,0
1001,'EventOff',646,,2070,29,4,,0,72,,2079,29,4,,0,41,,2087,29,4,,0,74,,2084,29,4,,0,73,,2075,29,4,,0,36,,2071,29,4,,0,74,,2080,29,4,,0,35,,2088,29,4,,0,78,,2083,29,4,,0,72,,2076,29,4,,0,36,,2072,29,4,,0,73,,2081,29,4,,0,35,,2089,29,4,,0,67,,2086,29,4,,0,40,,2077,29,4,,0,71,,2073,29,4,,0,83,,2082,29,4,,0,38,,2090,29,4,,0,80,,2085,29,4,,0,34,,2078,29,4,,0,78,,2074,29,4,,0,104,,2091,29,4,,0,105,,2095,29,4,,0,105,,2094,29,4,,0,105,,2092,29,4,,0,145,,2093,29,4,,0
1001,'EventOn',646,,2096,29,4,,0,72,,2105,29,4,,0,41,,2113,29,4,,0,74,,2110,29,4,,0,73,,2101,29,4,,0,36,,2097,29,4,,0,74,,2106,29,4,,0,35,,2114,29,4,,0,78,,2109,29,4,,0,72,,2102,29,4,,0,36,,2098,29,4,,0,73,,2107,29,4,,0,35,,2115,29,4,,0,67,,2112,29,4,,0,40,,2103,29,4,,0,71,,2099,29,4,,0,83,,2108,29,4,,0,38,,2116,29,4,,0,80,,2111,29,4,,0,34,,2104,29,4,,0,78,,2100,29,4,,0,104,,2117,29,4,,0,105,,2121,29,4,,0,105,,2120,29,4,,0,105,,2118,29,4,,0,145,,2119,29,4,,0
1001,'KerOffPriveOff',646,,2122,29,4,,0,72,,2131,29,4,,0,41,,2139,29,4,,0,74,,2136,29,4,,0,73,,2127,29,4,,0,36,,2123,29,4,,0,74,,2132,29,4,,0,35,,2140,29,4,,0,78,,2135,29,4,,0,72,,2128,29,4,,0,36,,2124,29,4,,0,73,,2133,29,4,,0,35,,2141,29,4,,0,67,,2138,29,4,,0,40,,2129,29,4,,0,71,,2125,29,4,,0,83,,2134,29,4,,0,38,,2142,29,4,,0,80,,2137,29,4,,0,34,,2130,29,4,,0,78,,2126,29,4,,0,104,,2143,29,4,,0,105,,2147,29,4,,0,105,,2146,29,4,,0,105,,2144,29,4,,0,145,,2145,29,4,,0
1001,'Samedi',637,,2148,29,4,,0,104,,2149,29,4,,0,105,,2150,29,4,,0,106,,2151,29,4,,0,105,,2152,29,4,,0,144,,2153,29,4,,0,106,,2154,29,4,,0,105,,2155,29,4,,0,105,,2156,29,4,,0,104,,2157,29,4,,0,104,,2158,29,4,,0,106,,2159,29,4,,0,105,,2160,29,4,,0,105,,2161,29,4,,0,105,,2162,29,4,,0,105,,2163,29,4,,0,105,,2164,29,4,,0
1100,'CsRoyOff',615,,2185,1,,,0,35,,2169,1,,,0,80,,2181,1,,,0,75,,2165,1,,,0,36,,2176,1,,,0,74,,2173,1,,,0,35,,2186,1,,,0,75,,2170,1,,,0,75,,2182,1,,,0,35,,2166,1,,,0,75,,2177,1,,,0,35,,2174,1,,,0,75,,2183,1,,,0,35,,2167,1,,,0,75,,2180,1,,,0,80,,2171,1,,,0,38,,2178,1,,,0,77,,2175,1,,,0,75,,2184,1,,,0,35,,2168,1,,,0,75,,2179,1,,,0,35,,2172,1,,,0,105,,2190,1,,,0,105,,2191,1,,,0,145,,2189,1,,,0,105,,2188,1,,,0,105,,2187,1,,,0
1100,'CsRoyOffKerOff',615,,2213,1,,,0,35,,2197,1,,,0,80,,2209,1,,,0,75,,2193,1,,,0,36,,2204,1,,,0,74,,2201,1,,,0,35,,2214,1,,,0,75,,2198,1,,,0,75,,2210,1,,,0,35,,2194,1,,,0,75,,2205,1,,,0,35,,2202,1,,,0,75,,2211,1,,,0,35,,2195,1,,,0,75,,2208,1,,,0,80,,2199,1,,,0,38,,2206,1,,,0,77,,2203,1,,,0,75,,2212,1,,,0,35,,2196,1,,,0,75,,2207,1,,,0,35,,2200,1,,,0,105,,2218,1,,,0,105,,2219,1,,,0,145,,2217,1,,,0,105,,2216,1,,,0,105,,2215,1,,,0
1100,'Dimanche',915,,2224,1,,,0,105,,2226,1,,,0,105,,2225,1,,,0,105,,2227,1,,,0,105,,2228,1,,,0,105,,2229,1,,,0,105,,2230,1,,,0,105,,2222,1,,,0,105,,2221,1,,,0,145,,2223,1,,,0
1100,'EventOff',615,,2251,1,,,0,35,,2235,1,,,0,80,,2247,1,,,0,75,,2231,1,,,0,36,,2242,1,,,0,74,,2239,1,,,0,35,,2252,1,,,0,75,,2236,1,,,0,75,,2248,1,,,0,35,,2232,1,,,0,75,,2243,1,,,0,35,,2240,1,,,0,75,,2249,1,,,0,35,,2233,1,,,0,75,,2246,1,,,0,80,,2237,1,,,0,38,,2244,1,,,0,77,,2241,1,,,0,75,,2250,1,,,0,35,,2234,1,,,0,75,,2245,1,,,0,35,,2238,1,,,0,105,,2256,1,,,0,105,,2257,1,,,0,145,,2255,1,,,0,105,,2254,1,,,0,105,,2253,1,,,0
1100,'EventOn',615,,2278,1,,,0,35,,2262,1,,,0,80,,2274,1,,,0,75,,2258,1,,,0,9,,2286,1,0,11 12 13,0,3,,2285,1,0,11 12 13,0,24,,2269,1,,,0,74,,2266,1,,,0,35,,2279,1,,,0,75,,2263,1,,,0,75,,2275,1,,,0,35,,2259,1,,,0,75,,2270,1,,,0,35,,2267,1,,,0,75,,2276,1,,,0,35,,2260,1,,,0,75,,2273,1,,,0,80,,2264,1,,,0,38,,2271,1,,,0,77,,2268,1,,,0,75,,2277,1,,,0,35,,2261,1,,,0,75,,2272,1,,,0,35,,2265,1,,,0,105,,2283,1,,,0,105,,2284,1,,,0,145,,2282,1,,,0,105,,2281,1,,,0,105,,2280,1,,,0
1100,'KerOffPriveOff',615,,2309,1,,,0,35,,2293,1,,,0,80,,2305,1,,,0,75,,2289,1,,,0,9,,2317,1,0,11 12 13,0,3,,2316,1,0,11 12 13,0,24,,2300,1,,,0,74,,2297,1,,,0,35,,2310,1,,,0,75,,2294,1,,,0,75,,2306,1,,,0,35,,2290,1,,,0,75,,2301,1,,,0,35,,2298,1,,,0,75,,2307,1,,,0,35,,2291,1,,,0,75,,2304,1,,,0,80,,2295,1,,,0,38,,2302,1,,,0,77,,2299,1,,,0,75,,2308,1,,,0,35,,2292,1,,,0,75,,2303,1,,,0,35,,2296,1,,,0,105,,2314,1,,,0,105,,2315,1,,,0,145,,2313,1,,,0,105,,2312,1,,,0,105,,2311,1,,,0
1100,'Samedi',645,,2319,1,,,0,105,,2328,1,,,0,105,,2320,1,,,0,145,,2329,1,,,0,105,,2321,1,,,0,105,,2330,1,,,0,105,,2322,1,,,0,105,,2331,1,,,0,105,,2323,1,,,0,105,,2332,1,,,0,105,,2324,1,,,0,105,,2333,1,,,0,105,,2325,1,,,0,105,,2334,1,,,0,105,,2326,1,,,0,145,,2335,1,,,0,105,,2327,1,,,0
1101,'CsRoyOff',642,,2344,38,4,,0,80,,2355,38,4,,0,36,,2363,38,4,,0,1,,2341,38,4,,0,73,,2351,38,4,,0,73,,2336,38,4,,0,35,,2348,38,4,,0,75,,2345,38,4,,0,35,,2356,38,4,,0,76,,2342,38,4,,0,75,,2352,38,4,,0,35,,2337,38,4,,0,75,,2349,38,4,,0,35,,2346,38,4,,0,76,,2353,38,4,,0,35,,2338,38,4,,0,81,,2340,38,4,,0,76,,2343,38,4,,0,39,,2350,38,4,,0,74,,2347,38,4,,0,74,,2354,38,4,,0,34,,2339,38,4,,0,73,,2361,38,4,,0,35,,2362,38,4,,0,102,,2360,38,4,,0,105,,2359,38,4,,0,105,,2358,38,4,,0,104,,2357,38,4,,0
1101,'CsRoyOffKerOff',642,,2373,38,4,,0,80,,2384,38,4,,0,36,,2392,38,4,,0,1,,2370,38,4,,0,73,,2380,38,4,,0,73,,2365,38,4,,0,35,,2377,38,4,,0,75,,2374,38,4,,0,35,,2385,38,4,,0,76,,2371,38,4,,0,75,,2381,38,4,,0,35,,2366,38,4,,0,75,,2378,38,4,,0,35,,2375,38,4,,0,76,,2382,38,4,,0,35,,2367,38,4,,0,81,,2369,38,4,,0,76,,2372,38,4,,0,39,,2379,38,4,,0,74,,2376,38,4,,0,74,,2383,38,4,,0,34,,2368,38,4,,0,73,,2390,38,4,,0,35,,2391,38,4,,0,102,,2389,38,4,,0,105,,2388,38,4,,0,105,,2387,38,4,,0,104,,2386,38,4,,0
1101,'Dimanche',906,,2397,38,4,,0,105,,2396,38,4,,0,106,,2398,38,4,,0,105,,2399,38,4,,0,105,,2400,38,4,,0,105,,2401,38,4,,0,105,,2402,38,4,,0,105,,2403,38,4,,0,105,,2395,38,4,,0,104,,2394,38,4,,0
1101,'EventOff',642,,2412,38,4,,0,80,,2423,38,4,,0,37,,2409,38,4,,0,73,,2419,38,4,,0,73,,2404,38,4,,0,35,,2416,38,4,,0,75,,2413,38,4,,0,35,,2424,38,4,,0,76,,2410,38,4,,0,75,,2420,38,4,,0,35,,2405,38,4,,0,75,,2417,38,4,,0,35,,2414,38,4,,0,76,,2421,38,4,,0,35,,2406,38,4,,0,81,,2408,38,4,,0,76,,2411,38,4,,0,39,,2418,38,4,,0,74,,2415,38,4,,0,74,,2422,38,4,,0,34,,2407,38,4,,0,73,,2429,38,4,,0,35,,2430,38,4,,0,102,,2428,38,4,,0,105,,2427,38,4,,0,105,,2426,38,4,,0,104,,2425,38,4,,0
1101,'EventOn',642,,2439,38,4,,0,80,,2450,38,4,,0,36,,2458,38,4,,0,1,,2436,38,4,,0,73,,2446,38,4,,0,73,,2431,38,4,,0,35,,2443,38,4,,0,75,,2440,38,4,,0,35,,2451,38,4,,0,76,,2437,38,4,,0,75,,2447,38,4,,0,35,,2432,38,4,,0,75,,2444,38,4,,0,35,,2441,38,4,,0,76,,2448,38,4,,0,35,,2433,38,4,,0,81,,2435,38,4,,0,20,,2460,14,4,,0,56,,2438,38,4,,0,39,,2445,38,4,,0,74,,2442,38,4,,0,74,,2449,38,4,,0,34,,2434,38,4,,0,73,,2456,38,4,,0,35,,2457,38,4,,0,102,,2455,38,4,,0,105,,2454,38,4,,0,105,,2453,38,4,,0,104,,2452,38,4,,0
1101,'KerOffPriveOff',642,,2470,38,4,,0,80,,2481,38,4,,0,37,,2467,38,4,,0,73,,2477,38,4,,0,73,,2462,38,4,,0,35,,2474,38,4,,0,75,,2471,38,4,,0,35,,2482,38,4,,0,76,,2468,38,4,,0,75,,2478,38,4,,0,35,,2463,38,4,,0,75,,2475,38,4,,0,35,,2472,38,4,,0,76,,2479,38,4,,0,35,,2464,38,4,,0,81,,2466,38,4,,0,20,,2491,14,4,,0,56,,2469,38,4,,0,39,,2476,38,4,,0,74,,2473,38,4,,0,74,,2480,38,4,,0,34,,2465,38,4,,0,73,,2487,38,4,,0,35,,2488,38,4,,0,102,,2486,38,4,,0,105,,2485,38,4,,0,105,,2484,38,4,,0,104,,2483,38,4,,0
1101,'Samedi',635,,2500,38,4,,0,105,,2492,38,4,,0,105,,2501,38,4,,0,107,,2493,38,4,,0,105,,2502,38,4,,0,145,,2494,38,4,,0,105,,2503,38,4,,0,104,,2495,38,4,,0,105,,2504,38,4,,0,106,,2496,38,4,,0,106,,2505,38,4,,0,103,,2497,38,4,,0,105,,2506,38,4,,0,105,,2498,38,4,,0,105,,2507,38,4,,0,105,,2499,38,4,,0,105,,2508,38,4,,0
1300,'CsRoyOff',615,,2737,1,,,0,35,,2726,1,,,0,80,,2743,1,,,0,75,,2732,1,,,0,36,,2738,1,,,0,74,,2727,1,,,0,35,,2744,1,,,0,75,,2733,1,,,0,75,,2739,1,,,0,35,,2728,1,,,0,75,,2745,1,,,0,35,,2734,1,,,0,75,,2740,1,,,0,35,,2729,1,,,0,75,,2746,1,,,0,80,,2735,1,,,0,38,,2741,1,,,0,77,,2730,1,,,0,75,,2747,1,,,0,35,,2736,1,,,0,75,,2742,1,,,0,35,,2731,1,,,0,105,,2752,1,,,0,105,,2751,1,,,0,145,,2750,1,,,0,105,,2749,1,,,0,105,,2748,1,,,0
1300,'CsRoyOffKerOff',615,,2764,1,,,0,35,,2753,1,,,0,80,,2770,1,,,0,75,,2759,1,,,0,36,,2765,1,,,0,74,,2754,1,,,0,35,,2771,1,,,0,75,,2760,1,,,0,75,,2766,1,,,0,35,,2755,1,,,0,75,,2772,1,,,0,35,,2761,1,,,0,75,,2767,1,,,0,35,,2756,1,,,0,75,,2773,1,,,0,80,,2762,1,,,0,38,,2768,1,,,0,77,,2757,1,,,0,75,,2774,1,,,0,35,,2763,1,,,0,75,,2769,1,,,0,35,,2758,1,,,0,105,,2779,1,,,0,105,,2778,1,,,0,145,,2777,1,,,0,105,,2776,1,,,0,105,,2775,1,,,0
1300,'Dimanche',915,,2783,1,,,0,105,,2784,1,,,0,105,,2785,1,,,0,105,,2786,1,,,0,105,,2787,1,,,0,105,,2788,1,,,0,105,,2789,1,,,0,105,,2782,1,,,0,105,,2780,1,,,0,145,,2781,1,,,0
1300,'EventOff',615,,2801,1,,,0,35,,2790,1,,,0,80,,2807,1,,,0,75,,2796,1,,,0,36,,2802,1,,,0,74,,2791,1,,,0,35,,2808,1,,,0,75,,2797,1,,,0,75,,2803,1,,,0,35,,2792,1,,,0,75,,2809,1,,,0,35,,2798,1,,,0,75,,2804,1,,,0,35,,2793,1,,,0,75,,2810,1,,,0,80,,2799,1,,,0,38,,2805,1,,,0,77,,2794,1,,,0,75,,2811,1,,,0,35,,2800,1,,,0,75,,2806,1,,,0,35,,2795,1,,,0,105,,2816,1,,,0,105,,2815,1,,,0,145,,2814,1,,,0,105,,2813,1,,,0,105,,2812,1,,,0
1300,'EventOn',615,,2828,1,,,0,35,,2817,1,,,0,80,,2834,1,,,0,75,,2823,1,,,0,36,,2829,1,,,0,74,,2818,1,,,0,35,,2835,1,,,0,75,,2824,1,,,0,75,,2830,1,,,0,35,,2819,1,,,0,75,,2836,1,,,0,35,,2825,1,,,0,75,,2831,1,,,0,35,,2820,1,,,0,75,,2837,1,,,0,80,,2826,1,,,0,38,,2832,1,,,0,52,,2846,1,,,0,25,,2821,1,,,0,75,,2838,1,,,0,35,,2827,1,,,0,75,,2833,1,,,0,35,,2822,1,,,0,105,,2843,1,,,0,105,,2842,1,,,0,145,,2841,1,,,0,105,,2840,1,,,0,105,,2839,1,,,0
1300,'KerOffPriveOff',615,,2858,1,,,0,35,,2847,1,,,0,80,,2864,1,,,0,75,,2853,1,,,0,36,,2859,1,,,0,74,,2848,1,,,0,35,,2865,1,,,0,75,,2854,1,,,0,75,,2860,1,,,0,35,,2849,1,,,0,75,,2866,1,,,0,35,,2855,1,,,0,75,,2861,1,,,0,35,,2850,1,,,0,75,,2867,1,,,0,80,,2856,1,,,0,38,,2862,1,,,0,52,,2876,1,,,0,25,,2851,1,,,0,75,,2868,1,,,0,35,,2857,1,,,0,75,,2863,1,,,0,35,,2852,1,,,0,105,,2873,1,,,0,105,,2872,1,,,0,145,,2871,1,,,0,105,,2870,1,,,0,105,,2869,1,,,0
1300,'Samedi',645,,2885,1,,,0,105,,2877,1,,,0,105,,2886,1,,,0,145,,2878,1,,,0,105,,2887,1,,,0,105,,2879,1,,,0,105,,2888,1,,,0,105,,2880,1,,,0,105,,2889,1,,,0,105,,2881,1,,,0,105,,2890,1,,,0,105,,2882,1,,,0,105,,2891,1,,,0,105,,2883,1,,,0,105,,2892,1,,,0,145,,2884,1,,,0,105,,2893,1,,,0
1301,'CsRoyOff',645,,2899,47,4,,0,80,,2905,47,4,,0,34,,2894,47,4,,0,79,,2910,47,4,,0,73,,2900,47,4,,0,34,,2906,47,4,,0,74,,2895,47,4,,0,35,,2911,47,4,,0,78,,2901,47,4,,0,74,,2907,47,4,,0,35,,2896,47,4,,0,75,,2912,47,4,,0,34,,2902,47,4,,0,75,,2908,47,4,,0,80,,2897,47,4,,0,40,,2913,47,4,,0,77,,2903,47,4,,0,35,,2909,47,4,,0,77,,2898,47,4,,0,75,,2914,47,4,,0,34,,2904,47,4,,0,105,,2915,47,4,,0,104,,2919,47,4,,0,105,,2918,47,4,,0,145,,2917,47,4,,0,105,,2916,47,4,,0
1301,'CsRoyOffKerOff',645,,2926,47,4,,0,80,,2932,47,4,,0,34,,2921,47,4,,0,79,,2937,47,4,,0,73,,2927,47,4,,0,34,,2933,47,4,,0,74,,2922,47,4,,0,35,,2938,47,4,,0,78,,2928,47,4,,0,74,,2934,47,4,,0,35,,2923,47,4,,0,75,,2939,47,4,,0,34,,2929,47,4,,0,75,,2935,47,4,,0,80,,2924,47,4,,0,40,,2940,47,4,,0,77,,2930,47,4,,0,35,,2936,47,4,,0,77,,2925,47,4,,0,75,,2941,47,4,,0,34,,2931,47,4,,0,105,,2942,47,4,,0,104,,2946,47,4,,0,105,,2945,47,4,,0,145,,2944,47,4,,0,105,,2943,47,4,,0
1301,'Dimanche',912,,2948,47,4,,0,104,,2949,47,4,,0,105,,2950,47,4,,0,106,,2953,47,4,,0,106,,2952,47,4,,0,105,,2954,47,4,,0,104,,2955,47,4,,0,105,,2956,47,4,,0,105,,2951,47,4,,0,105,,2947,47,4,,0
1301,'EventOff',645,,2962,47,4,,0,80,,2968,47,4,,0,34,,2957,47,4,,0,79,,2973,47,4,,0,73,,2963,47,4,,0,34,,2969,47,4,,0,74,,2958,47,4,,0,35,,2974,47,4,,0,78,,2964,47,4,,0,74,,2970,47,4,,0,35,,2959,47,4,,0,75,,2975,47,4,,0,34,,2965,47,4,,0,75,,2971,47,4,,0,80,,2960,47,4,,0,40,,2976,47,4,,0,77,,2966,47,4,,0,35,,2972,47,4,,0,77,,2961,47,4,,0,75,,2977,47,4,,0,34,,2967,47,4,,0,105,,2978,47,4,,0,104,,2982,47,4,,0,105,,2981,47,4,,0,145,,2980,47,4,,0,105,,2979,47,4,,0
1301,'EventOn',645,,2988,47,4,,0,80,,2994,47,4,,0,34,,2983,47,4,,0,57,,3010,15,4,,0,22,,2999,47,4,,0,73,,2989,47,4,,0,34,,2995,47,4,,0,74,,2984,47,4,,0,35,,3000,47,4,,0,78,,2990,47,4,,0,74,,2996,47,4,,0,35,,2985,47,4,,0,75,,3001,47,4,,0,34,,2991,47,4,,0,75,,2997,47,4,,0,80,,2986,47,4,,0,40,,3002,47,4,,0,77,,2992,47,4,,0,35,,2998,47,4,,0,77,,2987,47,4,,0,75,,3003,47,4,,0,34,,2993,47,4,,0,105,,3004,47,4,,0,104,,3008,47,4,,0,105,,3007,47,4,,0,145,,3006,47,4,,0,105,,3005,47,4,,0
1301,'KerOffPriveOff',645,,3017,47,4,,0,80,,3023,47,4,,0,34,,3012,47,4,,0,57,,3039,15,4,,0,22,,3028,47,4,,0,73,,3018,47,4,,0,34,,3024,47,4,,0,74,,3013,47,4,,0,35,,3029,47,4,,0,78,,3019,47,4,,0,74,,3025,47,4,,0,35,,3014,47,4,,0,75,,3030,47,4,,0,34,,3020,47,4,,0,75,,3026,47,4,,0,80,,3015,47,4,,0,40,,3031,47,4,,0,77,,3021,47,4,,0,35,,3027,47,4,,0,77,,3016,47,4,,0,75,,3032,47,4,,0,34,,3022,47,4,,0,105,,3033,47,4,,0,104,,3037,47,4,,0,105,,3036,47,4,,0,145,,3035,47,4,,0,105,,3034,47,4,,0
1301,'Samedi',642,,3040,47,4,,0,103,,3049,47,4,,0,106,,3041,47,4,,0,106,,3050,47,4,,0,147,,3042,47,4,,0,105,,3051,47,4,,0,105,,3043,47,4,,0,105,,3052,47,4,,0,105,,3044,47,4,,0,105,,3053,47,4,,0,105,,3045,47,4,,0,104,,3054,47,4,,0,104,,3046,47,4,,0,104,,3055,47,4,,0,104,,3047,47,4,,0,105,,3056,47,4,,0,145,,3048,47,4,,0
2500,'CsRoyOff',615,,3548,1,,,0,35,,3546,1,,,0,80,,3549,1,,,0,75,,3547,1,,,0,36,,3550,1,,,0,74,,3551,1,,,0,35,,3552,1,,,0,75,,3553,1,,,0,75,,3554,1,,,0,35,,3555,1,,,0,75,,3556,1,,,0,35,,3557,1,,,0,75,,3558,1,,,0,35,,3559,1,,,0,75,,3560,1,,,0,80,,3561,1,,,0,38,,3562,1,,,0,77,,3563,1,,,0,75,,3564,1,,,0,35,,3565,1,,,0,75,,3566,1,,,0,35,,3567,1,,,0,105,,3568,1,,,0,105,,3569,1,,,0,145,,3570,1,,,0,105,,3571,1,,,0,105,,3572,1,,,0
2500,'CsRoyOffKerOff',615,,3579,1,,,0,35,,3577,1,,,0,80,,3580,1,,,0,75,,3578,1,,,0,36,,3581,1,,,0,74,,3582,1,,,0,35,,3583,1,,,0,75,,3584,1,,,0,75,,3585,1,,,0,35,,3586,1,,,0,75,,3587,1,,,0,35,,3588,1,,,0,75,,3589,1,,,0,35,,3590,1,,,0,75,,3591,1,,,0,80,,3592,1,,,0,38,,3593,1,,,0,77,,3594,1,,,0,75,,3595,1,,,0,35,,3596,1,,,0,75,,3597,1,,,0,35,,3598,1,,,0,105,,3599,1,,,0,105,,3600,1,,,0,145,,3601,1,,,0,105,,3602,1,,,0,105,,3603,1,,,0
2500,'Dimanche',915,,3610,1,,,0,105,,3611,1,,,0,105,,3612,1,,,0,105,,3613,1,,,0,105,,3614,1,,,0,105,,3615,1,,,0,105,,3616,1,,,0,105,,3608,1,,,0,105,,3609,1,,,0,145,,3607,1,,,0
2500,'EventOff',615,,3620,1,,,0,35,,3618,1,,,0,80,,3621,1,,,0,75,,3619,1,,,0,36,,3622,1,,,0,74,,3623,1,,,0,35,,3624,1,,,0,75,,3625,1,,,0,75,,3626,1,,,0,35,,3627,1,,,0,75,,3628,1,,,0,35,,3629,1,,,0,75,,3630,1,,,0,35,,3631,1,,,0,75,,3632,1,,,0,80,,3633,1,,,0,38,,3634,1,,,0,77,,3635,1,,,0,75,,3636,1,,,0,35,,3637,1,,,0,75,,3638,1,,,0,35,,3639,1,,,0,105,,3640,1,,,0,105,,3641,1,,,0,145,,3642,1,,,0,105,,3643,1,,,0,105,,3644,1,,,0
2500,'EventOn',615,,3648,1,,,0,35,,3646,1,,,0,80,,3649,1,,,0,75,,3647,1,,,0,36,,3650,1,,,0,74,,3651,1,,,0,35,,3652,1,,,0,75,,3653,1,,,0,75,,3654,1,,,0,35,,3655,1,,,0,75,,3656,1,,,0,35,,3657,1,,,0,75,,3658,1,,,0,35,,3659,1,,,0,75,,3660,1,,,0,80,,3661,1,,,0,38,,3662,1,,,0,77,,3663,1,,,0,75,,3664,1,,,0,35,,3665,1,,,0,75,,3666,1,,,0,35,,3667,1,,,0,105,,3668,1,,,0,105,,3669,1,,,0,145,,3670,1,,,0,105,,3671,1,,,0,105,,3672,1,,,0
2500,'KerOffPriveOff',615,,3683,1,,,0,35,,3681,1,,,0,80,,3684,1,,,0,75,,3682,1,,,0,36,,3685,1,,,0,74,,3686,1,,,0,35,,3687,1,,,0,75,,3688,1,,,0,75,,3689,1,,,0,35,,3690,1,,,0,75,,3691,1,,,0,35,,3692,1,,,0,75,,3693,1,,,0,35,,3694,1,,,0,75,,3695,1,,,0,80,,3696,1,,,0,38,,3697,1,,,0,77,,3698,1,,,0,75,,3699,1,,,0,35,,3700,1,,,0,75,,3701,1,,,0,35,,3702,1,,,0,105,,3703,1,,,0,105,,3704,1,,,0,145,,3705,1,,,0,105,,3706,1,,,0,105,,3707,1,,,0
2500,'Samedi',645,,3713,1,,,0,105,,3719,1,,,0,105,,3726,1,,,0,145,,3714,1,,,0,105,,3720,1,,,0,105,,3727,1,,,0,105,,3715,1,,,0,105,,3721,1,,,0,105,,3728,1,,,0,105,,3716,1,,,0,105,,3722,1,,,0,105,,3729,1,,,0,105,,3717,1,,,0,105,,3723,1,,,0,105,,3730,1,,,0,145,,3718,1,,,0,105,,3724,1,,,0
2501,'CsRoyOff',646,,3731,46,4,,0,74,,3733,46,4,,0,81,,3732,46,4,,0,37,,3734,46,4,,0,73,,3752,46,4,,0,33,,3735,46,4,,0,75,,3736,46,4,,0,35,,3737,46,4,,0,75,,3738,46,4,,0,75,,3739,46,4,,0,35,,3740,46,4,,0,75,,3741,46,4,,0,35,,3742,46,4,,0,75,,3743,46,4,,0,35,,3744,46,4,,0,78,,3745,46,4,,0,80,,3746,46,4,,0,38,,3747,46,4,,0,75,,3748,46,4,,0,75,,3749,46,4,,0,35,,3750,46,4,,0,73,,3751,46,4,,0,35,,3753,46,4,,0,104,,3754,46,4,,0,105,,3755,46,4,,0,145,,3756,46,4,,0,105,,3757,46,4,,0
2501,'CsRoyOffKerOff',646,,3759,46,4,,0,74,,3761,46,4,,0,81,,3760,46,4,,0,37,,3762,46,4,,0,73,,3780,46,4,,0,33,,3763,46,4,,0,75,,3764,46,4,,0,35,,3765,46,4,,0,75,,3766,46,4,,0,75,,3767,46,4,,0,35,,3768,46,4,,0,75,,3769,46,4,,0,35,,3770,46,4,,0,75,,3771,46,4,,0,35,,3772,46,4,,0,78,,3773,46,4,,0,80,,3774,46,4,,0,38,,3775,46,4,,0,75,,3776,46,4,,0,75,,3777,46,4,,0,35,,3778,46,4,,0,73,,3779,46,4,,0,35,,3781,46,4,,0,104,,3782,46,4,,0,105,,3783,46,4,,0,145,,3784,46,4,,0,105,,3785,46,4,,0
2501,'Dimanche',911,,3788,46,4,,0,105,,3789,46,4,,0,105,,3790,46,4,,0,105,,3791,46,4,,0,105,,3792,46,4,,0,105,,3793,46,4,,0,105,,3794,46,4,,0,105,,3795,46,4,,0,105,,3787,46,4,,0,105,,3786,46,4,,0
2501,'EventOff',646,,3796,46,4,,0,74,,3798,46,4,,0,81,,3797,46,4,,0,37,,3799,46,4,,0,73,,3817,46,4,,0,33,,3800,46,4,,0,75,,3801,46,4,,0,35,,3802,46,4,,0,75,,3803,46,4,,0,75,,3804,46,4,,0,35,,3805,46,4,,0,75,,3806,46,4,,0,35,,3807,46,4,,0,75,,3808,46,4,,0,35,,3809,46,4,,0,78,,3810,46,4,,0,80,,3811,46,4,,0,38,,3812,46,4,,0,75,,3813,46,4,,0,75,,3814,46,4,,0,35,,3815,46,4,,0,73,,3816,46,4,,0,35,,3818,46,4,,0,104,,3819,46,4,,0,105,,3820,46,4,,0,145,,3821,46,4,,0,105,,3822,46,4,,0
2501,'EventOn',646,,3823,46,4,,0,74,,3825,46,4,,0,81,,3824,46,4,,0,12,,3851,46,4,,0,25,,3826,46,4,,0,73,,3844,46,4,,0,33,,3827,46,4,,0,75,,3828,46,4,,0,35,,3829,46,4,,0,75,,3830,46,4,,0,75,,3831,46,4,,0,35,,3832,46,4,,0,75,,3833,46,4,,0,35,,3834,46,4,,0,75,,3835,46,4,,0,35,,3836,46,4,,0,78,,3837,46,4,,0,80,,3838,46,4,,0,38,,3839,46,4,,0,75,,3840,46,4,,0,75,,3841,46,4,,0,35,,3842,46,4,,0,73,,3843,46,4,,0,35,,3845,46,4,,0,104,,3846,46,4,,0,105,,3847,46,4,,0,145,,3848,46,4,,0,105,,3849,46,4,,0
2501,'KerOffPriveOff',646,,3853,46,4,,0,74,,3855,46,4,,0,81,,3854,46,4,,0,12,,3881,46,4,,0,25,,3856,46,4,,0,73,,3874,46,4,,0,33,,3857,46,4,,0,75,,3858,46,4,,0,35,,3859,46,4,,0,75,,3860,46,4,,0,75,,3861,46,4,,0,35,,3862,46,4,,0,75,,3863,46,4,,0,35,,3864,46,4,,0,75,,3865,46,4,,0,35,,3866,46,4,,0,78,,3867,46,4,,0,80,,3868,46,4,,0,38,,3869,46,4,,0,75,,3870,46,4,,0,75,,3871,46,4,,0,35,,3872,46,4,,0,73,,3873,46,4,,0,35,,3875,46,4,,0,104,,3876,46,4,,0,105,,3877,46,4,,0,145,,3878,46,4,,0,105,,3879,46,4,,0
2501,'Samedi',641,,3893,46,4,,0,104,,3882,46,4,,0,105,,3888,46,4,,0,106,,3894,46,4,,0,145,,3883,46,4,,0,105,,3889,46,4,,0,105,,3895,46,4,,0,106,,3884,46,4,,0,105,,3890,46,4,,0,105,,3896,46,4,,0,105,,3885,46,4,,0,103,,3891,46,4,,0,105,,3897,46,4,,0,105,,3886,46,4,,0,105,,3892,46,4,,0,105,,3898,46,4,,0,145,,3887,46,4,,0
2600,'CsRoyOff',615,,3899,1,,,0,35,,3900,1,,,0,80,,3901,1,,,0,75,,3902,1,,,0,36,,3903,1,,,0,74,,3904,1,,,0,35,,3905,1,,,0,75,,3906,1,,,0,75,,3907,1,,,0,35,,3908,1,,,0,75,,3909,1,,,0,35,,3910,1,,,0,75,,3911,1,,,0,35,,3912,1,,,0,75,,3913,1,,,0,80,,3914,1,,,0,38,,3915,1,,,0,77,,3916,1,,,0,75,,3917,1,,,0,35,,3918,1,,,0,75,,3919,1,,,0,35,,3920,1,,,0,105,,3921,1,,,0,105,,3922,1,,,0,145,,3923,1,,,0,105,,3924,1,,,0,105,,3925,1,,,0
2600,'CsRoyOffKerOff',615,,3926,1,,,0,35,,3927,1,,,0,80,,3928,1,,,0,75,,3929,1,,,0,36,,3930,1,,,0,74,,3931,1,,,0,35,,3932,1,,,0,75,,3933,1,,,0,75,,3934,1,,,0,35,,3935,1,,,0,75,,3936,1,,,0,35,,3937,1,,,0,75,,3938,1,,,0,35,,3939,1,,,0,75,,3940,1,,,0,80,,3941,1,,,0,38,,3942,1,,,0,77,,3943,1,,,0,75,,3944,1,,,0,35,,3945,1,,,0,75,,3946,1,,,0,35,,3947,1,,,0,105,,3948,1,,,0,105,,3949,1,,,0,145,,3950,1,,,0,105,,3951,1,,,0,105,,3952,1,,,0
2600,'Dimanche',915,,3954,1,,,0,105,,3957,1,,,0,105,,3959,1,,,0,105,,3958,1,,,0,105,,3960,1,,,0,105,,3961,1,,,0,105,,3962,1,,,0,105,,3953,1,,,0,105,,3955,1,,,0,145,,3956,1,,,0
2600,'EventOff',615,,3963,1,,,0,35,,3964,1,,,0,80,,3965,1,,,0,75,,3966,1,,,0,36,,3967,1,,,0,74,,3968,1,,,0,35,,3969,1,,,0,75,,3970,1,,,0,75,,3971,1,,,0,35,,3972,1,,,0,75,,3973,1,,,0,35,,3974,1,,,0,75,,3975,1,,,0,35,,3976,1,,,0,75,,3977,1,,,0,80,,3978,1,,,0,38,,3979,1,,,0,77,,3980,1,,,0,75,,3981,1,,,0,35,,3982,1,,,0,75,,3983,1,,,0,35,,3984,1,,,0,105,,3985,1,,,0,105,,3986,1,,,0,145,,3987,1,,,0,105,,3988,1,,,0,105,,3989,1,,,0
2600,'EventOn',615,,3990,1,,,0,35,,3991,1,,,0,80,,3992,1,,,0,75,,3993,1,,,0,36,,3994,1,,,0,74,,3995,1,,,0,35,,3996,1,,,0,75,,3997,1,,,0,75,,3998,1,,,0,35,,3999,1,,,0,75,,4000,1,,,0,35,,4001,1,,,0,75,,4002,1,,,0,35,,4003,1,,,0,75,,4004,1,,,0,80,,4005,1,,,0,38,,4006,1,,,0,77,,4007,1,,,0,75,,4008,1,,,0,35,,4009,1,,,0,75,,4010,1,,,0,35,,4011,1,,,0,105,,4012,1,,,0,105,,4013,1,,,0,145,,4014,1,,,0,105,,4015,1,,,0,105,,4016,1,,,0
2600,'KerOffPriveOff',615,,4018,1,,,0,35,,4019,1,,,0,80,,4020,1,,,0,75,,4021,1,,,0,36,,4022,1,,,0,74,,4023,1,,,0,35,,4024,1,,,0,75,,4025,1,,,0,75,,4026,1,,,0,35,,4027,1,,,0,75,,4028,1,,,0,35,,4029,1,,,0,75,,4030,1,,,0,35,,4031,1,,,0,75,,4032,1,,,0,80,,4033,1,,,0,38,,4034,1,,,0,77,,4035,1,,,0,75,,4036,1,,,0,35,,4037,1,,,0,75,,4038,1,,,0,35,,4039,1,,,0,105,,4040,1,,,0,105,,4041,1,,,0,145,,4042,1,,,0,105,,4043,1,,,0,105,,4044,1,,,0
2600,'Samedi',645,,4055,1,,,0,105,,4054,1,,,0,105,,4053,1,,,0,145,,4052,1,,,0,105,,4051,1,,,0,105,,4060,1,,,0,105,,4059,1,,,0,105,,4058,1,,,0,105,,4057,1,,,0,105,,4056,1,,,0,105,,4061,1,,,0,105,,4062,1,,,0,105,,4047,1,,,0,105,,4048,1,,,0,105,,4049,1,,,0,145,,4050,1,,,0,105,,4046,1,,,0
2601,'CsRoyOff',643,,4063,12,4,,0,80,,4064,12,4,,0,35,,4065,12,4,,0,75,,4066,12,4,,0,75,,4067,12,4,,0,35,,4068,12,4,,0,75,,4069,12,4,,0,35,,4070,12,4,,0,75,,4071,12,4,,0,75,,4072,12,4,,0,35,,4073,12,4,,0,72,,4074,12,4,,0,38,,4075,12,4,,0,75,,4076,12,4,,0,80,,4077,12,4,,0,35,,4078,12,4,,0,78,,4079,12,4,,0,37,,4080,12,4,,0,75,,4081,12,4,,0,75,,4082,12,4,,0,35,,4083,12,4,,0,75,,4084,12,4,,0,130,,4088,12,4,,0,105,,4087,12,4,,0,105,,4086,12,4,,0,105,,4085,12,4,,0
2601,'CsRoyOffKerOff',643,,4089,12,4,,0,80,,4090,12,4,,0,35,,4091,12,4,,0,75,,4092,12,4,,0,75,,4093,12,4,,0,35,,4094,12,4,,0,75,,4095,12,4,,0,35,,4096,12,4,,0,75,,4097,12,4,,0,75,,4098,12,4,,0,35,,4099,12,4,,0,72,,4100,12,4,,0,38,,4101,12,4,,0,75,,4102,12,4,,0,80,,4103,12,4,,0,35,,4104,12,4,,0,78,,4105,12,4,,0,37,,4106,12,4,,0,75,,4107,12,4,,0,75,,4108,12,4,,0,35,,4109,12,4,,0,75,,4110,12,4,,0,130,,4114,12,4,,0,105,,4113,12,4,,0,105,,4112,12,4,,0,105,,4111,12,4,,0
2601,'Dimanche',1008,,4117,12,4,,0,105,,4119,12,4,,0,105,,4120,12,4,,0,105,,4118,12,4,,0,105,,4121,12,4,,0,105,,4122,12,4,,0,105,,4123,12,4,,0,105,,4116,12,4,,0,105,,4115,12,4,,0
2601,'EventOff',643,,4124,12,4,,0,80,,4125,12,4,,0,35,,4126,12,4,,0,75,,4127,12,4,,0,75,,4128,12,4,,0,35,,4129,12,4,,0,75,,4130,12,4,,0,35,,4131,12,4,,0,75,,4132,12,4,,0,75,,4133,12,4,,0,35,,4134,12,4,,0,72,,4135,12,4,,0,38,,4136,12,4,,0,75,,4137,12,4,,0,80,,4138,12,4,,0,35,,4139,12,4,,0,78,,4140,12,4,,0,37,,4141,12,4,,0,75,,4142,12,4,,0,75,,4143,12,4,,0,35,,4144,12,4,,0,75,,4145,12,4,,0,130,,4149,12,4,,0,105,,4148,12,4,,0,105,,4147,12,4,,0,105,,4146,12,4,,0
2601,'EventOn',643,,4150,12,4,,0,80,,4151,12,4,,0,35,,4152,12,4,,0,75,,4153,12,4,,0,75,,4154,12,4,,0,35,,4155,12,4,,0,75,,4156,12,4,,0,35,,4157,12,4,,0,75,,4158,12,4,,0,75,,4159,12,4,,0,35,,4160,12,4,,0,72,,4161,12,4,,0,38,,4162,12,4,,0,75,,4163,12,4,,0,80,,4164,12,4,,0,35,,4165,12,4,,0,78,,4166,12,4,,0,37,,4167,12,4,,0,75,,4168,12,4,,0,75,,4169,12,4,,0,35,,4170,12,4,,0,75,,4171,12,4,,0,130,,4175,12,4,,0,105,,4174,12,4,,0,105,,4173,12,4,,0,105,,4172,12,4,,0
2601,'KerOffPriveOff',643,,4176,12,4,,0,80,,4177,12,4,,0,35,,4178,12,4,,0,75,,4179,12,4,,0,75,,4180,12,4,,0,35,,4181,12,4,,0,75,,4182,12,4,,0,35,,4183,12,4,,0,75,,4184,12,4,,0,75,,4185,12,4,,0,35,,4186,12,4,,0,72,,4187,12,4,,0,38,,4188,12,4,,0,75,,4189,12,4,,0,80,,4190,12,4,,0,35,,4191,12,4,,0,78,,4192,12,4,,0,37,,4193,12,4,,0,75,,4194,12,4,,0,75,,4195,12,4,,0,35,,4196,12,4,,0,75,,4197,12,4,,0,130,,4201,12,4,,0,105,,4200,12,4,,0,105,,4199,12,4,,0,105,,4198,12,4,,0
2601,'Samedi',738,,4209,12,4,,0,105,,4208,12,4,,0,105,,4207,12,4,,0,105,,4206,12,4,,0,105,,4214,12,4,,0,145,,4213,12,4,,0,105,,4212,12,4,,0,105,,4211,12,4,,0,105,,4210,12,4,,0,105,,4215,12,4,,0,105,,4216,12,4,,0,105,,4217,12,4,,0,105,,4202,12,4,,0,105,,4203,12,4,,0,105,,4204,12,4,,0,105,,4205,12,4,,0
190300300,'CsRoyOff',805,,4956,1,,,0
190300300,'CsRoyOffKerOff',805,,4957,1,,,0
190300300,'EventOn',805,,4958,1,,,0
1141500000,'EventOn',1621,,4968,23,4,,0
1141500000,'KerOffPriveOff',1621,,4969,23,4,,0
