601,'CsRoyOff',639,,1159,4,,,0,74,,1182,4,,,0,6,,1154,4,,,0,35,,1165,4,,,0,76,,1171,4,,,0,74,,1158,4,,,0,35,,1160,4,,,0,75,,1155,4,,,0,35,,1166,4,,,0,75,,1172,4,,,0,35,,1164,4,,,0,75,,1161,4,,,0,75,,1156,4,,,0,35,,1167,4,,,0,75,,1173,4,,,0,39,,1170,4,,,0,77,,1162,4,,,0,77,,1157,4,,,0,35,,1168,4,,,0,76,,1174,4,,,0,36,,1169,4,,,0,75,,1163,4,,,0,79,,1179,4,,,0,100,,1178,4,,,0,105,,1177,4,,,0,105,,1176,4,,,0,105,,1175,4,,,0,100,,1180,4,,,0
601,'CsRoyOffKerOff',639,,1189,4,,,0,74,,1212,4,,,0,6,,1184,4,,,0,35,,1195,4,,,0,76,,1201,4,,,0,74,,1188,4,,,0,35,,1190,4,,,0,75,,1185,4,,,0,35,,1196,4,,,0,75,,1202,4,,,0,35,,1194,4,,,0,75,,1191,4,,,0,75,,1186,4,,,0,35,,1197,4,,,0,75,,1203,4,,,0,39,,1200,4,,,0,77,,1192,4,,,0,77,,1187,4,,,0,35,,1198,4,,,0,76,,1204,4,,,0,36,,1199,4,,,0,75,,1193,4,,,0,79,,1209,4,,,0,100,,1208,4,,,0,105,,1207,4,,,0,105,,1206,4,,,0,105,,1205,4,,,0,100,,1210,4,,,0
601,'Dimanche',831,,1215,4,,,0,105,,1214,4,,,0,106,,1219,4,,,0,104,,1218,4,,,0,105,,1220,4,,,0,105,,1221,4,,,0,145,,1222,4,,,0,105,,1223,4,,,0,105,,1217,4,,,0,105,,1216,4,,,0,102,,1213,4,,,0
601,'EventOff',639,,1229,4,,,0,80,,1224,4,,,0,35,,1235,4,,,0,76,,1241,4,,,0,74,,1228,4,,,0,35,,1230,4,,,0,75,,1225,4,,,0,35,,1236,4,,,0,75,,1242,4,,,0,35,,1234,4,,,0,75,,1231,4,,,0,75,,1226,4,,,0,35,,1237,4,,,0,75,,1243,4,,,0,39,,1240,4,,,0,77,,1232,4,,,0,77,,1227,4,,,0,35,,1238,4,,,0,76,,1244,4,,,0,36,,1239,4,,,0,75,,1233,4,,,0,79,,1249,4,,,0,100,,1248,4,,,0,105,,1247,4,,,0,105,,1246,4,,,0,105,,1245,4,,,0,100,,1250,4,,,0
601,'EventOn',639,,1257,4,,,0,74,,1280,4,,,0,6,,1252,4,,,0,35,,1263,4,,,0,76,,1269,4,,,0,74,,1256,4,,,0,35,,1258,4,,,0,75,,1253,4,,,0,35,,1264,4,,,0,75,,1270,4,,,0,35,,1262,4,,,0,75,,1259,4,,,0,75,,1254,4,,,0,35,,1265,4,,,0,75,,1271,4,,,0,39,,1268,4,,,0,77,,1260,4,,,0,18,,1282,4,,,0,59,,1255,4,,,0,35,,1266,4,,,0,76,,1272,4,,,0,36,,1267,4,,,0,75,,1261,4,,,0,79,,1277,4,,,0,100,,1276,4,,,0,105,,1275,4,,,0,105,,1274,4,,,0,105,,1273,4,,,0,100,,1278,4,,,0
601,'KerOffPriveOff',639,,1288,4,,,0,80,,1283,4,,,0,35,,1294,4,,,0,76,,1300,4,,,0,74,,1287,4,,,0,35,,1289,4,,,0,75,,1284,4,,,0,35,,1295,4,,,0,75,,1301,4,,,0,35,,1293,4,,,0,75,,1290,4,,,0,75,,1285,4,,,0,35,,1296,4,,,0,75,,1302,4,,,0,39,,1299,4,,,0,77,,1291,4,,,0,18,,1311,4,,,0,59,,1286,4,,,0,35,,1297,4,,,0,76,,1303,4,,,0,36,,1298,4,,,0,75,,1292,4,,,0,79,,1308,4,,,0,100,,1307,4,,,0,105,,1306,4,,,0,105,,1305,4,,,0,105,,1304,4,,,0,100,,1309,4,,,0
601,'Samedi',707,,1312,4,,,0,105,,1320,4,,,0,106,,1313,4,,,0,105,,1321,4,,,0,105,,1314,4,,,0,104,,1322,4,,,0,104,,1315,4,,,0,104,,1323,4,,,0,105,,1316,4,,,0,106,,1324,4,,,0,106,,1317,4,,,0,145,,1325,4,,,0,105,,1318,4,,,0,105,,1326,4,,,0,105,,1319,4,,,0,105,,1327,4,,,0,97,,1329,4,,,0
900,'CsRoyOff',642,,1654,4,0,20,0,79,,1668,4,0,20,0,35,,1655,4,0,20,0,76,,1665,4,0,20,0,75,,1656,4,0,20,0,35,,1669,4,0,20,0,75,,1657,4,0,20,0,110,,1658,4,0,20,0,110,,1659,4,0,20,0,110,,1660,4,0,20,0,75,,1666,4,0,20,0,36,,1661,4,0,20,0,79,,1667,4,0,20,0,77,,1662,4,0,20,0,37,,1670,4,0,20,0,77,,1663,4,0,20,0,109,,1664,4,0,20,0
900,'CsRoyOffKerOff',642,,1673,4,0,20,0,79,,1687,4,0,20,0,35,,1674,4,0,20,0,76,,1684,4,0,20,0,75,,1675,4,0,20,0,35,,1688,4,0,20,0,75,,1676,4,0,20,0,110,,1677,4,0,20,0,110,,1678,4,0,20,0,110,,1679,4,0,20,0,75,,1685,4,0,20,0,36,,1680,4,0,20,0,79,,1686,4,0,20,0,77,,1681,4,0,20,0,37,,1689,4,0,20,0,77,,1682,4,0,20,0,109,,1683,4,0,20,0
900,'EventOff',642,,1691,4,0,20,0,79,,1705,4,0,20,0,35,,1692,4,0,20,0,76,,1702,4,0,20,0,75,,1693,4,0,20,0,35,,1706,4,0,20,0,75,,1694,4,0,20,0,110,,1695,4,0,20,0,110,,1696,4,0,20,0,110,,1697,4,0,20,0,75,,1703,4,0,20,0,36,,1698,4,0,20,0,79,,1704,4,0,20,0,77,,1699,4,0,20,0,37,,1707,4,0,20,0,77,,1700,4,0,20,0,109,,1701,4,0,20,0
900,'EventOn',642,,1708,4,0,20,0,79,,1722,4,0,20,0,35,,1709,4,0,20,0,76,,1719,4,0,20,0,75,,1710,4,0,20,0,35,,1723,4,0,20,0,75,,1711,4,0,20,0,110,,1712,4,0,20,0,110,,1713,4,0,20,0,110,,1714,4,0,20,0,75,,1720,4,0,20,0,36,,1715,4,0,20,0,79,,1721,4,0,20,0,77,,1716,4,0,20,0,37,,1724,4,0,20,0,77,,1717,4,0,20,0,109,,1718,4,0,20,0
900,'KerOffPriveOff',642,,1727,4,0,20,0,79,,1741,4,0,20,0,35,,1728,4,0,20,0,76,,1738,4,0,20,0,75,,1729,4,0,20,0,35,,1742,4,0,20,0,75,,1730,4,0,20,0,110,,1731,4,0,20,0,110,,1732,4,0,20,0,110,,1733,4,0,20,0,75,,1739,4,0,20,0,36,,1734,4,0,20,0,79,,1740,4,0,20,0,77,,1735,4,0,20,0,37,,1743,4,0,20,0,77,,1736,4,0,20,0,109,,1737,4,0,20,0
160900100,'EventOn',1545,,4946,7,,,0
160900100,'KerOffPriveOff',1545,,4947,7,,,0
