600,'CsRoyOff',636,,1003,6,,,0,80,,995,6,,,0,20,,1015,6,0,6,0,15,,988,6,,,0,75,,999,6,,,0,33,,1005,6,,,0,75,,994,6,,,0,75,,996,6,,,0,35,,989,6,,,0,75,,1000,6,,,0,35,,1006,6,,,0,75,,992,6,,,0,75,,997,6,,,0,35,,990,6,,,0,76,,1001,6,,,0,35,,1007,6,,,0,80,,1004,6,,,0,76,,998,6,,,0,39,,991,6,,,0,75,,1002,6,,,0,35,,1008,6,,,0,74,,993,6,,,0,109,,1010,6,,,0,100,,1013,6,,,0,105,,1012,6,,,0,107,,1011,6,,,0,103,,1009,6,,,0
600,'CsRoyOffKerOff',636,,1031,6,,,0,80,,1023,6,,,0,35,,1016,6,,,0,75,,1027,6,,,0,33,,1033,6,,,0,75,,1022,6,,,0,75,,1024,6,,,0,35,,1017,6,,,0,75,,1028,6,,,0,35,,1034,6,,,0,75,,1020,6,,,0,75,,1025,6,,,0,35,,1018,6,,,0,76,,1029,6,,,0,35,,1035,6,,,0,80,,1032,6,,,0,76,,1026,6,,,0,39,,1019,6,,,0,75,,1030,6,,,0,35,,1036,6,,,0,74,,1021,6,,,0,109,,1038,6,,,0,100,,1041,6,,,0,105,,1040,6,,,0,107,,1039,6,,,0,103,,1037,6,,,0
600,'Dimanche',857,,1044,6,,,0,145,,1047,6,,,0,106,,1046,6,,,0,105,,1048,6,,,0,105,,1049,6,,,0,105,,1050,6,,,0,105,,1051,6,,,0,105,,1052,6,,,0,105,,1043,6,,,0,104,,1045,6,,,0
600,'EventOff',636,,1068,6,,,0,80,,1060,6,,,0,35,,1053,6,,,0,75,,1064,6,,,0,33,,1070,6,,,0,75,,1059,6,,,0,75,,1061,6,,,0,35,,1054,6,,,0,75,,1065,6,,,0,35,,1071,6,,,0,75,,1057,6,,,0,75,,1062,6,,,0,35,,1055,6,,,0,76,,1066,6,,,0,35,,1072,6,,,0,80,,1069,6,,,0,76,,1063,6,,,0,39,,1056,6,,,0,75,,1067,6,,,0,35,,1073,6,,,0,74,,1058,6,,,0,109,,1075,6,,,0,100,,1078,6,,,0,105,,1077,6,,,0,107,,1076,6,,,0,103,,1074,6,,,0
600,'EventOn',636,,1095,6,,,0,80,,1087,6,,,0,20,,1107,6,0,6,0,15,,1080,6,,,0,75,,1091,6,,,0,33,,1097,6,,,0,75,,1086,6,,,0,75,,1088,6,,,0,35,,1081,6,,,0,75,,1092,6,,,0,35,,1098,6,,,0,75,,1084,6,,,0,75,,1089,6,,,0,35,,1082,6,,,0,76,,1093,6,,,0,35,,1099,6,,,0,80,,1096,6,,,0,76,,1090,6,,,0,39,,1083,6,,,0,75,,1094,6,,,0,35,,1100,6,,,0,74,,1085,6,,,0,109,,1102,6,,,0,100,,1105,6,,,0,105,,1104,6,,,0,107,,1103,6,,,0,103,,1101,6,,,0
600,'KerOffPriveOff',636,,1124,6,,,0,80,,1116,6,,,0,35,,1109,6,,,0,75,,1120,6,,,0,33,,1126,6,,,0,75,,1115,6,,,0,75,,1117,6,,,0,35,,1110,6,,,0,75,,1121,6,,,0,35,,1127,6,,,0,75,,1113,6,,,0,75,,1118,6,,,0,35,,1111,6,,,0,76,,1122,6,,,0,35,,1128,6,,,0,80,,1125,6,,,0,76,,1119,6,,,0,39,,1112,6,,,0,75,,1123,6,,,0,35,,1129,6,,,0,74,,1114,6,,,0,109,,1131,6,,,0,100,,1134,6,,,0,105,,1133,6,,,0,107,,1132,6,,,0,103,,1130,6,,,0
600,'Samedi',630,,1137,6,,,0,103,,1146,6,,,0,105,,1138,6,,,0,106,,1147,6,,,0,105,,1139,6,,,0,105,,1148,6,,,0,105,,1140,6,,,0,144,,1149,6,,,0,104,,1141,6,,,0,106,,1150,6,,,0,106,,1142,6,,,0,104,,1151,6,,,0,105,,1143,6,,,0,105,,1152,6,,,0,105,,1144,6,,,0,105,,1153,6,,,0,105,,1145,6,,,0
8900,'CsRoyOff',1938,,4827,6,,,0,100,,4829,6,,,0,105,,4828,6,,,0,107,,4826,6,,,0,103,,4825,6,,,0
8900,'CsRoyOffKerOff',1938,,4832,6,,,0,100,,4834,6,,,0,105,,4833,6,,,0,107,,4831,6,,,0,103,,4830,6,,,0
8900,'Dimanche',857,,4836,6,,,0,145,,4838,6,,,0,106,,4839,6,,,0,105,,4840,6,,,0,105,,4842,6,,,0,105,,4841,6,,,0,105,,4843,6,,,0,105,,4844,6,,,0,105,,4835,6,,,0,104,,4837,6,,,0
8900,'EventOff',1938,,4847,6,,,0,100,,4849,6,,,0,105,,4848,6,,,0,107,,4846,6,,,0,103,,4845,6,,,0
8900,'EventOn',1938,,4852,6,,,0,100,,4854,6,,,0,105,,4853,6,,,0,107,,4851,6,,,0,103,,4850,6,,,0
8900,'KerOffPriveOff',1938,,4857,6,,,0,100,,4859,6,,,0,105,,4858,6,,,0,107,,4856,6,,,0,103,,4855,6,,,0
8900,'Samedi',630,,4876,6,,,0,103,,4860,6,,,0,105,,4868,6,,,0,106,,4861,6,,,0,105,,4869,6,,,0,105,,4862,6,,,0,105,,4870,6,,,0,144,,4863,6,,,0,104,,4871,6,,,0,106,,4864,6,,,0,106,,4872,6,,,0,104,,4865,6,,,0,105,,4873,6,,,0,105,,4866,6,,,0,105,,4874,6,,,0,105,,4867,6,,,0,105,,4875,6,,,0
160900101,'EventOn',735,,4948,6,,,0
160900101,'KerOffPriveOff',735,,4949,6,,,0
