900,'CsRoyOff',658,,1654,32,0,20,0,80,,1668,32,0,20,0,75,,1655,32,0,20,0,36,,1665,32,0,20,0,75,,1656,32,0,20,0,35,,1669,32,0,20,0,75,,1657,32,0,20,0,111,,1658,32,0,20,0,110,,1659,32,0,20,0,151,,1660,32,0,20,0,35,,1666,32,0,20,0,76,,1661,32,0,20,0,39,,1667,32,0,20,0,67,,1672,23,0,5,0,2,,1671,26,,,0,8,,1662,32,0,20,0,77,,1670,32,0,20,0,36,,1663,32,0,20,0,107,,1664,32,0,20,0
900,'CsRoyOffKerOff',658,,1673,32,0,20,0,80,,1687,32,0,20,0,75,,1674,32,0,20,0,36,,1684,32,0,20,0,75,,1675,32,0,20,0,35,,1688,32,0,20,0,75,,1676,32,0,20,0,111,,1677,32,0,20,0,110,,1678,32,0,20,0,151,,1679,32,0,20,0,35,,1685,32,0,20,0,76,,1680,32,0,20,0,39,,1686,32,0,20,0,67,,1690,23,0,5,0,10,,1681,32,0,20,0,77,,1689,32,0,20,0,36,,1682,32,0,20,0,107,,1683,32,0,20,0
900,'EventOff',658,,1691,32,0,20,0,80,,1705,32,0,20,0,75,,1692,32,0,20,0,36,,1702,32,0,20,0,75,,1693,32,0,20,0,35,,1706,32,0,20,0,75,,1694,32,0,20,0,111,,1695,32,0,20,0,110,,1696,32,0,20,0,151,,1697,32,0,20,0,35,,1703,32,0,20,0,76,,1698,32,0,20,0,39,,1704,32,0,20,0,77,,1699,32,0,20,0,77,,1707,32,0,20,0,36,,1700,32,0,20,0,107,,1701,32,0,20,0
900,'EventOn',658,,1708,32,0,20,0,80,,1722,32,0,20,0,75,,1709,32,0,20,0,36,,1719,32,0,20,0,75,,1710,32,0,20,0,35,,1723,32,0,20,0,75,,1711,32,0,20,0,111,,1712,32,0,20,0,110,,1713,32,0,20,0,151,,1714,32,0,20,0,35,,1720,32,0,20,0,76,,1715,32,0,20,0,39,,1721,32,0,20,0,67,,1726,23,0,5,0,2,,1725,26,,,0,8,,1716,32,0,20,0,77,,1724,32,0,20,0,36,,1717,32,0,20,0,107,,1718,32,0,20,0
900,'KerOffPriveOff',658,,1727,32,0,20,0,80,,1741,32,0,20,0,75,,1728,32,0,20,0,36,,1738,32,0,20,0,75,,1729,32,0,20,0,35,,1742,32,0,20,0,75,,1730,32,0,20,0,111,,1731,32,0,20,0,110,,1732,32,0,20,0,151,,1733,32,0,20,0,35,,1739,32,0,20,0,76,,1734,32,0,20,0,39,,1740,32,0,20,0,77,,1735,32,0,20,0,77,,1743,32,0,20,0,36,,1736,32,0,20,0,107,,1737,32,0,20,0
8900,'CsRoyOff',1952,,4827,33,,,0,100,,4829,33,,,0,105,,4828,33,,,0,147,,4826,33,,,0,103,,4825,33,,,0
8900,'CsRoyOffKerOff',1952,,4832,33,,,0,100,,4834,33,,,0,105,,4833,33,,,0,147,,4831,33,,,0,103,,4830,33,,,0
8900,'Dimanche',912,,4836,33,,,0,105,,4838,33,,,0,107,,4839,33,,,0,105,,4840,33,,,0,105,,4842,33,,,0,105,,4841,33,,,0,105,,4843,33,,,0,105,,4844,33,,,0,104,,4835,33,,,0,104,,4837,33,,,0
8900,'EventOff',1952,,4847,33,,,0,100,,4849,33,,,0,105,,4848,33,,,0,147,,4846,33,,,0,103,,4845,33,,,0
8900,'EventOn',1952,,4852,33,,,0,100,,4854,33,,,0,105,,4853,33,,,0,147,,4851,33,,,0,103,,4850,33,,,0
8900,'KerOffPriveOff',1952,,4857,33,,,0,100,,4859,33,,,0,105,,4858,33,,,0,147,,4856,33,,,0,103,,4855,33,,,0
8900,'Samedi',644,,4876,33,,,0,103,,4860,33,,,0,105,,4868,33,,,0,107,,4861,33,,,0,145,,4869,33,,,0,105,,4862,33,,,0,105,,4870,33,,,0,104,,4863,33,,,0,104,,4871,33,,,0,106,,4864,33,,,0,106,,4872,33,,,0,104,,4865,33,,,0,105,,4873,33,,,0,105,,4866,33,,,0,104,,4874,33,,,0,105,,4867,33,,,0,145,,4875,33,,,0
