1400,'CsRoyOff',1534,,3059,26,4,,0,100,,3057,26,4,,0,100,,3058,26,4,,0
1400,'CsRoyOffKerOff',1534,,3066,26,4,,0,100,,3064,26,4,,0,100,,3065,26,4,,0
1400,'EventOff',1534,,3073,26,4,,0,100,,3071,26,4,,0,100,,3072,26,4,,0
1400,'EventOn',1534,,3080,26,4,,0,100,,3078,26,4,,0,100,,3079,26,4,,0
1400,'KerOffPriveOff',1534,,3087,26,4,,0,100,,3085,26,4,,0,100,,3086,26,4,,0
1401,'CsRoyOff',1537,,3094,1,,,0,100,,3093,1,,,0,99,,3092,1,,,0
1401,'CsRoyOffKerOff',1537,,3100,1,,,0,100,,3099,1,,,0,99,,3098,1,,,0
1401,'EventOff',1537,,3106,1,,,0,100,,3105,1,,,0,99,,3104,1,,,0
1401,'EventOn',1537,,3112,1,,,0,100,,3111,1,,,0,99,,3110,1,,,0
1401,'KerOffPriveOff',1537,,3118,1,,,0,100,,3117,1,,,0,99,,3116,1,,,0
