6001,'CsRoyOff',630,,4652,18,,,0,72,,4663,18,,,0,40,,4653,18,,,0,75,,4664,18,,,0,34,,4654,18,,,0,76,,4665,18,,,0,74,,4655,18,,,0,35,,4666,18,,,0,75,,4656,18,,,0,35,,4667,18,,,0,75,,4657,18,,,0,34,,4668,18,,,0,75,,4658,18,,,0,27,,4669,18,,,0,80,,4679,18,,,0,71,,4659,18,,,0,44,,4670,18,,,0,71,,4660,18,,,0,78,,4671,18,,,0,36,,4661,18,,,0,75,,4672,18,,,0,29,,4662,18,,,0,111,,4675,18,,,0,105,,4677,18,,,0,145,,4676,18,,,0,105,,4674,18,,,0,105,,4673,18,,,0
6001,'CsRoyOffKerOff',630,,4680,18,,,0,72,,4691,18,,,0,40,,4681,18,,,0,75,,4692,18,,,0,34,,4682,18,,,0,76,,4693,18,,,0,74,,4683,18,,,0,35,,4694,18,,,0,75,,4684,18,,,0,35,,4695,18,,,0,75,,4685,18,,,0,34,,4696,18,,,0,75,,4686,18,,,0,27,,4697,18,,,0,80,,4707,18,,,0,71,,4687,18,,,0,44,,4698,18,,,0,71,,4688,18,,,0,78,,4699,18,,,0,36,,4689,18,,,0,75,,4700,18,,,0,29,,4690,18,,,0,111,,4703,18,,,0,105,,4705,18,,,0,145,,4704,18,,,0,105,,4702,18,,,0,105,,4701,18,,,0
6001,'Dimanche',918,,4708,18,,,0,105,,4710,18,,,0,105,,4711,18,,,0,105,,4713,18,,,0,105,,4714,18,,,0,105,,4715,18,,,0,105,,4716,18,,,0,105,,4717,18,,,0,105,,4712,18,,,0,145,,4709,18,,,0
6001,'EventOff',630,,4718,18,,,0,72,,4729,18,,,0,40,,4719,18,,,0,75,,4730,18,,,0,34,,4720,18,,,0,76,,4731,18,,,0,74,,4721,18,,,0,35,,4732,18,,,0,75,,4722,18,,,0,35,,4733,18,,,0,75,,4723,18,,,0,34,,4734,18,,,0,75,,4724,18,,,0,27,,4735,18,,,0,80,,4745,18,,,0,71,,4725,18,,,0,44,,4736,18,,,0,71,,4726,18,,,0,78,,4737,18,,,0,36,,4727,18,,,0,75,,4738,18,,,0,29,,4728,18,,,0,111,,4741,18,,,0,105,,4743,18,,,0,145,,4742,18,,,0,105,,4740,18,,,0,105,,4739,18,,,0
6001,'EventOn',630,,4746,18,,,0,72,,4757,18,,,0,40,,4747,18,,,0,75,,4758,18,,,0,34,,4748,18,,,0,76,,4759,18,,,0,74,,4749,18,,,0,35,,4760,18,,,0,75,,4750,18,,,0,35,,4761,18,,,0,75,,4751,18,,,0,34,,4762,18,,,0,75,,4752,18,,,0,27,,4763,18,,,0,80,,4773,18,,,0,71,,4753,18,,,0,44,,4764,18,,,0,1,,4776,18,0,14 15,0,70,,4754,18,,,0,78,,4765,18,,,0,36,,4755,18,,,0,75,,4766,18,,,0,29,,4756,18,,,0,111,,4769,18,,,0,105,,4771,18,,,0,145,,4770,18,,,0,105,,4768,18,,,0,105,,4767,18,,,0
6001,'KerOffPriveOff',630,,4777,18,,,0,72,,4788,18,,,0,40,,4778,18,,,0,75,,4789,18,,,0,34,,4779,18,,,0,76,,4790,18,,,0,74,,4780,18,,,0,35,,4791,18,,,0,75,,4781,18,,,0,35,,4792,18,,,0,75,,4782,18,,,0,34,,4793,18,,,0,75,,4783,18,,,0,27,,4794,18,,,0,80,,4804,18,,,0,71,,4784,18,,,0,44,,4795,18,,,0,1,,4807,18,0,14 15,0,70,,4785,18,,,0,78,,4796,18,,,0,36,,4786,18,,,0,75,,4797,18,,,0,29,,4787,18,,,0,111,,4800,18,,,0,105,,4802,18,,,0,145,,4801,18,,,0,105,,4799,18,,,0,105,,4798,18,,,0
6001,'Samedi',648,,4813,18,,,0,105,,4819,18,,,0,105,,4808,18,,,0,145,,4814,18,,,0,105,,4820,18,,,0,105,,4809,18,,,0,106,,4815,18,,,0,105,,4821,18,,,0,105,,4810,18,,,0,104,,4816,18,,,0,105,,4822,18,,,0,105,,4811,18,,,0,105,,4817,18,,,0,105,,4823,18,,,0,105,,4812,18,,,0,145,,4818,18,,,0,105,,4824,18,,,0
111800501,'CsRoyOff',744,,4941,14,,,0,880,,4942,14,0,14 15,0
111800501,'CsRoyOffKerOff',1624,,4943,14,0,14 15,0
111800501,'EventOn',744,,4944,14,,,0,880,,4945,14,0,14 15,0
19200300001,'CsRoyOff',744,,5015,15,0,11 18,0
19200300001,'CsRoyOffKerOff',744,,5016,15,0,11 18,0
19200300001,'EventOn',744,,5017,15,0,11 18,0
