6000,'CsRoyOff',619,,4473,18,,,0,27,,4484,37,,,0,81,,4474,37,,,0,73,,4485,37,,,0,39,,4475,37,,,0,75,,4486,37,,,0,33,,4476,37,,,0,76,,4487,37,,,0,34,,4477,37,,,0,76,,4488,37,,,0,73,,4478,37,,,0,36,,4489,37,,,0,75,,4479,37,,,0,28,,4490,37,,,0,78,,4501,37,,,0,25,,4480,37,,,0,80,,4491,37,,,0,81,,4481,37,,,0,39,,4492,37,,,0,71,,4482,37,,,0,34,,4493,37,,,0,75,,4483,37,,,0,75,,4494,37,,,0,38,,4495,37,,,0,104,,4500,37,,,0,105,,4499,37,,,0,105,,4498,37,,,0,145,,4496,37,,,0
6000,'CsRoyOffKerOff',619,,4502,18,,,0,27,,4513,37,,,0,81,,4503,37,,,0,73,,4514,37,,,0,39,,4504,37,,,0,75,,4515,37,,,0,33,,4505,37,,,0,76,,4516,37,,,0,34,,4506,37,,,0,76,,4517,37,,,0,73,,4507,37,,,0,36,,4518,37,,,0,75,,4508,37,,,0,28,,4519,37,,,0,78,,4530,37,,,0,25,,4509,37,,,0,80,,4520,37,,,0,81,,4510,37,,,0,39,,4521,37,,,0,71,,4511,37,,,0,34,,4522,37,,,0,75,,4512,37,,,0,75,,4523,37,,,0,38,,4524,37,,,0,104,,4529,37,,,0,105,,4528,37,,,0,105,,4527,37,,,0,145,,4525,37,,,0
6000,'Dimanche',907,,4531,37,,,0,105,,4532,37,,,0,104,,4534,37,,,0,105,,4536,37,,,0,105,,4537,37,,,0,105,,4538,37,,,0,105,,4539,37,,,0,105,,4540,37,,,0,106,,4535,37,,,0,103,,4533,37,,,0
6000,'EventOff',619,,4541,18,,,0,27,,4552,37,,,0,81,,4542,37,,,0,73,,4553,37,,,0,39,,4543,37,,,0,75,,4554,37,,,0,33,,4544,37,,,0,76,,4555,37,,,0,34,,4545,37,,,0,76,,4556,37,,,0,73,,4546,37,,,0,36,,4557,37,,,0,75,,4547,37,,,0,28,,4558,37,,,0,78,,4569,37,,,0,25,,4548,37,,,0,80,,4559,37,,,0,81,,4549,37,,,0,39,,4560,37,,,0,71,,4550,37,,,0,34,,4561,37,,,0,75,,4551,37,,,0,75,,4562,37,,,0,38,,4563,37,,,0,104,,4568,37,,,0,105,,4567,37,,,0,105,,4566,37,,,0,145,,4564,37,,,0
6000,'EventOn',619,,4570,18,,,0,27,,4581,37,,,0,81,,4571,37,,,0,73,,4582,37,,,0,2,,4600,6,0,19,0,37,,4572,37,,,0,75,,4583,37,,,0,33,,4573,37,,,0,76,,4584,37,,,0,34,,4574,37,,,0,76,,4585,37,,,0,73,,4575,37,,,0,36,,4586,37,,,0,75,,4576,37,,,0,28,,4587,37,,,0,78,,4598,37,,,0,25,,4577,37,,,0,80,,4588,37,,,0,13,,4601,6,0,14 15,0,68,,4578,37,,,0,39,,4589,37,,,0,71,,4579,37,,,0,34,,4590,37,,,0,75,,4580,37,,,0,75,,4591,37,,,0,38,,4592,37,,,0,104,,4597,37,,,0,105,,4596,37,,,0,105,,4595,37,,,0,145,,4593,37,,,0
6000,'KerOffPriveOff',619,,4602,18,,,0,27,,4613,37,,,0,81,,4603,37,,,0,73,,4614,37,,,0,2,,4632,6,0,19,0,37,,4604,37,,,0,75,,4615,37,,,0,33,,4605,37,,,0,76,,4616,37,,,0,34,,4606,37,,,0,76,,4617,37,,,0,73,,4607,37,,,0,36,,4618,37,,,0,75,,4608,37,,,0,28,,4619,37,,,0,78,,4630,37,,,0,25,,4609,37,,,0,80,,4620,37,,,0,13,,4633,6,0,14 15,0,68,,4610,37,,,0,39,,4621,37,,,0,71,,4611,37,,,0,34,,4622,37,,,0,75,,4612,37,,,0,75,,4623,37,,,0,38,,4624,37,,,0,104,,4629,37,,,0,105,,4628,37,,,0,105,,4627,37,,,0,145,,4625,37,,,0
6000,'Samedi',637,,4639,37,,,0,104,,4645,37,,,0,105,,4634,37,,,0,105,,4640,37,,,0,105,,4646,37,,,0,145,,4635,37,,,0,106,,4641,37,,,0,105,,4647,37,,,0,105,,4636,37,,,0,105,,4642,37,,,0,104,,4648,37,,,0,105,,4637,37,,,0,105,,4643,37,,,0,105,,4649,37,,,0,105,,4638,37,,,0,105,,4644,37,,,0,105,,4650,37,,,0
111800500,'CsRoyOff',733,,4936,19,,,0,880,,4937,36,,,0
111800500,'CsRoyOffKerOff',1613,,4938,36,,,0
111800500,'EventOn',733,,4939,19,,,0,880,,4940,36,,,0
19200300000,'CsRoyOff',733,,5009,18,0,11 18,0
19200300000,'CsRoyOffKerOff',733,,5011,18,0,11 18,0
19200300000,'EventOn',733,,5013,18,0,11 18,0
