2500,'CsRoyOff',614,,3573,13,,,0,29,,3548,40,,,0,75,,3546,40,,,0,9,,3575,23,0,21,0,31,,3549,40,,,0,75,,3547,40,,,0,75,,3550,40,,,0,34,,3551,40,,,0,75,,3552,40,,,0,35,,3553,40,,,0,75,,3554,40,,,0,75,,3555,40,,,0,35,,3556,40,,,0,75,,3557,40,,,0,35,,3558,40,,,0,75,,3559,40,,,0,35,,3560,40,,,0,81,,3561,40,,,0,71,,3576,23,,,0,7,,3562,40,,,0,36,,3563,40,,,0,75,,3564,40,,,0,75,,3565,40,,,0,35,,3566,40,,,0,75,,3567,40,,,0,104,,3568,40,,,0,105,,3569,40,,,0,105,,3570,40,,,0,105,,3571,40,,,0,105,,3572,40,,,0
2500,'CsRoyOffKerOff',614,,3604,13,,,0,29,,3579,40,,,0,75,,3577,40,,,0,9,,3605,23,0,21,0,31,,3580,40,,,0,75,,3578,40,,,0,75,,3581,40,,,0,34,,3582,40,,,0,75,,3583,40,,,0,35,,3584,40,,,0,75,,3585,40,,,0,75,,3586,40,,,0,35,,3587,40,,,0,75,,3588,40,,,0,35,,3589,40,,,0,75,,3590,40,,,0,35,,3591,40,,,0,81,,3592,40,,,0,71,,3606,23,,,0,7,,3593,40,,,0,36,,3594,40,,,0,75,,3595,40,,,0,75,,3596,40,,,0,35,,3597,40,,,0,75,,3598,40,,,0,104,,3599,40,,,0,105,,3600,40,,,0,105,,3601,40,,,0,105,,3602,40,,,0,105,,3603,40,,,0
2500,'Dimanche',838,,3617,13,,,0,104,,3610,40,,,0,105,,3611,40,,,0,105,,3612,40,,,0,105,,3613,40,,,0,145,,3614,40,,,0,105,,3615,40,,,0,105,,3616,40,,,0,105,,3608,40,,,0,105,,3609,40,,,0,105,,3607,40,,,0
2500,'EventOff',614,,3645,13,,,0,29,,3620,40,,,0,75,,3618,40,,,0,40,,3621,40,,,0,75,,3619,40,,,0,75,,3622,40,,,0,34,,3623,40,,,0,75,,3624,40,,,0,35,,3625,40,,,0,75,,3626,40,,,0,75,,3627,40,,,0,35,,3628,40,,,0,75,,3629,40,,,0,35,,3630,40,,,0,75,,3631,40,,,0,35,,3632,40,,,0,81,,3633,40,,,0,78,,3634,40,,,0,36,,3635,40,,,0,75,,3636,40,,,0,75,,3637,40,,,0,35,,3638,40,,,0,75,,3639,40,,,0,104,,3640,40,,,0,105,,3641,40,,,0,105,,3642,40,,,0,105,,3643,40,,,0,105,,3644,40,,,0
2500,'EventOn',614,,3673,13,,,0,29,,3648,40,,,0,74,,3674,13,0,9,0,1,,3646,40,,,0,9,,3677,23,0,21,0,31,,3649,40,,,0,75,,3647,40,,,0,75,,3650,40,,,0,34,,3651,40,,,0,75,,3652,40,,,0,35,,3653,40,,,0,75,,3654,40,,,0,75,,3655,40,,,0,35,,3656,40,,,0,75,,3657,40,,,0,35,,3658,40,,,0,75,,3659,40,,,0,35,,3660,40,,,0,81,,3661,40,,,0,19,,3680,14,,,0,52,,3679,23,,,0,5,,3678,42,,,0,2,,3662,40,,,0,36,,3663,40,,,0,75,,3664,40,,,0,75,,3665,40,,,0,35,,3666,40,,,0,75,,3667,40,,,0,104,,3668,40,,,0,105,,3669,40,,,0,105,,3670,40,,,0,105,,3671,40,,,0,105,,3672,40,,,0
2500,'KerOffPriveOff',614,,3708,13,,,0,29,,3683,40,,,0,74,,3709,13,0,9,0,1,,3681,40,,,0,40,,3684,40,,,0,75,,3682,40,,,0,75,,3685,40,,,0,34,,3686,40,,,0,75,,3687,40,,,0,35,,3688,40,,,0,75,,3689,40,,,0,75,,3690,40,,,0,35,,3691,40,,,0,75,,3692,40,,,0,35,,3693,40,,,0,75,,3694,40,,,0,35,,3695,40,,,0,81,,3696,40,,,0,19,,3712,14,,,0,57,,3711,42,,,0,2,,3697,40,,,0,36,,3698,40,,,0,75,,3699,40,,,0,75,,3700,40,,,0,35,,3701,40,,,0,75,,3702,40,,,0,104,,3703,40,,,0,105,,3704,40,,,0,105,,3705,40,,,0,105,,3706,40,,,0,105,,3707,40,,,0
2500,'Samedi',606,,3725,13,,,0,106,,3713,40,,,0,105,,3719,40,,,0,105,,3726,40,,,0,105,,3714,40,,,0,105,,3720,40,,,0,105,,3727,40,,,0,105,,3715,40,,,0,105,,3721,40,,,0,105,,3728,40,,,0,105,,3716,40,,,0,145,,3722,40,,,0,105,,3729,40,,,0,105,,3717,40,,,0,105,,3723,40,,,0,105,,3730,40,,,0,105,,3718,40,,,0,105,,3724,40,,,0
3080300000,'EventOn',805,,4978,5,,,0
3080300000,'KerOffPriveOff',805,,4979,5,,,0
3080300001,'EventOn',1603,,4980,7,,,0
3080300001,'KerOffPriveOff',1603,,4981,7,,,0
3080400000,'EventOn',810,,4982,33,,,0
3080400000,'KerOffPriveOff',810,,4983,33,,,0
3080400001,'EventOn',1603,,4984,14,,,0
3080400001,'KerOffPriveOff',1603,,4985,14,,,0
