1301,'CsRoyOff',629,,2899,31,,,0,80,,2905,31,,,0,34,,2894,31,,,0,80,,2910,31,,,0,33,,2900,31,,,0,74,,2906,31,,,0,74,,2895,31,,,0,35,,2911,31,,,0,78,,2901,31,,,0,34,,2907,31,,,0,75,,2896,31,,,0,75,,2912,31,,,0,34,,2902,31,,,0,75,,2908,31,,,0,38,,2897,31,,,0,80,,2913,31,,,0,25,,2920,33,0,7 8,0,52,,2903,31,,,0,37,,2909,31,,,0,77,,2898,31,,,0,35,,2914,31,,,0,74,,2904,31,,,0,107,,2915,31,,,0,104,,2919,31,,,0,105,,2918,31,,,0,105,,2917,31,,,0,105,,2916,31,,,0
1301,'CsRoyOffKerOff',629,,2926,31,,,0,80,,2932,31,,,0,34,,2921,31,,,0,80,,2937,31,,,0,33,,2927,31,,,0,74,,2933,31,,,0,74,,2922,31,,,0,35,,2938,31,,,0,78,,2928,31,,,0,34,,2934,31,,,0,75,,2923,31,,,0,75,,2939,31,,,0,34,,2929,31,,,0,75,,2935,31,,,0,38,,2924,31,,,0,80,,2940,31,,,0,77,,2930,31,,,0,37,,2936,31,,,0,77,,2925,31,,,0,35,,2941,31,,,0,74,,2931,31,,,0,107,,2942,31,,,0,104,,2946,31,,,0,105,,2945,31,,,0,105,,2944,31,,,0,105,,2943,31,,,0
1301,'Dimanche',857,,2948,31,,,0,145,,2949,31,,,0,106,,2950,31,,,0,106,,2953,31,,,0,105,,2952,31,,,0,105,,2954,31,,,0,104,,2955,31,,,0,105,,2956,31,,,0,105,,2951,31,,,0,105,,2947,31,,,0
1301,'EventOff',629,,2962,31,,,0,80,,2968,31,,,0,34,,2957,31,,,0,80,,2973,31,,,0,33,,2963,31,,,0,74,,2969,31,,,0,74,,2958,31,,,0,35,,2974,31,,,0,78,,2964,31,,,0,34,,2970,31,,,0,75,,2959,31,,,0,75,,2975,31,,,0,34,,2965,31,,,0,75,,2971,31,,,0,38,,2960,31,,,0,80,,2976,31,,,0,77,,2966,31,,,0,37,,2972,31,,,0,77,,2961,31,,,0,35,,2977,31,,,0,74,,2967,31,,,0,107,,2978,31,,,0,104,,2982,31,,,0,105,,2981,31,,,0,105,,2980,31,,,0,105,,2979,31,,,0
1301,'EventOn',629,,2988,31,,,0,80,,2994,31,,,0,34,,2983,31,,,0,80,,2999,31,,,0,33,,2989,31,,,0,74,,2995,31,,,0,74,,2984,31,,,0,35,,3000,31,,,0,78,,2990,31,,,0,34,,2996,31,,,0,75,,2985,31,,,0,75,,3001,31,,,0,34,,2991,31,,,0,75,,2997,31,,,0,38,,2986,31,,,0,80,,3002,31,,,0,25,,3011,33,0,7 8,0,52,,2992,31,,,0,37,,2998,31,,,0,77,,2987,31,,,0,35,,3003,31,,,0,74,,2993,31,,,0,107,,3004,31,,,0,104,,3008,31,,,0,105,,3007,31,,,0,105,,3006,31,,,0,105,,3005,31,,,0
1301,'KerOffPriveOff',629,,3017,31,,,0,80,,3023,31,,,0,34,,3012,31,,,0,80,,3028,31,,,0,33,,3018,31,,,0,74,,3024,31,,,0,74,,3013,31,,,0,35,,3029,31,,,0,78,,3019,31,,,0,34,,3025,31,,,0,75,,3014,31,,,0,75,,3030,31,,,0,34,,3020,31,,,0,75,,3026,31,,,0,38,,3015,31,,,0,80,,3031,31,,,0,77,,3021,31,,,0,37,,3027,31,,,0,77,,3016,31,,,0,35,,3032,31,,,0,74,,3022,31,,,0,107,,3033,31,,,0,104,,3037,31,,,0,105,,3036,31,,,0,105,,3035,31,,,0,105,,3034,31,,,0
1301,'Samedi',629,,3040,31,,,0,103,,3049,31,,,0,105,,3041,31,,,0,106,,3050,31,,,0,107,,3042,31,,,0,105,,3051,31,,,0,145,,3043,31,,,0,105,,3052,31,,,0,105,,3044,31,,,0,105,,3053,31,,,0,105,,3045,31,,,0,104,,3054,31,,,0,104,,3046,31,,,0,105,,3055,31,,,0,104,,3047,31,,,0,105,,3056,31,,,0,105,,3048,31,,,0
1401,'CsRoyOff',715,,3096,22,,,0,100,,3097,22,,,0,100,,3095,22,,,0,686,,3094,28,,,0,100,,3093,28,,,0,99,,3092,28,,,0
1401,'CsRoyOffKerOff',715,,3102,22,,,0,100,,3103,22,,,0,100,,3101,22,,,0,686,,3100,28,,,0,100,,3099,28,,,0,99,,3098,28,,,0
1401,'EventOff',715,,3108,22,,,0,100,,3109,22,,,0,100,,3107,22,,,0,686,,3106,28,,,0,100,,3105,28,,,0,99,,3104,28,,,0
1401,'EventOn',715,,3114,22,,,0,100,,3115,22,,,0,100,,3113,22,,,0,686,,3112,28,,,0,100,,3111,28,,,0,99,,3110,28,,,0
1401,'KerOffPriveOff',715,,3120,22,,,0,100,,3121,22,,,0,100,,3119,22,,,0,686,,3118,28,,,0,100,,3117,28,,,0,99,,3116,28,,,0
1601,'CsRoyOff',641,,3244,32,,,0,116,,3229,32,,,0,150,,3230,32,,,0,110,,3231,32,,,0,110,,3232,32,,,0,110,,3233,32,,,0,110,,3234,32,,,0,110,,3235,32,,,0,155,,3236,32,,,0,116,,3237,32,,,0,109,,3238,32,,,0,107,,3239,32,,,0,100,,3240,32,,,0,105,,3241,32,,,0,105,,3243,32,,,0,105,,3242,32,,,0
1601,'CsRoyOffKerOff',641,,3260,32,,,0,116,,3245,32,,,0,150,,3246,32,,,0,110,,3247,32,,,0,110,,3248,32,,,0,110,,3249,32,,,0,110,,3250,32,,,0,110,,3251,32,,,0,155,,3252,32,,,0,116,,3253,32,,,0,109,,3254,32,,,0,107,,3255,32,,,0,100,,3256,32,,,0,105,,3257,32,,,0,105,,3259,32,,,0,105,,3258,32,,,0
1601,'Dimanche',905,,3269,32,,,0,105,,3262,32,,,0,105,,3263,32,,,0,105,,3264,32,,,0,105,,3265,32,,,0,106,,3266,32,,,0,106,,3267,32,,,0,105,,3268,32,,,0,104,,3261,32,,,0,105,,3270,32,,,0
1601,'EventOff',641,,3286,32,,,0,116,,3271,32,,,0,150,,3272,32,,,0,110,,3273,32,,,0,110,,3274,32,,,0,110,,3275,32,,,0,110,,3276,32,,,0,110,,3277,32,,,0,155,,3278,32,,,0,116,,3279,32,,,0,109,,3280,32,,,0,107,,3281,32,,,0,100,,3282,32,,,0,105,,3283,32,,,0,105,,3285,32,,,0,105,,3284,32,,,0
1601,'EventOn',641,,3302,32,,,0,116,,3287,32,,,0,150,,3288,32,,,0,110,,3289,32,,,0,110,,3290,32,,,0,110,,3291,32,,,0,110,,3292,32,,,0,110,,3293,32,,,0,155,,3294,32,,,0,116,,3295,32,,,0,109,,3296,32,,,0,107,,3297,32,,,0,100,,3298,32,,,0,105,,3299,32,,,0,105,,3301,32,,,0,105,,3300,32,,,0
1601,'KerOffPriveOff',641,,3318,32,,,0,116,,3303,32,,,0,150,,3304,32,,,0,110,,3305,32,,,0,110,,3306,32,,,0,110,,3307,32,,,0,110,,3308,32,,,0,110,,3309,32,,,0,155,,3310,32,,,0,116,,3311,32,,,0,109,,3312,32,,,0,107,,3313,32,,,0,100,,3314,32,,,0,105,,3315,32,,,0,105,,3317,32,,,0,105,,3316,32,,,0
1601,'Samedi',635,,3334,32,,,0,105,,3335,32,,,0,105,,3327,32,,,0,105,,3319,32,,,0,105,,3320,32,,,0,145,,3321,32,,,0,105,,3322,32,,,0,105,,3323,32,,,0,105,,3324,32,,,0,105,,3325,32,,,0,106,,3326,32,,,0,105,,3328,32,,,0,105,,3329,32,,,0,105,,3330,32,,,0,105,,3331,32,,,0,105,,3332,32,,,0,105,,3333,32,,,0
2501,'CsRoyOff',626,,3731,20,,,0,74,,3733,20,,,0,40,,3732,20,,,0,77,,3734,20,,,0,33,,3752,20,,,0,74,,3735,20,,,0,35,,3736,20,,,0,75,,3737,20,,,0,75,,3738,20,,,0,35,,3739,20,,,0,75,,3740,20,,,0,35,,3741,20,,,0,75,,3742,20,,,0,75,,3743,20,,,0,35,,3744,20,,,0,78,,3745,20,,,0,21,,3758,15,0,7 8,0,18,,3746,20,,,0,78,,3747,20,,,0,76,,3748,20,,,0,35,,3749,20,,,0,75,,3750,20,,,0,33,,3751,20,,,0,75,,3753,20,,,0,104,,3754,20,,,0,105,,3755,20,,,0,105,,3756,20,,,0,105,,3757,20,,,0
2501,'CsRoyOffKerOff',626,,3759,20,,,0,74,,3761,20,,,0,40,,3760,20,,,0,77,,3762,20,,,0,33,,3780,20,,,0,74,,3763,20,,,0,35,,3764,20,,,0,75,,3765,20,,,0,75,,3766,20,,,0,35,,3767,20,,,0,75,,3768,20,,,0,35,,3769,20,,,0,75,,3770,20,,,0,75,,3771,20,,,0,35,,3772,20,,,0,78,,3773,20,,,0,39,,3774,20,,,0,78,,3775,20,,,0,76,,3776,20,,,0,35,,3777,20,,,0,75,,3778,20,,,0,33,,3779,20,,,0,75,,3781,20,,,0,104,,3782,20,,,0,105,,3783,20,,,0,105,,3784,20,,,0,105,,3785,20,,,0
2501,'Dimanche',852,,3788,20,,,0,105,,3789,20,,,0,145,,3790,20,,,0,105,,3791,20,,,0,105,,3792,20,,,0,105,,3793,20,,,0,105,,3794,20,,,0,105,,3795,20,,,0,105,,3787,20,,,0,105,,3786,20,,,0
2501,'EventOff',626,,3796,20,,,0,74,,3798,20,,,0,40,,3797,20,,,0,77,,3799,20,,,0,33,,3817,20,,,0,74,,3800,20,,,0,35,,3801,20,,,0,75,,3802,20,,,0,75,,3803,20,,,0,35,,3804,20,,,0,75,,3805,20,,,0,35,,3806,20,,,0,75,,3807,20,,,0,75,,3808,20,,,0,35,,3809,20,,,0,78,,3810,20,,,0,39,,3811,20,,,0,78,,3812,20,,,0,76,,3813,20,,,0,35,,3814,20,,,0,75,,3815,20,,,0,33,,3816,20,,,0,75,,3818,20,,,0,104,,3819,20,,,0,105,,3820,20,,,0,105,,3821,20,,,0,105,,3822,20,,,0
2501,'EventOn',626,,3823,20,,,0,74,,3825,20,,,0,31,,3850,20,0,9,0,9,,3824,20,,,0,12,,3851,20,0,10,0,65,,3826,20,,,0,33,,3844,20,,,0,74,,3827,20,,,0,35,,3828,20,,,0,75,,3829,20,,,0,75,,3830,20,,,0,35,,3831,20,,,0,75,,3832,20,,,0,35,,3833,20,,,0,75,,3834,20,,,0,75,,3835,20,,,0,35,,3836,20,,,0,78,,3837,20,,,0,21,,3852,15,0,7 8,0,18,,3838,20,,,0,78,,3839,20,,,0,76,,3840,20,,,0,35,,3841,20,,,0,75,,3842,20,,,0,33,,3843,20,,,0,75,,3845,20,,,0,104,,3846,20,,,0,105,,3847,20,,,0,105,,3848,20,,,0,105,,3849,20,,,0
2501,'KerOffPriveOff',626,,3853,20,,,0,74,,3855,20,,,0,31,,3880,20,0,9,0,9,,3854,20,,,0,12,,3881,20,0,10,0,65,,3856,20,,,0,33,,3874,20,,,0,74,,3857,20,,,0,35,,3858,20,,,0,75,,3859,20,,,0,75,,3860,20,,,0,35,,3861,20,,,0,75,,3862,20,,,0,35,,3863,20,,,0,75,,3864,20,,,0,75,,3865,20,,,0,35,,3866,20,,,0,78,,3867,20,,,0,39,,3868,20,,,0,78,,3869,20,,,0,76,,3870,20,,,0,35,,3871,20,,,0,75,,3872,20,,,0,33,,3873,20,,,0,75,,3875,20,,,0,104,,3876,20,,,0,105,,3877,20,,,0,105,,3878,20,,,0,105,,3879,20,,,0
2501,'Samedi',622,,3893,20,,,0,104,,3882,20,,,0,105,,3888,20,,,0,105,,3894,20,,,0,105,,3883,20,,,0,105,,3889,20,,,0,105,,3895,20,,,0,106,,3884,20,,,0,145,,3890,20,,,0,105,,3896,20,,,0,105,,3885,20,,,0,104,,3891,20,,,0,105,,3897,20,,,0,105,,3886,20,,,0,105,,3892,20,,,0,105,,3898,20,,,0,105,,3887,20,,,0
