1100,'CsRoyOff',638,,2185,38,,,0,78,,2169,38,,,0,41,,2181,38,,,0,73,,2165,38,,,0,76,,2176,38,,,0,34,,2173,38,,,0,75,,2186,38,,,0,35,,2170,38,,,0,75,,2182,38,,,0,75,,2166,38,,,0,35,,2177,38,,,0,75,,2174,38,,,0,36,,2183,38,,,0,75,,2167,38,,,0,35,,2180,38,,,0,81,,2171,38,,,0,64,,2192,32,,,0,15,,2178,38,,,0,37,,2175,38,,,0,74,,2184,38,,,0,32,,2168,38,,,0,75,,2179,38,,,0,75,,2172,38,,,0,105,,2190,38,,,0,105,,2191,38,,,0,105,,2189,38,,,0,105,,2188,38,,,0,100,,2187,38,,,0
1100,'CsRoyOffKerOff',638,,2213,38,,,0,78,,2197,38,,,0,41,,2209,38,,,0,73,,2193,38,,,0,76,,2204,38,,,0,34,,2201,38,,,0,75,,2214,38,,,0,35,,2198,38,,,0,75,,2210,38,,,0,75,,2194,38,,,0,35,,2205,38,,,0,75,,2202,38,,,0,36,,2211,38,,,0,75,,2195,38,,,0,35,,2208,38,,,0,81,,2199,38,,,0,64,,2220,32,,,0,15,,2206,38,,,0,37,,2203,38,,,0,74,,2212,38,,,0,32,,2196,38,,,0,75,,2207,38,,,0,75,,2200,38,,,0,105,,2218,38,,,0,105,,2219,38,,,0,105,,2217,38,,,0,105,,2216,38,,,0,100,,2215,38,,,0
1100,'Dimanche',936,,2224,38,,,0,105,,2226,38,,,0,105,,2225,38,,,0,105,,2227,38,,,0,105,,2228,38,,,0,145,,2229,38,,,0,105,,2230,38,,,0,105,,2222,38,,,0,103,,2221,38,,,0,105,,2223,38,,,0
1100,'EventOff',638,,2251,38,,,0,78,,2235,38,,,0,41,,2247,38,,,0,73,,2231,38,,,0,76,,2242,38,,,0,34,,2239,38,,,0,75,,2252,38,,,0,35,,2236,38,,,0,75,,2248,38,,,0,75,,2232,38,,,0,35,,2243,38,,,0,75,,2240,38,,,0,36,,2249,38,,,0,75,,2233,38,,,0,35,,2246,38,,,0,81,,2237,38,,,0,79,,2244,38,,,0,37,,2241,38,,,0,74,,2250,38,,,0,32,,2234,38,,,0,75,,2245,38,,,0,75,,2238,38,,,0,105,,2256,38,,,0,105,,2257,38,,,0,105,,2255,38,,,0,105,,2254,38,,,0,100,,2253,38,,,0
1100,'EventOn',638,,2278,38,,,0,78,,2262,38,,,0,41,,2274,38,,,0,73,,2258,38,,,0,76,,2269,38,,,0,34,,2266,38,,,0,75,,2279,38,,,0,35,,2263,38,,,0,75,,2275,38,,,0,75,,2259,38,,,0,35,,2270,38,,,0,75,,2267,38,,,0,36,,2276,38,,,0,75,,2260,38,,,0,35,,2273,38,,,0,81,,2264,38,,,0,64,,2288,32,,,0,12,,2287,24,,,0,3,,2271,38,,,0,37,,2268,38,,,0,74,,2277,38,,,0,32,,2261,38,,,0,75,,2272,38,,,0,75,,2265,38,,,0,105,,2283,38,,,0,105,,2284,38,,,0,105,,2282,38,,,0,105,,2281,38,,,0,100,,2280,38,,,0
1100,'KerOffPriveOff',638,,2309,38,,,0,78,,2293,38,,,0,41,,2305,38,,,0,73,,2289,38,,,0,76,,2300,38,,,0,34,,2297,38,,,0,75,,2310,38,,,0,35,,2294,38,,,0,75,,2306,38,,,0,75,,2290,38,,,0,35,,2301,38,,,0,75,,2298,38,,,0,36,,2307,38,,,0,75,,2291,38,,,0,35,,2304,38,,,0,81,,2295,38,,,0,76,,2318,24,,,0,3,,2302,38,,,0,37,,2299,38,,,0,74,,2308,38,,,0,32,,2292,38,,,0,75,,2303,38,,,0,75,,2296,38,,,0,105,,2314,38,,,0,105,,2315,38,,,0,105,,2313,38,,,0,105,,2312,38,,,0,100,,2311,38,,,0
1100,'Samedi',706,,2319,38,,,0,106,,2328,38,,,0,105,,2320,38,,,0,105,,2329,38,,,0,104,,2321,38,,,0,105,,2330,38,,,0,105,,2322,38,,,0,105,,2331,38,,,0,105,,2323,38,,,0,105,,2332,38,,,0,104,,2324,38,,,0,104,,2333,38,,,0,145,,2325,38,,,0,105,,2334,38,,,0,105,,2326,38,,,0,105,,2335,38,,,0,105,,2327,38,,,0
1601,'CsRoyOff',620,,3244,9,,,0,115,,3229,9,,,0,110,,3230,9,,,0,110,,3231,9,,,0,150,,3232,9,,,0,110,,3233,9,,,0,110,,3234,9,,,0,110,,3235,9,,,0,115,,3236,9,,,0,155,,3237,9,,,0,110,,3238,9,,,0,109,,3239,9,,,0,100,,3240,9,,,0,105,,3241,9,,,0,105,,3243,9,,,0,105,,3242,9,,,0
1601,'CsRoyOffKerOff',620,,3260,9,,,0,115,,3245,9,,,0,110,,3246,9,,,0,110,,3247,9,,,0,150,,3248,9,,,0,110,,3249,9,,,0,110,,3250,9,,,0,110,,3251,9,,,0,115,,3252,9,,,0,155,,3253,9,,,0,110,,3254,9,,,0,109,,3255,9,,,0,100,,3256,9,,,0,105,,3257,9,,,0,105,,3259,9,,,0,105,,3258,9,,,0
1601,'Dimanche',844,,3269,9,,,0,105,,3262,9,,,0,105,,3263,9,,,0,105,,3264,9,,,0,145,,3265,9,,,0,105,,3266,9,,,0,105,,3267,9,,,0,105,,3268,9,,,0,105,,3261,9,,,0,105,,3270,9,,,0
1601,'EventOff',620,,3286,9,,,0,115,,3271,9,,,0,110,,3272,9,,,0,110,,3273,9,,,0,150,,3274,9,,,0,110,,3275,9,,,0,110,,3276,9,,,0,110,,3277,9,,,0,115,,3278,9,,,0,155,,3279,9,,,0,110,,3280,9,,,0,109,,3281,9,,,0,100,,3282,9,,,0,105,,3283,9,,,0,105,,3285,9,,,0,105,,3284,9,,,0
1601,'EventOn',620,,3302,9,,,0,115,,3287,9,,,0,110,,3288,9,,,0,110,,3289,9,,,0,150,,3290,9,,,0,110,,3291,9,,,0,110,,3292,9,,,0,110,,3293,9,,,0,115,,3294,9,,,0,155,,3295,9,,,0,110,,3296,9,,,0,109,,3297,9,,,0,100,,3298,9,,,0,105,,3299,9,,,0,105,,3301,9,,,0,105,,3300,9,,,0
1601,'KerOffPriveOff',620,,3318,9,,,0,115,,3303,9,,,0,110,,3304,9,,,0,110,,3305,9,,,0,150,,3306,9,,,0,110,,3307,9,,,0,110,,3308,9,,,0,110,,3309,9,,,0,115,,3310,9,,,0,155,,3311,9,,,0,110,,3312,9,,,0,109,,3313,9,,,0,100,,3314,9,,,0,105,,3315,9,,,0,105,,3317,9,,,0,105,,3316,9,,,0
1601,'Samedi',615,,3334,9,,,0,105,,3335,9,,,0,105,,3327,9,,,0,105,,3319,9,,,0,105,,3320,9,,,0,105,,3321,9,,,0,105,,3322,9,,,0,104,,3323,9,,,0,105,,3324,9,,,0,105,,3325,9,,,0,146,,3326,9,,,0,105,,3328,9,,,0,105,,3329,9,,,0,105,,3330,9,,,0,105,,3331,9,,,0,105,,3332,9,,,0,105,,3333,9,,,0
