1400,'CsRoyOff',643,,3062,18,,,0,70,,3063,18,,,0,30,,3061,18,,,0,100,,3060,18,,,0
1400,'CsRoyOffKerOff',643,,3069,18,,,0,70,,3070,18,,,0,30,,3068,18,,,0,100,,3067,18,,,0
1400,'EventOff',643,,3076,18,,,0,70,,3077,18,,,0,30,,3075,18,,,0,100,,3074,18,,,0
1400,'EventOn',643,,3083,18,,,0,70,,3084,18,,,0,30,,3082,18,,,0,100,,3081,18,,,0
1400,'KerOffPriveOff',643,,3090,18,,,0,70,,3091,18,,,0,30,,3089,18,,,0,100,,3088,18,,,0
1401,'CsRoyOff',1551,,3094,15,,,0,100,,3093,15,,,0,99,,3092,15,,,0
1401,'CsRoyOffKerOff',1551,,3100,15,,,0,100,,3099,15,,,0,99,,3098,15,,,0
1401,'EventOff',1551,,3106,15,,,0,100,,3105,15,,,0,99,,3104,15,,,0
1401,'EventOn',1551,,3112,15,,,0,100,,3111,15,,,0,99,,3110,15,,,0
1401,'KerOffPriveOff',1551,,3118,15,,,0,100,,3117,15,,,0,99,,3116,15,,,0
