500,'CsRoyOff',630,,654,24,,,0,77,,663,24,,,0,26,,681,24,,,0,15,,671,24,,,0,75,,668,24,,,0,35,,659,24,,,0,75,,655,24,,,0,75,,664,24,,,0,35,,672,24,,,0,75,,667,24,,,0,35,,660,24,,,0,75,,656,24,,,0,75,,665,24,,,0,35,,673,24,,,0,75,,670,24,,,0,35,,661,24,,,0,80,,657,24,,,0,78,,666,24,,,0,36,,674,24,,,0,75,,669,24,,,0,35,,662,24,,,0,73,,658,24,,,0,75,,680,24,,,0,105,,679,24,,,0,105,,678,24,,,0,105,,677,24,,,0,105,,676,24,,,0,105,,675,24,,,0
500,'CsRoyOffKerOff',630,,682,24,,,0,77,,691,24,,,0,26,,709,24,,,0,15,,699,24,,,0,75,,696,24,,,0,35,,687,24,,,0,75,,683,24,,,0,75,,692,24,,,0,35,,700,24,,,0,75,,695,24,,,0,35,,688,24,,,0,75,,684,24,,,0,75,,693,24,,,0,35,,701,24,,,0,75,,698,24,,,0,35,,689,24,,,0,80,,685,24,,,0,78,,694,24,,,0,36,,702,24,,,0,75,,697,24,,,0,35,,690,24,,,0,73,,686,24,,,0,75,,708,24,,,0,105,,707,24,,,0,105,,706,24,,,0,105,,705,24,,,0,105,,704,24,,,0,105,,703,24,,,0
500,'Dimanche',930,,712,24,,,0,105,,715,24,,,0,105,,714,24,,,0,105,,716,24,,,0,107,,717,24,,,0,105,,718,24,,,0,145,,719,24,,,0,105,,713,24,,,0,105,,710,24,,,0,103,,711,24,,,0
500,'EventOff',630,,720,24,,,0,77,,729,24,,,0,26,,747,24,,,0,15,,737,24,,,0,75,,734,24,,,0,35,,725,24,,,0,75,,721,24,,,0,75,,730,24,,,0,35,,738,24,,,0,75,,733,24,,,0,35,,726,24,,,0,75,,722,24,,,0,75,,731,24,,,0,35,,739,24,,,0,75,,736,24,,,0,35,,727,24,,,0,80,,723,24,,,0,78,,732,24,,,0,36,,740,24,,,0,75,,735,24,,,0,35,,728,24,,,0,73,,724,24,,,0,75,,746,24,,,0,105,,745,24,,,0,105,,744,24,,,0,105,,743,24,,,0,105,,742,24,,,0,105,,741,24,,,0
500,'EventOn',630,,748,24,,,0,77,,757,24,,,0,26,,775,24,,,0,15,,765,24,,,0,75,,762,24,,,0,35,,753,24,,,0,75,,749,24,,,0,75,,758,24,,,0,35,,766,24,,,0,75,,761,24,,,0,35,,754,24,,,0,75,,750,24,,,0,75,,759,24,,,0,35,,767,24,,,0,75,,764,24,,,0,35,,755,24,,,0,80,,751,24,,,0,78,,760,24,,,0,12,,776,24,,,0,24,,768,24,,,0,75,,763,24,,,0,35,,756,24,,,0,73,,752,24,,,0,75,,774,24,,,0,105,,773,24,,,0,105,,772,24,,,0,105,,771,24,,,0,105,,770,24,,,0,105,,769,24,,,0
500,'KerOffPriveOff',630,,777,24,,,0,77,,786,24,,,0,26,,804,24,,,0,15,,794,24,,,0,75,,791,24,,,0,35,,782,24,,,0,75,,778,24,,,0,75,,787,24,,,0,35,,795,24,,,0,75,,790,24,,,0,35,,783,24,,,0,75,,779,24,,,0,75,,788,24,,,0,35,,796,24,,,0,75,,793,24,,,0,35,,784,24,,,0,80,,780,24,,,0,78,,789,24,,,0,12,,805,24,,,0,24,,797,24,,,0,75,,792,24,,,0,35,,785,24,,,0,73,,781,24,,,0,75,,803,24,,,0,105,,802,24,,,0,105,,801,24,,,0,105,,800,24,,,0,105,,799,24,,,0,105,,798,24,,,0
500,'Samedi',700,,817,24,,,0,105,,806,24,,,0,105,,812,24,,,0,105,,818,24,,,0,105,,807,24,,,0,105,,813,24,,,0,107,,819,24,,,0,105,,808,24,,,0,105,,814,24,,,0,105,,820,24,,,0,105,,809,24,,,0,103,,815,24,,,0,145,,821,24,,,0,105,,810,24,,,0,105,,816,24,,,0,105,,822,24,,,0,105,,811,24,,,0
2501,'CsRoyOff',633,,3731,27,,,0,74,,3733,27,,,0,40,,3732,27,,,0,77,,3734,27,,,0,33,,3752,27,,,0,74,,3735,27,,,0,75,,3736,27,,,0,35,,3737,27,,,0,75,,3738,27,,,0,35,,3739,27,,,0,75,,3740,27,,,0,75,,3741,27,,,0,35,,3742,27,,,0,75,,3743,27,,,0,35,,3744,27,,,0,78,,3745,27,,,0,79,,3746,27,,,0,38,,3747,27,,,0,76,,3748,27,,,0,35,,3749,27,,,0,75,,3750,27,,,0,73,,3751,27,,,0,35,,3753,27,,,0,104,,3754,27,,,0,105,,3755,27,,,0,105,,3756,27,,,0,105,,3757,27,,,0
2501,'CsRoyOffKerOff',633,,3759,27,,,0,74,,3761,27,,,0,40,,3760,27,,,0,77,,3762,27,,,0,33,,3780,27,,,0,74,,3763,27,,,0,75,,3764,27,,,0,35,,3765,27,,,0,75,,3766,27,,,0,35,,3767,27,,,0,75,,3768,27,,,0,75,,3769,27,,,0,35,,3770,27,,,0,75,,3771,27,,,0,35,,3772,27,,,0,78,,3773,27,,,0,79,,3774,27,,,0,38,,3775,27,,,0,76,,3776,27,,,0,35,,3777,27,,,0,75,,3778,27,,,0,73,,3779,27,,,0,35,,3781,27,,,0,104,,3782,27,,,0,105,,3783,27,,,0,105,,3784,27,,,0,105,,3785,27,,,0
2501,'Dimanche',859,,3788,27,,,0,145,,3789,27,,,0,105,,3790,27,,,0,105,,3791,27,,,0,105,,3792,27,,,0,105,,3793,27,,,0,105,,3794,27,,,0,105,,3795,27,,,0,105,,3787,27,,,0,105,,3786,27,,,0
2501,'EventOff',633,,3796,27,,,0,74,,3798,27,,,0,40,,3797,27,,,0,77,,3799,27,,,0,33,,3817,27,,,0,74,,3800,27,,,0,75,,3801,27,,,0,35,,3802,27,,,0,75,,3803,27,,,0,35,,3804,27,,,0,75,,3805,27,,,0,75,,3806,27,,,0,35,,3807,27,,,0,75,,3808,27,,,0,35,,3809,27,,,0,78,,3810,27,,,0,79,,3811,27,,,0,38,,3812,27,,,0,76,,3813,27,,,0,35,,3814,27,,,0,75,,3815,27,,,0,73,,3816,27,,,0,35,,3818,27,,,0,104,,3819,27,,,0,105,,3820,27,,,0,105,,3821,27,,,0,105,,3822,27,,,0
2501,'EventOn',633,,3823,27,,,0,74,,3825,27,,,0,31,,3850,27,0,9,0,9,,3824,27,,,0,12,,3851,27,0,10,0,65,,3826,27,,,0,33,,3844,27,,,0,74,,3827,27,,,0,75,,3828,27,,,0,35,,3829,27,,,0,75,,3830,27,,,0,35,,3831,27,,,0,75,,3832,27,,,0,75,,3833,27,,,0,35,,3834,27,,,0,75,,3835,27,,,0,35,,3836,27,,,0,78,,3837,27,,,0,79,,3838,27,,,0,38,,3839,27,,,0,76,,3840,27,,,0,35,,3841,27,,,0,75,,3842,27,,,0,73,,3843,27,,,0,35,,3845,27,,,0,104,,3846,27,,,0,105,,3847,27,,,0,105,,3848,27,,,0,105,,3849,27,,,0
2501,'KerOffPriveOff',633,,3853,27,,,0,74,,3855,27,,,0,31,,3880,27,0,9,0,9,,3854,27,,,0,12,,3881,27,0,10,0,65,,3856,27,,,0,33,,3874,27,,,0,74,,3857,27,,,0,75,,3858,27,,,0,35,,3859,27,,,0,75,,3860,27,,,0,35,,3861,27,,,0,75,,3862,27,,,0,75,,3863,27,,,0,35,,3864,27,,,0,75,,3865,27,,,0,35,,3866,27,,,0,78,,3867,27,,,0,79,,3868,27,,,0,38,,3869,27,,,0,76,,3870,27,,,0,35,,3871,27,,,0,75,,3872,27,,,0,73,,3873,27,,,0,35,,3875,27,,,0,104,,3876,27,,,0,105,,3877,27,,,0,105,,3878,27,,,0,105,,3879,27,,,0
2501,'Samedi',629,,3893,27,,,0,104,,3882,27,,,0,105,,3888,27,,,0,105,,3894,27,,,0,105,,3883,27,,,0,105,,3889,27,,,0,105,,3895,27,,,0,146,,3884,27,,,0,105,,3890,27,,,0,105,,3896,27,,,0,105,,3885,27,,,0,104,,3891,27,,,0,105,,3897,27,,,0,105,,3886,27,,,0,105,,3892,27,,,0,105,,3898,27,,,0,105,,3887,27,,,0
