501,'CsRoyOff',624,,840,7,,,0,79,,837,7,,,0,34,,827,7,,,0,77,,823,7,,,0,36,,833,7,,,0,76,,841,7,,,0,74,,831,7,,,0,35,,828,7,,,0,74,,824,7,,,0,35,,834,7,,,0,75,,842,7,,,0,35,,832,7,,,0,75,,829,7,,,0,75,,825,7,,,0,34,,835,7,,,0,76,,843,7,,,0,37,,839,7,,,0,78,,830,7,,,0,81,,826,7,,,0,35,,836,7,,,0,75,,844,7,,,0,35,,838,7,,,0,75,,849,7,,,0,97,,848,7,,,0,105,,847,7,,,0,105,,846,7,,,0,105,,845,7,,,0
501,'CsRoyOffKerOff',624,,868,7,,,0,79,,865,7,,,0,34,,855,7,,,0,77,,851,7,,,0,36,,861,7,,,0,76,,869,7,,,0,74,,859,7,,,0,35,,856,7,,,0,74,,852,7,,,0,35,,862,7,,,0,75,,870,7,,,0,35,,860,7,,,0,75,,857,7,,,0,75,,853,7,,,0,34,,863,7,,,0,76,,871,7,,,0,37,,867,7,,,0,78,,858,7,,,0,81,,854,7,,,0,35,,864,7,,,0,75,,872,7,,,0,35,,866,7,,,0,75,,877,7,,,0,97,,876,7,,,0,105,,875,7,,,0,105,,874,7,,,0,105,,873,7,,,0
501,'Dimanche',847,,882,7,,,0,105,,881,7,,,0,105,,883,7,,,0,145,,885,7,,,0,105,,884,7,,,0,106,,886,7,,,0,105,,887,7,,,0,105,,888,7,,,0,105,,879,7,,,0,105,,880,7,,,0
501,'EventOff',624,,906,7,,,0,79,,903,7,,,0,34,,893,7,,,0,77,,889,7,,,0,36,,899,7,,,0,76,,907,7,,,0,74,,897,7,,,0,35,,894,7,,,0,74,,890,7,,,0,35,,900,7,,,0,75,,908,7,,,0,35,,898,7,,,0,75,,895,7,,,0,75,,891,7,,,0,34,,901,7,,,0,76,,909,7,,,0,37,,905,7,,,0,78,,896,7,,,0,81,,892,7,,,0,35,,902,7,,,0,75,,910,7,,,0,35,,904,7,,,0,75,,915,7,,,0,97,,914,7,,,0,105,,913,7,,,0,105,,912,7,,,0,105,,911,7,,,0
501,'EventOn',624,,933,7,,,0,79,,930,7,,,0,34,,920,7,,,0,77,,916,7,,,0,36,,926,7,,,0,76,,934,7,,,0,74,,924,7,,,0,35,,921,7,,,0,74,,917,7,,,0,35,,927,7,,,0,75,,935,7,,,0,35,,925,7,,,0,75,,922,7,,,0,75,,918,7,,,0,34,,928,7,,,0,76,,936,7,,,0,37,,932,7,,,0,78,,923,7,,,0,81,,919,7,,,0,35,,929,7,,,0,75,,937,7,,,0,35,,931,7,,,0,75,,942,7,,,0,97,,941,7,,,0,105,,940,7,,,0,105,,939,7,,,0,105,,938,7,,,0
501,'KerOffPriveOff',624,,961,7,,,0,79,,958,7,,,0,34,,948,7,,,0,77,,944,7,,,0,36,,954,7,,,0,76,,962,7,,,0,74,,952,7,,,0,35,,949,7,,,0,74,,945,7,,,0,35,,955,7,,,0,75,,963,7,,,0,35,,953,7,,,0,75,,950,7,,,0,75,,946,7,,,0,34,,956,7,,,0,76,,964,7,,,0,37,,960,7,,,0,78,,951,7,,,0,81,,947,7,,,0,35,,957,7,,,0,75,,965,7,,,0,35,,959,7,,,0,75,,970,7,,,0,97,,969,7,,,0,105,,968,7,,,0,105,,967,7,,,0,105,,966,7,,,0
501,'Samedi',617,,971,7,,,0,105,,977,7,,,0,105,,983,7,,,0,105,,972,7,,,0,105,,978,7,,,0,105,,984,7,,,0,105,,973,7,,,0,106,,979,7,,,0,105,,985,7,,,0,145,,974,7,,,0,105,,980,7,,,0,105,,986,7,,,0,104,,975,7,,,0,105,,981,7,,,0,105,,987,7,,,0,105,,976,7,,,0,105,,982,7,,,0
6000,'CsRoyOff',624,,4484,7,,,0,82,,4474,7,,,0,30,,4485,7,,,0,80,,4475,7,,,0,36,,4486,7,,,0,74,,4476,7,,,0,76,,4487,7,,,0,34,,4477,7,,,0,75,,4488,7,,,0,32,,4478,7,,,0,77,,4489,7,,,0,35,,4479,7,,,0,68,,4490,7,,,0,77,,4501,7,,,0,25,,4480,7,,,0,80,,4491,7,,,0,37,,4481,7,,,0,78,,4492,7,,,0,35,,4482,7,,,0,76,,4493,7,,,0,75,,4483,7,,,0,35,,4494,7,,,0,78,,4495,7,,,0,105,,4500,7,,,0,105,,4499,7,,,0,105,,4498,7,,,0,105,,4496,7,,,0,101,,4497,7,0,14 15,0
6000,'CsRoyOffKerOff',624,,4513,7,,,0,82,,4503,7,,,0,30,,4514,7,,,0,80,,4504,7,,,0,36,,4515,7,,,0,74,,4505,7,,,0,76,,4516,7,,,0,34,,4506,7,,,0,75,,4517,7,,,0,32,,4507,7,,,0,77,,4518,7,,,0,35,,4508,7,,,0,68,,4519,7,,,0,77,,4530,7,,,0,25,,4509,7,,,0,80,,4520,7,,,0,37,,4510,7,,,0,78,,4521,7,,,0,35,,4511,7,,,0,76,,4522,7,,,0,75,,4512,7,,,0,35,,4523,7,,,0,78,,4524,7,,,0,105,,4529,7,,,0,105,,4528,7,,,0,105,,4527,7,,,0,105,,4525,7,,,0,101,,4526,7,0,14 15,0
6000,'Dimanche',846,,4531,7,,,0,105,,4532,7,,,0,104,,4534,7,,,0,147,,4536,7,,,0,104,,4537,7,,,0,104,,4538,7,,,0,105,,4539,7,,,0,104,,4540,7,,,0,106,,4535,7,,,0,105,,4533,7,,,0
6000,'EventOff',624,,4552,7,,,0,82,,4542,7,,,0,30,,4553,7,,,0,80,,4543,7,,,0,36,,4554,7,,,0,74,,4544,7,,,0,76,,4555,7,,,0,34,,4545,7,,,0,75,,4556,7,,,0,32,,4546,7,,,0,77,,4557,7,,,0,35,,4547,7,,,0,68,,4558,7,,,0,77,,4569,7,,,0,25,,4548,7,,,0,80,,4559,7,,,0,37,,4549,7,,,0,78,,4560,7,,,0,35,,4550,7,,,0,76,,4561,7,,,0,75,,4551,7,,,0,35,,4562,7,,,0,78,,4563,7,,,0,105,,4568,7,,,0,105,,4567,7,,,0,105,,4566,7,,,0,105,,4564,7,,,0,101,,4565,7,0,14 15,0
6000,'EventOn',624,,4581,7,,,0,82,,4571,7,,,0,30,,4582,7,,,0,80,,4572,7,,,0,7,,4599,7,0,9,0,29,,4583,7,,,0,74,,4573,7,,,0,76,,4584,7,,,0,34,,4574,7,,,0,75,,4585,7,,,0,32,,4575,7,,,0,77,,4586,7,,,0,35,,4576,7,,,0,68,,4587,7,,,0,77,,4598,7,,,0,25,,4577,7,,,0,80,,4588,7,,,0,37,,4578,7,,,0,78,,4589,7,,,0,35,,4579,7,,,0,76,,4590,7,,,0,75,,4580,7,,,0,35,,4591,7,,,0,78,,4592,7,,,0,105,,4597,7,,,0,105,,4596,7,,,0,105,,4595,7,,,0,105,,4593,7,,,0,101,,4594,7,0,14 15,0
6000,'KerOffPriveOff',624,,4613,7,,,0,82,,4603,7,,,0,30,,4614,7,,,0,80,,4604,7,,,0,7,,4631,7,0,9,0,29,,4615,7,,,0,74,,4605,7,,,0,76,,4616,7,,,0,34,,4606,7,,,0,75,,4617,7,,,0,32,,4607,7,,,0,77,,4618,7,,,0,35,,4608,7,,,0,68,,4619,7,,,0,77,,4630,7,,,0,25,,4609,7,,,0,80,,4620,7,,,0,37,,4610,7,,,0,78,,4621,7,,,0,35,,4611,7,,,0,76,,4622,7,,,0,75,,4612,7,,,0,35,,4623,7,,,0,78,,4624,7,,,0,105,,4629,7,,,0,105,,4628,7,,,0,105,,4627,7,,,0,105,,4625,7,,,0,101,,4626,7,0,14 15,0
6000,'Samedi',616,,4639,7,,,0,104,,4645,7,,,0,105,,4634,7,,,0,105,,4640,7,,,0,106,,4646,7,,,0,105,,4635,7,,,0,105,,4641,7,,,0,106,,4647,7,,,0,104,,4636,7,,,0,145,,4642,7,,,0,104,,4648,7,,,0,105,,4637,7,,,0,105,,4643,7,,,0,105,,4649,7,,,0,105,,4638,7,,,0,105,,4644,7,,,0,105,,4650,7,,,0,100,,4651,7,0,14 15,0
111800500,'CsRoyOff',1545,,4937,5,,,0
111800500,'CsRoyOffKerOff',1545,,4938,5,,,0
111800500,'EventOn',1545,,4940,5,,,0
160900101,'EventOn',758,,4948,25,,,0
160900101,'KerOffPriveOff',758,,4949,25,,,0
