801,'CsRoyOff',621,,1503,21,,,0,80,,1492,21,,,0,36,,1504,21,,,0,81,,1493,21,,,0,33,,1505,21,,,0,74,,1494,21,,,0,75,,1506,21,,,0,35,,1495,21,,,0,75,,1507,21,,,0,36,,1496,21,,,0,75,,1508,21,,,0,35,,1497,21,,,0,75,,1509,21,,,0,75,,1498,21,,,0,35,,1510,21,,,0,79,,1499,21,,,0,37,,1511,21,,,0,78,,1500,21,,,0,78,,1512,21,,,0,33,,1501,21,,,0,74,,1513,21,,,0,34,,1502,21,,,0,74,,1514,21,,,0,106,,1518,21,,,0,105,,1517,21,,,0,105,,1515,21,,,0,105,,1516,21,,,0
801,'CsRoyOffKerOff',621,,1530,21,,,0,80,,1519,21,,,0,36,,1531,21,,,0,81,,1520,21,,,0,33,,1532,21,,,0,74,,1521,21,,,0,75,,1533,21,,,0,35,,1522,21,,,0,75,,1534,21,,,0,36,,1523,21,,,0,75,,1535,21,,,0,35,,1524,21,,,0,75,,1536,21,,,0,75,,1525,21,,,0,35,,1537,21,,,0,79,,1526,21,,,0,37,,1538,21,,,0,78,,1527,21,,,0,78,,1539,21,,,0,33,,1528,21,,,0,74,,1540,21,,,0,34,,1529,21,,,0,74,,1541,21,,,0,106,,1545,21,,,0,105,,1544,21,,,0,105,,1542,21,,,0,105,,1543,21,,,0
801,'Dimanche',853,,1547,21,,,0,105,,1548,21,,,0,145,,1549,21,,,0,105,,1552,21,,,0,105,,1551,21,,,0,105,,1553,21,,,0,104,,1554,21,,,0,105,,1555,21,,,0,105,,1550,21,,,0,105,,1546,21,,,0
801,'EventOff',621,,1567,21,,,0,80,,1556,21,,,0,36,,1568,21,,,0,81,,1557,21,,,0,33,,1569,21,,,0,74,,1558,21,,,0,75,,1570,21,,,0,35,,1559,21,,,0,75,,1571,21,,,0,36,,1560,21,,,0,75,,1572,21,,,0,35,,1561,21,,,0,75,,1573,21,,,0,75,,1562,21,,,0,35,,1574,21,,,0,79,,1563,21,,,0,37,,1575,21,,,0,78,,1564,21,,,0,78,,1576,21,,,0,33,,1565,21,,,0,74,,1577,21,,,0,34,,1566,21,,,0,74,,1578,21,,,0,106,,1582,21,,,0,105,,1581,21,,,0,105,,1579,21,,,0,105,,1580,21,,,0
801,'EventOn',621,,1594,21,,,0,80,,1583,21,,,0,36,,1595,21,,,0,81,,1584,21,,,0,33,,1596,21,,,0,74,,1585,21,,,0,75,,1597,21,,,0,35,,1586,21,,,0,75,,1598,21,,,0,36,,1587,21,,,0,75,,1599,21,,,0,35,,1588,21,,,0,75,,1600,21,,,0,75,,1589,21,,,0,35,,1601,21,,,0,79,,1590,21,,,0,37,,1602,21,,,0,78,,1591,21,,,0,78,,1603,21,,,0,33,,1592,21,,,0,74,,1604,21,,,0,34,,1593,21,,,0,74,,1605,21,,,0,106,,1609,21,,,0,105,,1608,21,,,0,105,,1606,21,,,0,105,,1607,21,,,0
801,'KerOffPriveOff',621,,1621,21,,,0,80,,1610,21,,,0,36,,1622,21,,,0,81,,1611,21,,,0,33,,1623,21,,,0,74,,1612,21,,,0,75,,1624,21,,,0,35,,1613,21,,,0,75,,1625,21,,,0,36,,1614,21,,,0,75,,1626,21,,,0,35,,1615,21,,,0,75,,1627,21,,,0,75,,1616,21,,,0,35,,1628,21,,,0,79,,1617,21,,,0,37,,1629,21,,,0,78,,1618,21,,,0,78,,1630,21,,,0,33,,1619,21,,,0,74,,1631,21,,,0,34,,1620,21,,,0,74,,1632,21,,,0,106,,1636,21,,,0,105,,1635,21,,,0,105,,1633,21,,,0,105,,1634,21,,,0
801,'Samedi',621,,1637,21,,,0,105,,1638,21,,,0,106,,1639,21,,,0,106,,1640,21,,,0,106,,1641,21,,,0,105,,1642,21,,,0,105,,1643,21,,,0,105,,1644,21,,,0,144,,1645,21,,,0,105,,1646,21,,,0,105,,1647,21,,,0,105,,1648,21,,,0,105,,1649,21,,,0,105,,1650,21,,,0,105,,1651,21,,,0,104,,1652,21,,,0,104,,1653,21,,,0
1701,'CsRoyOff',626,,3441,13,,,0,32,,3442,13,,,0,81,,3443,13,,,0,75,,3444,13,,,0,35,,3445,13,,,0,74,,3446,13,,,0,35,,3447,13,,,0,75,,3448,13,,,0,76,,3449,13,,,0,35,,3450,13,,,0,75,,3451,13,,,0,35,,3452,13,,,0,75,,3453,13,,,0,75,,3454,13,,,0,35,,3455,13,,,0,80,,3456,13,,,0,39,,3457,13,,,0,77,,3458,13,,,0,75,,3459,13,,,0,33,,3460,13,,,0,75,,3461,13,,,0
1701,'CsRoyOffKerOff',626,,3462,13,,,0,32,,3463,13,,,0,81,,3464,13,,,0,75,,3465,13,,,0,35,,3466,13,,,0,74,,3467,13,,,0,35,,3468,13,,,0,75,,3469,13,,,0,76,,3470,13,,,0,35,,3471,13,,,0,75,,3472,13,,,0,35,,3473,13,,,0,75,,3474,13,,,0,75,,3475,13,,,0,35,,3476,13,,,0,80,,3477,13,,,0,39,,3478,13,,,0,77,,3479,13,,,0,75,,3480,13,,,0,33,,3481,13,,,0,75,,3482,13,,,0
1701,'EventOff',626,,3483,13,,,0,32,,3484,13,,,0,81,,3485,13,,,0,75,,3486,13,,,0,35,,3487,13,,,0,74,,3488,13,,,0,35,,3489,13,,,0,75,,3490,13,,,0,76,,3491,13,,,0,35,,3492,13,,,0,75,,3493,13,,,0,35,,3494,13,,,0,75,,3495,13,,,0,75,,3496,13,,,0,35,,3497,13,,,0,80,,3498,13,,,0,39,,3499,13,,,0,77,,3500,13,,,0,75,,3501,13,,,0,33,,3502,13,,,0,75,,3503,13,,,0
1701,'EventOn',626,,3504,13,,,0,32,,3505,13,,,0,81,,3506,13,,,0,75,,3507,13,,,0,35,,3508,13,,,0,74,,3509,13,,,0,35,,3510,13,,,0,75,,3511,13,,,0,76,,3512,13,,,0,35,,3513,13,,,0,75,,3514,13,,,0,35,,3515,13,,,0,75,,3516,13,,,0,75,,3517,13,,,0,35,,3518,13,,,0,80,,3519,13,,,0,39,,3520,13,,,0,77,,3521,13,,,0,75,,3522,13,,,0,33,,3523,13,,,0,75,,3524,13,,,0
1701,'KerOffPriveOff',626,,3525,13,,,0,32,,3526,13,,,0,81,,3527,13,,,0,75,,3528,13,,,0,35,,3529,13,,,0,74,,3530,13,,,0,35,,3531,13,,,0,75,,3532,13,,,0,76,,3533,13,,,0,35,,3534,13,,,0,75,,3535,13,,,0,35,,3536,13,,,0,75,,3537,13,,,0,75,,3538,13,,,0,35,,3539,13,,,0,80,,3540,13,,,0,39,,3541,13,,,0,77,,3542,13,,,0,75,,3543,13,,,0,33,,3544,13,,,0,75,,3545,13,,,0
