2500,'CsRoyOff',610,,3573,7,,,0,29,,3548,34,,,0,72,,3575,7,0,21,0,3,,3546,34,,,0,40,,3549,34,,,0,75,,3547,34,,,0,76,,3550,34,,,0,34,,3551,34,,,0,75,,3552,34,,,0,35,,3553,34,,,0,75,,3554,34,,,0,35,,3555,34,,,0,75,,3556,34,,,0,75,,3557,34,,,0,35,,3558,34,,,0,75,,3559,34,,,0,35,,3560,34,,,0,81,,3561,34,,,0,22,,3576,7,,,0,56,,3562,34,,,0,36,,3563,34,,,0,75,,3564,34,,,0,35,,3565,34,,,0,75,,3566,34,,,0,75,,3567,34,,,0,105,,3568,34,,,0,105,,3569,34,,,0,105,,3570,34,,,0,105,,3571,34,,,0,105,,3572,34,,,0
2500,'CsRoyOffKerOff',610,,3604,7,,,0,29,,3579,34,,,0,72,,3605,7,0,21,0,3,,3577,34,,,0,40,,3580,34,,,0,75,,3578,34,,,0,76,,3581,34,,,0,34,,3582,34,,,0,75,,3583,34,,,0,35,,3584,34,,,0,75,,3585,34,,,0,35,,3586,34,,,0,75,,3587,34,,,0,75,,3588,34,,,0,35,,3589,34,,,0,75,,3590,34,,,0,35,,3591,34,,,0,81,,3592,34,,,0,22,,3606,7,,,0,56,,3593,34,,,0,36,,3594,34,,,0,75,,3595,34,,,0,35,,3596,34,,,0,75,,3597,34,,,0,75,,3598,34,,,0,105,,3599,34,,,0,105,,3600,34,,,0,105,,3601,34,,,0,105,,3602,34,,,0,105,,3603,34,,,0
2500,'Dimanche',835,,3617,7,,,0,104,,3610,34,,,0,105,,3611,34,,,0,105,,3612,34,,,0,105,,3613,34,,,0,105,,3614,34,,,0,145,,3615,34,,,0,105,,3616,34,,,0,105,,3608,34,,,0,105,,3609,34,,,0,105,,3607,34,,,0
2500,'EventOff',610,,3645,7,,,0,29,,3620,34,,,0,75,,3618,34,,,0,40,,3621,34,,,0,75,,3619,34,,,0,76,,3622,34,,,0,34,,3623,34,,,0,75,,3624,34,,,0,35,,3625,34,,,0,75,,3626,34,,,0,35,,3627,34,,,0,75,,3628,34,,,0,75,,3629,34,,,0,35,,3630,34,,,0,75,,3631,34,,,0,35,,3632,34,,,0,81,,3633,34,,,0,78,,3634,34,,,0,36,,3635,34,,,0,75,,3636,34,,,0,35,,3637,34,,,0,75,,3638,34,,,0,75,,3639,34,,,0,105,,3640,34,,,0,105,,3641,34,,,0,105,,3642,34,,,0,105,,3643,34,,,0,105,,3644,34,,,0
2500,'EventOn',610,,3673,7,,,0,29,,3648,34,,,0,72,,3677,7,0,21,0,2,,3674,7,0,9,0,1,,3646,34,,,0,10,,3676,7,0,10,0,30,,3649,34,,,0,75,,3647,34,,,0,76,,3650,34,,,0,34,,3651,34,,,0,75,,3652,34,,,0,35,,3653,34,,,0,75,,3654,34,,,0,35,,3655,34,,,0,75,,3656,34,,,0,75,,3657,34,,,0,35,,3658,34,,,0,75,,3659,34,,,0,35,,3660,34,,,0,81,,3661,34,,,0,19,,3680,8,,,0,3,,3679,7,,,0,45,,3678,26,,,0,11,,3662,34,,,0,36,,3663,34,,,0,75,,3664,34,,,0,35,,3665,34,,,0,75,,3666,34,,,0,75,,3667,34,,,0,105,,3668,34,,,0,105,,3669,34,,,0,105,,3670,34,,,0,105,,3671,34,,,0,105,,3672,34,,,0
2500,'KerOffPriveOff',610,,3708,7,,,0,29,,3683,34,,,0,74,,3709,7,0,9,0,1,,3681,34,,,0,10,,3710,7,0,10,0,30,,3684,34,,,0,75,,3682,34,,,0,76,,3685,34,,,0,34,,3686,34,,,0,75,,3687,34,,,0,35,,3688,34,,,0,75,,3689,34,,,0,35,,3690,34,,,0,75,,3691,34,,,0,75,,3692,34,,,0,35,,3693,34,,,0,75,,3694,34,,,0,35,,3695,34,,,0,81,,3696,34,,,0,19,,3712,8,,,0,48,,3711,26,,,0,11,,3697,34,,,0,36,,3698,34,,,0,75,,3699,34,,,0,35,,3700,34,,,0,75,,3701,34,,,0,75,,3702,34,,,0,105,,3703,34,,,0,105,,3704,34,,,0,105,,3705,34,,,0,105,,3706,34,,,0,105,,3707,34,,,0
2500,'Samedi',603,,3725,7,,,0,106,,3713,34,,,0,105,,3719,34,,,0,105,,3726,34,,,0,105,,3714,34,,,0,105,,3720,34,,,0,105,,3727,34,,,0,105,,3715,34,,,0,105,,3721,34,,,0,105,,3728,34,,,0,105,,3716,34,,,0,105,,3722,34,,,0,145,,3729,34,,,0,105,,3717,34,,,0,105,,3723,34,,,0,105,,3730,34,,,0,105,,3718,34,,,0,105,,3724,34,,,0
3080200000,'EventOn',758,,4974,7,,,0
3080200000,'KerOffPriveOff',758,,4975,7,,,0
3080200001,'EventOn',1601,,4976,9,,,0
3080200001,'KerOffPriveOff',1601,,4977,9,,,0
3080400000,'EventOn',807,,4982,27,,,0
3080400000,'KerOffPriveOff',807,,4983,27,,,0
3080400001,'EventOn',1600,,4984,8,,,0
3080400001,'KerOffPriveOff',1600,,4985,8,,,0
