2501,'CsRoyOff',618,,3731,6,,,0,34,,3733,6,,,0,78,,3732,6,,,0,77,,3734,6,,,0,35,,3752,6,,,0,74,,3735,6,,,0,35,,3736,6,,,0,75,,3737,6,,,0,75,,3738,6,,,0,35,,3739,6,,,0,75,,3740,6,,,0,35,,3741,6,,,0,75,,3742,6,,,0,35,,3743,6,,,0,75,,3744,6,,,0,78,,3745,6,,,0,38,,3746,6,,,0,78,,3747,6,,,0,77,,3748,6,,,0,35,,3749,6,,,0,75,,3750,6,,,0,33,,3751,6,,,0,75,,3753,6,,,0,104,,3754,6,,,0,105,,3755,6,,,0,105,,3756,6,,,0,105,,3757,6,,,0
2501,'CsRoyOffKerOff',618,,3759,6,,,0,34,,3761,6,,,0,78,,3760,6,,,0,77,,3762,6,,,0,35,,3780,6,,,0,74,,3763,6,,,0,35,,3764,6,,,0,75,,3765,6,,,0,75,,3766,6,,,0,35,,3767,6,,,0,75,,3768,6,,,0,35,,3769,6,,,0,75,,3770,6,,,0,35,,3771,6,,,0,75,,3772,6,,,0,78,,3773,6,,,0,38,,3774,6,,,0,78,,3775,6,,,0,77,,3776,6,,,0,35,,3777,6,,,0,75,,3778,6,,,0,33,,3779,6,,,0,75,,3781,6,,,0,104,,3782,6,,,0,105,,3783,6,,,0,105,,3784,6,,,0,105,,3785,6,,,0
2501,'Dimanche',844,,3788,6,,,0,105,,3789,6,,,0,105,,3790,6,,,0,105,,3791,6,,,0,145,,3792,6,,,0,105,,3793,6,,,0,105,,3794,6,,,0,105,,3795,6,,,0,105,,3787,6,,,0,105,,3786,6,,,0
2501,'EventOff',618,,3796,6,,,0,34,,3798,6,,,0,78,,3797,6,,,0,77,,3799,6,,,0,35,,3817,6,,,0,74,,3800,6,,,0,35,,3801,6,,,0,75,,3802,6,,,0,75,,3803,6,,,0,35,,3804,6,,,0,75,,3805,6,,,0,35,,3806,6,,,0,75,,3807,6,,,0,35,,3808,6,,,0,75,,3809,6,,,0,78,,3810,6,,,0,38,,3811,6,,,0,78,,3812,6,,,0,77,,3813,6,,,0,35,,3814,6,,,0,75,,3815,6,,,0,33,,3816,6,,,0,75,,3818,6,,,0,104,,3819,6,,,0,105,,3820,6,,,0,105,,3821,6,,,0,105,,3822,6,,,0
2501,'EventOn',618,,3823,6,,,0,34,,3825,6,,,0,71,,3850,6,0,9,0,7,,3824,6,,,0,12,,3851,6,0,10,0,65,,3826,6,,,0,35,,3844,6,,,0,74,,3827,6,,,0,35,,3828,6,,,0,75,,3829,6,,,0,75,,3830,6,,,0,35,,3831,6,,,0,75,,3832,6,,,0,35,,3833,6,,,0,75,,3834,6,,,0,35,,3835,6,,,0,75,,3836,6,,,0,78,,3837,6,,,0,38,,3838,6,,,0,78,,3839,6,,,0,77,,3840,6,,,0,35,,3841,6,,,0,75,,3842,6,,,0,33,,3843,6,,,0,75,,3845,6,,,0,104,,3846,6,,,0,105,,3847,6,,,0,105,,3848,6,,,0,105,,3849,6,,,0
2501,'KerOffPriveOff',618,,3853,6,,,0,34,,3855,6,,,0,71,,3880,6,0,9,0,7,,3854,6,,,0,12,,3881,6,0,10,0,65,,3856,6,,,0,35,,3874,6,,,0,74,,3857,6,,,0,35,,3858,6,,,0,75,,3859,6,,,0,75,,3860,6,,,0,35,,3861,6,,,0,75,,3862,6,,,0,35,,3863,6,,,0,75,,3864,6,,,0,35,,3865,6,,,0,75,,3866,6,,,0,78,,3867,6,,,0,38,,3868,6,,,0,78,,3869,6,,,0,77,,3870,6,,,0,35,,3871,6,,,0,75,,3872,6,,,0,33,,3873,6,,,0,75,,3875,6,,,0,104,,3876,6,,,0,105,,3877,6,,,0,105,,3878,6,,,0,105,,3879,6,,,0
2501,'Samedi',614,,3893,6,,,0,104,,3882,6,,,0,105,,3888,6,,,0,105,,3894,6,,,0,105,,3883,6,,,0,105,,3889,6,,,0,105,,3895,6,,,0,105,,3884,6,,,0,105,,3890,6,,,0,105,,3896,6,,,0,145,,3885,6,,,0,105,,3891,6,,,0,105,,3897,6,,,0,105,,3886,6,,,0,105,,3892,6,,,0,105,,3898,6,,,0,105,,3887,6,,,0
111800300,'CsRoyOff',754,,4928,7,,,0
111800300,'EventOn',754,,4929,7,,,0
111800400,'CsRoyOff',749,,4932,17,,,0
111800400,'EventOn',749,,4933,17,,,0
