901,'CsRoyOff',623,,1744,33,,,0,25,,1758,33,,,0,77,,1745,33,,,0,8,,1763,42,0,6,0,71,,1757,33,,,0,34,,1746,33,,,0,76,,1759,33,,,0,35,,1747,33,,,0,110,,1748,33,,,0,151,,1749,33,,,0,109,,1750,33,,,0,111,,1751,33,,,0,76,,1756,33,,,0,36,,1752,33,,,0,79,,1755,33,,,0,37,,1753,33,,,0,77,,1760,33,,,0,75,,1754,33,,,0,110,,1761,33,,,0
901,'CsRoyOffKerOff',623,,1764,33,,,0,25,,1778,33,,,0,77,,1765,33,,,0,79,,1777,33,,,0,34,,1766,33,,,0,76,,1779,33,,,0,35,,1767,33,,,0,110,,1768,33,,,0,151,,1769,33,,,0,109,,1770,33,,,0,111,,1771,33,,,0,76,,1776,33,,,0,36,,1772,33,,,0,79,,1775,33,,,0,37,,1773,33,,,0,77,,1780,33,,,0,75,,1774,33,,,0,110,,1781,33,,,0
901,'EventOff',623,,1783,33,,,0,25,,1797,33,,,0,77,,1784,33,,,0,79,,1796,33,,,0,34,,1785,33,,,0,76,,1798,33,,,0,35,,1786,33,,,0,110,,1787,33,,,0,151,,1788,33,,,0,109,,1789,33,,,0,111,,1790,33,,,0,76,,1795,33,,,0,36,,1791,33,,,0,79,,1794,33,,,0,37,,1792,33,,,0,77,,1799,33,,,0,75,,1793,33,,,0,110,,1800,33,,,0
901,'EventOn',623,,1801,33,,,0,25,,1815,33,,,0,77,,1802,33,,,0,8,,1820,42,0,6,0,71,,1814,33,,,0,34,,1803,33,,,0,76,,1816,33,,,0,35,,1804,33,,,0,110,,1805,33,,,0,151,,1806,33,,,0,109,,1807,33,,,0,111,,1808,33,,,0,76,,1813,33,,,0,36,,1809,33,,,0,79,,1812,33,,,0,37,,1810,33,,,0,77,,1817,33,,,0,75,,1811,33,,,0,110,,1818,33,,,0
901,'KerOffPriveOff',623,,1821,33,,,0,25,,1835,33,,,0,77,,1822,33,,,0,79,,1834,33,,,0,34,,1823,33,,,0,76,,1836,33,,,0,35,,1824,33,,,0,110,,1825,33,,,0,151,,1826,33,,,0,109,,1827,33,,,0,111,,1828,33,,,0,76,,1833,33,,,0,36,,1829,33,,,0,79,,1832,33,,,0,37,,1830,33,,,0,77,,1837,33,,,0,75,,1831,33,,,0,110,,1838,33,,,0
1100,'CsRoyOff',638,,2185,39,,,0,78,,2169,39,,,0,41,,2181,39,,,0,74,,2165,39,,,0,76,,2176,39,,,0,34,,2173,39,,,0,75,,2186,39,,,0,35,,2170,39,,,0,75,,2182,39,,,0,75,,2166,39,,,0,35,,2177,39,,,0,75,,2174,39,,,0,36,,2183,39,,,0,75,,2167,39,,,0,35,,2180,39,,,0,81,,2171,39,,,0,63,,2192,33,,,0,15,,2178,39,,,0,37,,2175,39,,,0,75,,2184,39,,,0,72,,2168,39,,,0,35,,2179,39,,,0,75,,2172,39,,,0,105,,2190,39,,,0,105,,2191,39,,,0,105,,2189,39,,,0,105,,2188,39,,,0,100,,2187,39,,,0
1100,'CsRoyOffKerOff',638,,2213,39,,,0,78,,2197,39,,,0,41,,2209,39,,,0,74,,2193,39,,,0,76,,2204,39,,,0,34,,2201,39,,,0,75,,2214,39,,,0,35,,2198,39,,,0,75,,2210,39,,,0,75,,2194,39,,,0,35,,2205,39,,,0,75,,2202,39,,,0,36,,2211,39,,,0,75,,2195,39,,,0,35,,2208,39,,,0,81,,2199,39,,,0,63,,2220,33,,,0,15,,2206,39,,,0,37,,2203,39,,,0,75,,2212,39,,,0,72,,2196,39,,,0,35,,2207,39,,,0,75,,2200,39,,,0,105,,2218,39,,,0,105,,2219,39,,,0,105,,2217,39,,,0,105,,2216,39,,,0,100,,2215,39,,,0
1100,'Dimanche',937,,2224,39,,,0,105,,2226,39,,,0,105,,2225,39,,,0,105,,2227,39,,,0,105,,2228,39,,,0,145,,2229,39,,,0,105,,2230,39,,,0,105,,2222,39,,,0,103,,2221,39,,,0,105,,2223,39,,,0
1100,'EventOff',638,,2251,39,,,0,78,,2235,39,,,0,41,,2247,39,,,0,74,,2231,39,,,0,76,,2242,39,,,0,34,,2239,39,,,0,75,,2252,39,,,0,35,,2236,39,,,0,75,,2248,39,,,0,75,,2232,39,,,0,35,,2243,39,,,0,75,,2240,39,,,0,36,,2249,39,,,0,75,,2233,39,,,0,35,,2246,39,,,0,81,,2237,39,,,0,78,,2244,39,,,0,37,,2241,39,,,0,75,,2250,39,,,0,72,,2234,39,,,0,35,,2245,39,,,0,75,,2238,39,,,0,105,,2256,39,,,0,105,,2257,39,,,0,105,,2255,39,,,0,105,,2254,39,,,0,100,,2253,39,,,0
1100,'EventOn',638,,2278,39,,,0,78,,2262,39,,,0,41,,2274,39,,,0,74,,2258,39,,,0,76,,2269,39,,,0,34,,2266,39,,,0,75,,2279,39,,,0,35,,2263,39,,,0,75,,2275,39,,,0,75,,2259,39,,,0,35,,2270,39,,,0,75,,2267,39,,,0,36,,2276,39,,,0,75,,2260,39,,,0,35,,2273,39,,,0,81,,2264,39,,,0,63,,2288,33,,,0,12,,2287,25,,,0,3,,2271,39,,,0,37,,2268,39,,,0,75,,2277,39,,,0,72,,2261,39,,,0,35,,2272,39,,,0,75,,2265,39,,,0,105,,2283,39,,,0,105,,2284,39,,,0,105,,2282,39,,,0,105,,2281,39,,,0,100,,2280,39,,,0
1100,'KerOffPriveOff',638,,2309,39,,,0,78,,2293,39,,,0,41,,2305,39,,,0,74,,2289,39,,,0,76,,2300,39,,,0,34,,2297,39,,,0,75,,2310,39,,,0,35,,2294,39,,,0,75,,2306,39,,,0,75,,2290,39,,,0,35,,2301,39,,,0,75,,2298,39,,,0,36,,2307,39,,,0,75,,2291,39,,,0,35,,2304,39,,,0,81,,2295,39,,,0,75,,2318,25,,,0,3,,2302,39,,,0,37,,2299,39,,,0,75,,2308,39,,,0,72,,2292,39,,,0,35,,2303,39,,,0,75,,2296,39,,,0,105,,2314,39,,,0,105,,2315,39,,,0,105,,2313,39,,,0,105,,2312,39,,,0,100,,2311,39,,,0
1100,'Samedi',707,,2319,39,,,0,106,,2328,39,,,0,105,,2320,39,,,0,105,,2329,39,,,0,104,,2321,39,,,0,105,,2330,39,,,0,105,,2322,39,,,0,105,,2331,39,,,0,105,,2323,39,,,0,105,,2332,39,,,0,104,,2324,39,,,0,144,,2333,39,,,0,105,,2325,39,,,0,105,,2334,39,,,0,105,,2326,39,,,0,105,,2335,39,,,0,105,,2327,39,,,0
1601,'CsRoyOff',620,,3244,10,,,0,115,,3229,10,,,0,110,,3230,10,,,0,110,,3231,10,,,0,150,,3232,10,,,0,110,,3233,10,,,0,110,,3234,10,,,0,110,,3235,10,,,0,116,,3236,10,,,0,155,,3237,10,,,0,110,,3238,10,,,0,109,,3239,10,,,0,100,,3240,10,,,0,105,,3241,10,,,0,105,,3243,10,,,0,105,,3242,10,,,0
1601,'CsRoyOffKerOff',620,,3260,10,,,0,115,,3245,10,,,0,110,,3246,10,,,0,110,,3247,10,,,0,150,,3248,10,,,0,110,,3249,10,,,0,110,,3250,10,,,0,110,,3251,10,,,0,116,,3252,10,,,0,155,,3253,10,,,0,110,,3254,10,,,0,109,,3255,10,,,0,100,,3256,10,,,0,105,,3257,10,,,0,105,,3259,10,,,0,105,,3258,10,,,0
1601,'Dimanche',845,,3269,10,,,0,105,,3262,10,,,0,105,,3263,10,,,0,145,,3264,10,,,0,105,,3265,10,,,0,105,,3266,10,,,0,105,,3267,10,,,0,105,,3268,10,,,0,105,,3261,10,,,0,105,,3270,10,,,0
1601,'EventOff',620,,3286,10,,,0,115,,3271,10,,,0,110,,3272,10,,,0,110,,3273,10,,,0,150,,3274,10,,,0,110,,3275,10,,,0,110,,3276,10,,,0,110,,3277,10,,,0,116,,3278,10,,,0,155,,3279,10,,,0,110,,3280,10,,,0,109,,3281,10,,,0,100,,3282,10,,,0,105,,3283,10,,,0,105,,3285,10,,,0,105,,3284,10,,,0
1601,'EventOn',620,,3302,10,,,0,115,,3287,10,,,0,110,,3288,10,,,0,110,,3289,10,,,0,150,,3290,10,,,0,110,,3291,10,,,0,110,,3292,10,,,0,110,,3293,10,,,0,116,,3294,10,,,0,155,,3295,10,,,0,110,,3296,10,,,0,109,,3297,10,,,0,100,,3298,10,,,0,105,,3299,10,,,0,105,,3301,10,,,0,105,,3300,10,,,0
1601,'KerOffPriveOff',620,,3318,10,,,0,115,,3303,10,,,0,110,,3304,10,,,0,110,,3305,10,,,0,150,,3306,10,,,0,110,,3307,10,,,0,110,,3308,10,,,0,110,,3309,10,,,0,116,,3310,10,,,0,155,,3311,10,,,0,110,,3312,10,,,0,109,,3313,10,,,0,100,,3314,10,,,0,105,,3315,10,,,0,105,,3317,10,,,0,105,,3316,10,,,0
1601,'Samedi',615,,3334,10,,,0,105,,3335,10,,,0,105,,3327,10,,,0,105,,3319,10,,,0,105,,3320,10,,,0,105,,3321,10,,,0,105,,3322,10,,,0,104,,3323,10,,,0,105,,3324,10,,,0,105,,3325,10,,,0,146,,3326,10,,,0,105,,3328,10,,,0,105,,3329,10,,,0,105,,3330,10,,,0,105,,3331,10,,,0,105,,3332,10,,,0,105,,3333,10,,,0
8901,'CsRoyOff',2024,,4880,33,,,0,105,,4879,33,,,0,105,,4878,33,,,0,105,,4877,33,,,0
8901,'CsRoyOffKerOff',2024,,4884,33,,,0,105,,4883,33,,,0,105,,4882,33,,,0,105,,4881,33,,,0
8901,'Dimanche',842,,4886,33,,,0,105,,4888,33,,,0,106,,4890,33,,,0,105,,4891,33,,,0,145,,4892,33,,,0,105,,4893,33,,,0,105,,4894,33,,,0,105,,4895,33,,,0,105,,4885,33,,,0,104,,4889,33,,,0,101,,4887,33,,,0
8901,'EventOff',2024,,4899,33,,,0,105,,4898,33,,,0,105,,4897,33,,,0,105,,4896,33,,,0
8901,'EventOn',2024,,4903,33,,,0,105,,4902,33,,,0,105,,4901,33,,,0,105,,4900,33,,,0
8901,'KerOffPriveOff',2024,,4907,33,,,0,105,,4906,33,,,0,105,,4905,33,,,0,105,,4904,33,,,0
8901,'Samedi',718,,4916,33,,,0,105,,4908,33,,,0,106,,4917,33,,,0,105,,4909,33,,,0,105,,4918,33,,,0,105,,4910,33,,,0,104,,4919,33,,,0,105,,4911,33,,,0,105,,4920,33,,,0,146,,4912,33,,,0,104,,4921,33,,,0,105,,4913,33,,,0,105,,4922,33,,,0,105,,4914,33,,,0,105,,4923,33,,,0,105,,4915,33,,,0
190300400,'CsRoyOff',724,,4962,2,,,0
190300400,'CsRoyOffKerOff',724,,4963,2,,,0
190300400,'EventOn',724,,4964,2,,,0
