1301,'CsRoyOff',627,,2899,27,,,0,80,,2905,27,,,0,33,,2894,27,,,0,80,,2910,27,,,0,34,,2900,27,,,0,74,,2906,27,,,0,74,,2895,27,,,0,35,,2911,27,,,0,77,,2901,27,,,0,34,,2907,27,,,0,75,,2896,27,,,0,35,,2912,27,,,0,74,,2902,27,,,0,75,,2908,27,,,0,38,,2897,27,,,0,80,,2913,27,,,0,26,,2920,29,0,7 8,0,51,,2903,27,,,0,37,,2909,27,,,0,77,,2898,27,,,0,35,,2914,27,,,0,74,,2904,27,,,0,108,,2915,27,,,0,104,,2919,27,,,0,105,,2918,27,,,0,105,,2917,27,,,0,105,,2916,27,,,0
1301,'CsRoyOffKerOff',627,,2926,27,,,0,80,,2932,27,,,0,33,,2921,27,,,0,80,,2937,27,,,0,34,,2927,27,,,0,74,,2933,27,,,0,74,,2922,27,,,0,35,,2938,27,,,0,77,,2928,27,,,0,34,,2934,27,,,0,75,,2923,27,,,0,35,,2939,27,,,0,74,,2929,27,,,0,75,,2935,27,,,0,38,,2924,27,,,0,80,,2940,27,,,0,77,,2930,27,,,0,37,,2936,27,,,0,77,,2925,27,,,0,35,,2941,27,,,0,74,,2931,27,,,0,108,,2942,27,,,0,104,,2946,27,,,0,105,,2945,27,,,0,105,,2944,27,,,0,105,,2943,27,,,0
1301,'Dimanche',855,,2948,27,,,0,145,,2949,27,,,0,106,,2950,27,,,0,106,,2953,27,,,0,105,,2952,27,,,0,105,,2954,27,,,0,104,,2955,27,,,0,105,,2956,27,,,0,105,,2951,27,,,0,105,,2947,27,,,0
1301,'EventOff',627,,2962,27,,,0,80,,2968,27,,,0,33,,2957,27,,,0,80,,2973,27,,,0,34,,2963,27,,,0,74,,2969,27,,,0,74,,2958,27,,,0,35,,2974,27,,,0,77,,2964,27,,,0,34,,2970,27,,,0,75,,2959,27,,,0,35,,2975,27,,,0,74,,2965,27,,,0,75,,2971,27,,,0,38,,2960,27,,,0,80,,2976,27,,,0,77,,2966,27,,,0,37,,2972,27,,,0,77,,2961,27,,,0,35,,2977,27,,,0,74,,2967,27,,,0,108,,2978,27,,,0,104,,2982,27,,,0,105,,2981,27,,,0,105,,2980,27,,,0,105,,2979,27,,,0
1301,'EventOn',627,,2988,27,,,0,80,,2994,27,,,0,33,,2983,27,,,0,80,,2999,27,,,0,34,,2989,27,,,0,74,,2995,27,,,0,74,,2984,27,,,0,35,,3000,27,,,0,77,,2990,27,,,0,34,,2996,27,,,0,75,,2985,27,,,0,35,,3001,27,,,0,74,,2991,27,,,0,75,,2997,27,,,0,38,,2986,27,,,0,80,,3002,27,,,0,26,,3011,29,0,7 8,0,51,,2992,27,,,0,37,,2998,27,,,0,77,,2987,27,,,0,35,,3003,27,,,0,74,,2993,27,,,0,108,,3004,27,,,0,104,,3008,27,,,0,105,,3007,27,,,0,105,,3006,27,,,0,105,,3005,27,,,0
1301,'KerOffPriveOff',627,,3017,27,,,0,80,,3023,27,,,0,33,,3012,27,,,0,80,,3028,27,,,0,34,,3018,27,,,0,74,,3024,27,,,0,74,,3013,27,,,0,35,,3029,27,,,0,77,,3019,27,,,0,34,,3025,27,,,0,75,,3014,27,,,0,35,,3030,27,,,0,74,,3020,27,,,0,75,,3026,27,,,0,38,,3015,27,,,0,80,,3031,27,,,0,77,,3021,27,,,0,37,,3027,27,,,0,77,,3016,27,,,0,35,,3032,27,,,0,74,,3022,27,,,0,108,,3033,27,,,0,104,,3037,27,,,0,105,,3036,27,,,0,105,,3035,27,,,0,105,,3034,27,,,0
1301,'Samedi',627,,3040,27,,,0,103,,3049,27,,,0,105,,3041,27,,,0,106,,3050,27,,,0,107,,3042,27,,,0,105,,3051,27,,,0,105,,3043,27,,,0,145,,3052,27,,,0,105,,3044,27,,,0,105,,3053,27,,,0,105,,3045,27,,,0,104,,3054,27,,,0,104,,3046,27,,,0,105,,3055,27,,,0,104,,3047,27,,,0,105,,3056,27,,,0,105,,3048,27,,,0
1401,'CsRoyOff',713,,3096,18,,,0,100,,3097,18,,,0,100,,3095,18,,,0,646,,3094,24,,,0,100,,3093,24,,,0,99,,3092,24,,,0
1401,'CsRoyOffKerOff',713,,3102,18,,,0,100,,3103,18,,,0,100,,3101,18,,,0,646,,3100,24,,,0,100,,3099,24,,,0,99,,3098,24,,,0
1401,'EventOff',713,,3108,18,,,0,100,,3109,18,,,0,100,,3107,18,,,0,646,,3106,24,,,0,100,,3105,24,,,0,99,,3104,24,,,0
1401,'EventOn',713,,3114,18,,,0,100,,3115,18,,,0,100,,3113,18,,,0,646,,3112,24,,,0,100,,3111,24,,,0,99,,3110,24,,,0
1401,'KerOffPriveOff',713,,3120,18,,,0,100,,3121,18,,,0,100,,3119,18,,,0,646,,3118,24,,,0,100,,3117,24,,,0,99,,3116,24,,,0
