500,'CsRoyOff',627,,654,17,,,0,76,,663,17,,,0,26,,681,17,,,0,15,,671,17,,,0,75,,668,17,,,0,35,,659,17,,,0,75,,655,17,,,0,75,,664,17,,,0,35,,672,17,,,0,75,,667,17,,,0,35,,660,17,,,0,75,,656,17,,,0,35,,665,17,,,0,75,,673,17,,,0,75,,670,17,,,0,35,,661,17,,,0,80,,657,17,,,0,78,,666,17,,,0,36,,674,17,,,0,75,,669,17,,,0,35,,662,17,,,0,74,,658,17,,,0,35,,680,17,,,0,145,,679,17,,,0,105,,678,17,,,0,105,,677,17,,,0,105,,676,17,,,0,105,,675,17,,,0
500,'CsRoyOffKerOff',627,,682,17,,,0,76,,691,17,,,0,26,,709,17,,,0,15,,699,17,,,0,75,,696,17,,,0,35,,687,17,,,0,75,,683,17,,,0,75,,692,17,,,0,35,,700,17,,,0,75,,695,17,,,0,35,,688,17,,,0,75,,684,17,,,0,35,,693,17,,,0,75,,701,17,,,0,75,,698,17,,,0,35,,689,17,,,0,80,,685,17,,,0,78,,694,17,,,0,36,,702,17,,,0,75,,697,17,,,0,35,,690,17,,,0,74,,686,17,,,0,35,,708,17,,,0,145,,707,17,,,0,105,,706,17,,,0,105,,705,17,,,0,105,,704,17,,,0,105,,703,17,,,0
500,'Dimanche',926,,712,17,,,0,105,,715,17,,,0,105,,714,17,,,0,105,,716,17,,,0,107,,717,17,,,0,105,,718,17,,,0,105,,719,17,,,0,145,,713,17,,,0,105,,710,17,,,0,103,,711,17,,,0
500,'EventOff',627,,720,17,,,0,76,,729,17,,,0,26,,747,17,,,0,15,,737,17,,,0,75,,734,17,,,0,35,,725,17,,,0,75,,721,17,,,0,75,,730,17,,,0,35,,738,17,,,0,75,,733,17,,,0,35,,726,17,,,0,75,,722,17,,,0,35,,731,17,,,0,75,,739,17,,,0,75,,736,17,,,0,35,,727,17,,,0,80,,723,17,,,0,78,,732,17,,,0,36,,740,17,,,0,75,,735,17,,,0,35,,728,17,,,0,74,,724,17,,,0,35,,746,17,,,0,145,,745,17,,,0,105,,744,17,,,0,105,,743,17,,,0,105,,742,17,,,0,105,,741,17,,,0
500,'EventOn',627,,748,17,,,0,76,,757,17,,,0,26,,775,17,,,0,15,,765,17,,,0,75,,762,17,,,0,35,,753,17,,,0,75,,749,17,,,0,75,,758,17,,,0,35,,766,17,,,0,75,,761,17,,,0,35,,754,17,,,0,75,,750,17,,,0,35,,759,17,,,0,75,,767,17,,,0,75,,764,17,,,0,35,,755,17,,,0,80,,751,17,,,0,78,,760,17,,,0,12,,776,17,,,0,24,,768,17,,,0,75,,763,17,,,0,35,,756,17,,,0,74,,752,17,,,0,35,,774,17,,,0,145,,773,17,,,0,105,,772,17,,,0,105,,771,17,,,0,105,,770,17,,,0,105,,769,17,,,0
500,'KerOffPriveOff',627,,777,17,,,0,76,,786,17,,,0,26,,804,17,,,0,15,,794,17,,,0,75,,791,17,,,0,35,,782,17,,,0,75,,778,17,,,0,75,,787,17,,,0,35,,795,17,,,0,75,,790,17,,,0,35,,783,17,,,0,75,,779,17,,,0,35,,788,17,,,0,75,,796,17,,,0,75,,793,17,,,0,35,,784,17,,,0,80,,780,17,,,0,78,,789,17,,,0,12,,805,17,,,0,24,,797,17,,,0,75,,792,17,,,0,35,,785,17,,,0,74,,781,17,,,0,35,,803,17,,,0,145,,802,17,,,0,105,,801,17,,,0,105,,800,17,,,0,105,,799,17,,,0,105,,798,17,,,0
500,'Samedi',656,,817,17,,,0,145,,806,17,,,0,105,,812,17,,,0,105,,818,17,,,0,105,,807,17,,,0,105,,813,17,,,0,107,,819,17,,,0,105,,808,17,,,0,105,,814,17,,,0,105,,820,17,,,0,105,,809,17,,,0,103,,815,17,,,0,105,,821,17,,,0,145,,810,17,,,0,105,,816,17,,,0,105,,822,17,,,0,105,,811,17,,,0
2600,'CsRoyOff',621,,3899,14,,,0,35,,3900,14,,,0,81,,3901,14,,,0,75,,3902,14,,,0,35,,3903,14,,,0,74,,3904,14,,,0,35,,3905,14,,,0,75,,3906,14,,,0,75,,3907,14,,,0,35,,3908,14,,,0,75,,3909,14,,,0,35,,3910,14,,,0,75,,3911,14,,,0,75,,3912,14,,,0,35,,3913,14,,,0,80,,3914,14,,,0,39,,3915,14,,,0,77,,3916,14,,,0,74,,3917,14,,,0,35,,3918,14,,,0,75,,3919,14,,,0,35,,3920,14,,,0,105,,3921,14,,,0,145,,3922,14,,,0,105,,3923,14,,,0,105,,3924,14,,,0,105,,3925,14,,,0
2600,'CsRoyOffKerOff',621,,3926,14,,,0,35,,3927,14,,,0,81,,3928,14,,,0,75,,3929,14,,,0,35,,3930,14,,,0,74,,3931,14,,,0,35,,3932,14,,,0,75,,3933,14,,,0,75,,3934,14,,,0,35,,3935,14,,,0,75,,3936,14,,,0,35,,3937,14,,,0,75,,3938,14,,,0,75,,3939,14,,,0,35,,3940,14,,,0,80,,3941,14,,,0,39,,3942,14,,,0,77,,3943,14,,,0,74,,3944,14,,,0,35,,3945,14,,,0,75,,3946,14,,,0,35,,3947,14,,,0,105,,3948,14,,,0,145,,3949,14,,,0,105,,3950,14,,,0,105,,3951,14,,,0,105,,3952,14,,,0
2600,'Dimanche',921,,3954,14,,,0,105,,3957,14,,,0,105,,3959,14,,,0,105,,3958,14,,,0,105,,3960,14,,,0,105,,3961,14,,,0,105,,3962,14,,,0,105,,3953,14,,,0,145,,3955,14,,,0,105,,3956,14,,,0
2600,'EventOff',621,,3963,14,,,0,35,,3964,14,,,0,81,,3965,14,,,0,75,,3966,14,,,0,35,,3967,14,,,0,74,,3968,14,,,0,35,,3969,14,,,0,75,,3970,14,,,0,75,,3971,14,,,0,35,,3972,14,,,0,75,,3973,14,,,0,35,,3974,14,,,0,75,,3975,14,,,0,75,,3976,14,,,0,35,,3977,14,,,0,80,,3978,14,,,0,39,,3979,14,,,0,77,,3980,14,,,0,74,,3981,14,,,0,35,,3982,14,,,0,75,,3983,14,,,0,35,,3984,14,,,0,105,,3985,14,,,0,145,,3986,14,,,0,105,,3987,14,,,0,105,,3988,14,,,0,105,,3989,14,,,0
2600,'EventOn',621,,3990,14,,,0,35,,3991,14,,,0,81,,3992,14,,,0,75,,3993,14,,,0,35,,3994,14,,,0,74,,3995,14,,,0,35,,3996,14,,,0,75,,3997,14,,,0,75,,3998,14,,,0,35,,3999,14,,,0,75,,4000,14,,,0,35,,4001,14,,,0,75,,4002,14,,,0,75,,4003,14,,,0,35,,4004,14,,,0,80,,4005,14,,,0,39,,4006,14,,,0,77,,4007,14,,,0,74,,4008,14,,,0,35,,4009,14,,,0,75,,4010,14,,,0,35,,4011,14,,,0,105,,4012,14,,,0,145,,4013,14,,,0,105,,4014,14,,,0,105,,4015,14,,,0,105,,4016,14,,,0
2600,'KerOffPriveOff',621,,4018,14,,,0,35,,4019,14,,,0,81,,4020,14,,,0,75,,4021,14,,,0,35,,4022,14,,,0,74,,4023,14,,,0,35,,4024,14,,,0,75,,4025,14,,,0,75,,4026,14,,,0,35,,4027,14,,,0,75,,4028,14,,,0,35,,4029,14,,,0,75,,4030,14,,,0,75,,4031,14,,,0,35,,4032,14,,,0,80,,4033,14,,,0,39,,4034,14,,,0,77,,4035,14,,,0,74,,4036,14,,,0,35,,4037,14,,,0,75,,4038,14,,,0,35,,4039,14,,,0,105,,4040,14,,,0,145,,4041,14,,,0,105,,4042,14,,,0,105,,4043,14,,,0,105,,4044,14,,,0
2600,'Samedi',651,,4055,14,,,0,105,,4054,14,,,0,145,,4053,14,,,0,105,,4052,14,,,0,105,,4051,14,,,0,105,,4060,14,,,0,105,,4059,14,,,0,105,,4058,14,,,0,105,,4057,14,,,0,105,,4056,14,,,0,105,,4061,14,,,0,105,,4062,14,,,0,105,,4047,14,,,0,105,,4048,14,,,0,145,,4049,14,,,0,105,,4050,14,,,0,105,,4046,14,,,0
