1300,'CsRoyOff',645,,2737,48,4,,0,75,,2726,48,4,,0,85,,2743,48,4,,0,34,,2732,48,4,,0,74,,2738,48,4,,0,34,,2727,48,4,,0,75,,2744,48,4,,0,35,,2733,48,4,,0,76,,2739,48,4,,0,75,,2728,48,4,,0,35,,2745,48,4,,0,74,,2734,48,4,,0,35,,2740,48,4,,0,76,,2729,48,4,,0,75,,2746,48,4,,0,40,,2735,48,4,,0,78,,2741,48,4,,0,37,,2730,48,4,,0,75,,2747,48,4,,0,74,,2736,48,4,,0,34,,2742,48,4,,0,75,,2731,48,4,,0,105,,2752,48,4,,0,104,,2751,48,4,,0,105,,2750,48,4,,0,105,,2749,48,4,,0,105,,2748,48,4,,0
1300,'CsRoyOffKerOff',645,,2764,48,4,,0,75,,2753,48,4,,0,85,,2770,48,4,,0,34,,2759,48,4,,0,74,,2765,48,4,,0,34,,2754,48,4,,0,75,,2771,48,4,,0,35,,2760,48,4,,0,76,,2766,48,4,,0,75,,2755,48,4,,0,35,,2772,48,4,,0,74,,2761,48,4,,0,35,,2767,48,4,,0,76,,2756,48,4,,0,75,,2773,48,4,,0,40,,2762,48,4,,0,78,,2768,48,4,,0,37,,2757,48,4,,0,75,,2774,48,4,,0,74,,2763,48,4,,0,34,,2769,48,4,,0,75,,2758,48,4,,0,105,,2779,48,4,,0,104,,2778,48,4,,0,105,,2777,48,4,,0,105,,2776,48,4,,0,105,,2775,48,4,,0
1300,'Dimanche',944,,2783,48,4,,0,106,,2784,48,4,,0,106,,2785,48,4,,0,145,,2786,48,4,,0,105,,2787,48,4,,0,104,,2788,48,4,,0,106,,2789,48,4,,0,105,,2782,48,4,,0,105,,2780,48,4,,0,104,,2781,48,4,,0
1300,'EventOff',645,,2801,48,4,,0,75,,2790,48,4,,0,85,,2807,48,4,,0,34,,2796,48,4,,0,74,,2802,48,4,,0,34,,2791,48,4,,0,75,,2808,48,4,,0,35,,2797,48,4,,0,76,,2803,48,4,,0,75,,2792,48,4,,0,35,,2809,48,4,,0,74,,2798,48,4,,0,35,,2804,48,4,,0,76,,2793,48,4,,0,75,,2810,48,4,,0,40,,2799,48,4,,0,78,,2805,48,4,,0,37,,2794,48,4,,0,75,,2811,48,4,,0,74,,2800,48,4,,0,34,,2806,48,4,,0,75,,2795,48,4,,0,105,,2816,48,4,,0,104,,2815,48,4,,0,105,,2814,48,4,,0,105,,2813,48,4,,0,105,,2812,48,4,,0
1300,'EventOn',645,,2828,48,4,,0,75,,2817,48,4,,0,85,,2834,48,4,,0,9,,2844,6,4,,0,25,,2823,48,4,,0,74,,2829,48,4,,0,34,,2818,48,4,,0,75,,2835,48,4,,0,35,,2824,48,4,,0,76,,2830,48,4,,0,75,,2819,48,4,,0,35,,2836,48,4,,0,74,,2825,48,4,,0,35,,2831,48,4,,0,76,,2820,48,4,,0,75,,2837,48,4,,0,40,,2826,48,4,,0,4,,2845,17,4,,0,74,,2832,48,4,,0,12,,2846,48,4,,0,25,,2821,48,4,,0,75,,2838,48,4,,0,74,,2827,48,4,,0,34,,2833,48,4,,0,75,,2822,48,4,,0,105,,2843,48,4,,0,104,,2842,48,4,,0,105,,2841,48,4,,0,105,,2840,48,4,,0,105,,2839,48,4,,0
1300,'KerOffPriveOff',645,,2858,48,4,,0,75,,2847,48,4,,0,85,,2864,48,4,,0,9,,2874,6,4,,0,25,,2853,48,4,,0,74,,2859,48,4,,0,34,,2848,48,4,,0,75,,2865,48,4,,0,35,,2854,48,4,,0,76,,2860,48,4,,0,75,,2849,48,4,,0,35,,2866,48,4,,0,74,,2855,48,4,,0,35,,2861,48,4,,0,76,,2850,48,4,,0,75,,2867,48,4,,0,40,,2856,48,4,,0,4,,2875,17,4,,0,74,,2862,48,4,,0,12,,2876,48,4,,0,25,,2851,48,4,,0,75,,2868,48,4,,0,74,,2857,48,4,,0,34,,2863,48,4,,0,75,,2852,48,4,,0,105,,2873,48,4,,0,104,,2872,48,4,,0,105,,2871,48,4,,0,105,,2870,48,4,,0,105,,2869,48,4,,0
1300,'Samedi',713,,2885,48,4,,0,106,,2877,48,4,,0,106,,2886,48,4,,0,107,,2878,48,4,,0,105,,2887,48,4,,0,105,,2879,48,4,,0,105,,2888,48,4,,0,105,,2880,48,4,,0,105,,2889,48,4,,0,145,,2881,48,4,,0,105,,2890,48,4,,0,104,,2882,48,4,,0,105,,2891,48,4,,0,104,,2883,48,4,,0,105,,2892,48,4,,0,105,,2884,48,4,,0,104,,2893,48,4,,0
1301,'CsRoyOff',613,,2899,1,,,0,40,,2905,1,,,0,72,,2894,1,,,0,81,,2910,1,,,0,34,,2900,1,,,0,74,,2906,1,,,0,34,,2895,1,,,0,75,,2911,1,,,0,77,,2901,1,,,0,34,,2907,1,,,0,75,,2896,1,,,0,35,,2912,1,,,0,74,,2902,1,,,0,35,,2908,1,,,0,78,,2897,1,,,0,79,,2913,1,,,0,25,,2920,3,0,7 8,0,12,,2903,1,,,0,78,,2909,1,,,0,77,,2898,1,,,0,35,,2914,1,,,0,74,,2904,1,,,0,108,,2915,1,,,0,105,,2919,1,,,0,105,,2918,1,,,0,105,,2917,1,,,0,105,,2916,1,,,0
1301,'CsRoyOffKerOff',613,,2926,1,,,0,40,,2932,1,,,0,72,,2921,1,,,0,81,,2937,1,,,0,34,,2927,1,,,0,74,,2933,1,,,0,34,,2922,1,,,0,75,,2938,1,,,0,77,,2928,1,,,0,34,,2934,1,,,0,75,,2923,1,,,0,35,,2939,1,,,0,74,,2929,1,,,0,35,,2935,1,,,0,78,,2924,1,,,0,79,,2940,1,,,0,37,,2930,1,,,0,78,,2936,1,,,0,77,,2925,1,,,0,35,,2941,1,,,0,74,,2931,1,,,0,108,,2942,1,,,0,105,,2946,1,,,0,105,,2945,1,,,0,105,,2944,1,,,0,105,,2943,1,,,0
1301,'Dimanche',841,,2948,1,,,0,105,,2949,1,,,0,106,,2950,1,,,0,106,,2953,1,,,0,145,,2952,1,,,0,105,,2954,1,,,0,104,,2955,1,,,0,106,,2956,1,,,0,105,,2951,1,,,0,105,,2947,1,,,0
1301,'EventOff',613,,2962,1,,,0,40,,2968,1,,,0,72,,2957,1,,,0,81,,2973,1,,,0,34,,2963,1,,,0,74,,2969,1,,,0,34,,2958,1,,,0,75,,2974,1,,,0,77,,2964,1,,,0,34,,2970,1,,,0,75,,2959,1,,,0,35,,2975,1,,,0,74,,2965,1,,,0,35,,2971,1,,,0,78,,2960,1,,,0,79,,2976,1,,,0,37,,2966,1,,,0,78,,2972,1,,,0,77,,2961,1,,,0,35,,2977,1,,,0,74,,2967,1,,,0,108,,2978,1,,,0,105,,2982,1,,,0,105,,2981,1,,,0,105,,2980,1,,,0,105,,2979,1,,,0
1301,'EventOn',613,,2988,1,,,0,40,,2994,1,,,0,72,,2983,1,,,0,81,,2999,1,,,0,9,,3009,1,0,9,0,25,,2989,1,,,0,74,,2995,1,,,0,34,,2984,1,,,0,75,,3000,1,,,0,77,,2990,1,,,0,34,,2996,1,,,0,75,,2985,1,,,0,35,,3001,1,,,0,74,,2991,1,,,0,35,,2997,1,,,0,78,,2986,1,,,0,79,,3002,1,,,0,25,,3011,3,0,7 8,0,12,,2992,1,,,0,78,,2998,1,,,0,77,,2987,1,,,0,35,,3003,1,,,0,74,,2993,1,,,0,108,,3004,1,,,0,105,,3008,1,,,0,105,,3007,1,,,0,105,,3006,1,,,0,105,,3005,1,,,0
1301,'KerOffPriveOff',613,,3017,1,,,0,40,,3023,1,,,0,72,,3012,1,,,0,81,,3028,1,,,0,9,,3038,1,0,9,0,25,,3018,1,,,0,74,,3024,1,,,0,34,,3013,1,,,0,75,,3029,1,,,0,77,,3019,1,,,0,34,,3025,1,,,0,75,,3014,1,,,0,35,,3030,1,,,0,74,,3020,1,,,0,35,,3026,1,,,0,78,,3015,1,,,0,79,,3031,1,,,0,37,,3021,1,,,0,78,,3027,1,,,0,77,,3016,1,,,0,35,,3032,1,,,0,74,,3022,1,,,0,108,,3033,1,,,0,105,,3037,1,,,0,105,,3036,1,,,0,105,,3035,1,,,0,105,,3034,1,,,0
1301,'Samedi',614,,3040,1,,,0,102,,3049,1,,,0,105,,3041,1,,,0,106,,3050,1,,,0,107,,3042,1,,,0,105,,3051,1,,,0,105,,3043,1,,,0,105,,3052,1,,,0,105,,3044,1,,,0,105,,3053,1,,,0,145,,3045,1,,,0,105,,3054,1,,,0,104,,3046,1,,,0,105,,3055,1,,,0,104,,3047,1,,,0,105,,3056,1,,,0,105,,3048,1,,,0
