900,'CsRoyOff',703,,1654,43,0,20,0,40,,1668,43,0,20,0,75,,1655,43,0,20,0,36,,1665,43,0,20,0,75,,1656,43,0,20,0,75,,1669,43,0,20,0,35,,1657,43,0,20,0,112,,1658,43,0,20,0,150,,1659,43,0,20,0,111,,1660,43,0,20,0,35,,1666,43,0,20,0,76,,1661,43,0,20,0,79,,1667,43,0,20,0,28,,1672,39,0,5,0,2,,1671,42,,,0,7,,1662,43,0,20,0,77,,1670,43,0,20,0,36,,1663,43,0,20,0,107,,1664,43,0,20,0
900,'CsRoyOffKerOff',703,,1673,43,0,20,0,40,,1687,43,0,20,0,75,,1674,43,0,20,0,36,,1684,43,0,20,0,75,,1675,43,0,20,0,75,,1688,43,0,20,0,35,,1676,43,0,20,0,112,,1677,43,0,20,0,150,,1678,43,0,20,0,111,,1679,43,0,20,0,35,,1685,43,0,20,0,76,,1680,43,0,20,0,79,,1686,43,0,20,0,28,,1690,39,0,5,0,9,,1681,43,0,20,0,77,,1689,43,0,20,0,36,,1682,43,0,20,0,107,,1683,43,0,20,0
900,'EventOff',703,,1691,43,0,20,0,40,,1705,43,0,20,0,75,,1692,43,0,20,0,36,,1702,43,0,20,0,75,,1693,43,0,20,0,75,,1706,43,0,20,0,35,,1694,43,0,20,0,112,,1695,43,0,20,0,150,,1696,43,0,20,0,111,,1697,43,0,20,0,35,,1703,43,0,20,0,76,,1698,43,0,20,0,79,,1704,43,0,20,0,37,,1699,43,0,20,0,77,,1707,43,0,20,0,36,,1700,43,0,20,0,107,,1701,43,0,20,0
900,'EventOn',703,,1708,43,0,20,0,40,,1722,43,0,20,0,75,,1709,43,0,20,0,36,,1719,43,0,20,0,75,,1710,43,0,20,0,75,,1723,43,0,20,0,35,,1711,43,0,20,0,112,,1712,43,0,20,0,150,,1713,43,0,20,0,111,,1714,43,0,20,0,35,,1720,43,0,20,0,76,,1715,43,0,20,0,79,,1721,43,0,20,0,28,,1726,39,0,5,0,2,,1725,42,,,0,7,,1716,43,0,20,0,77,,1724,43,0,20,0,36,,1717,43,0,20,0,107,,1718,43,0,20,0
900,'KerOffPriveOff',703,,1727,43,0,20,0,40,,1741,43,0,20,0,75,,1728,43,0,20,0,36,,1738,43,0,20,0,75,,1729,43,0,20,0,75,,1742,43,0,20,0,35,,1730,43,0,20,0,112,,1731,43,0,20,0,150,,1732,43,0,20,0,111,,1733,43,0,20,0,35,,1739,43,0,20,0,76,,1734,43,0,20,0,79,,1740,43,0,20,0,37,,1735,43,0,20,0,77,,1743,43,0,20,0,36,,1736,43,0,20,0,107,,1737,43,0,20,0
8900,'CsRoyOff',1958,,4827,44,,,0,100,,4829,44,,,0,145,,4828,44,,,0,107,,4826,44,,,0,103,,4825,44,,,0
8900,'CsRoyOffKerOff',1958,,4832,44,,,0,100,,4834,44,,,0,145,,4833,44,,,0,107,,4831,44,,,0,103,,4830,44,,,0
8900,'Dimanche',917,,4836,44,,,0,105,,4838,44,,,0,107,,4839,44,,,0,105,,4840,44,,,0,105,,4842,44,,,0,105,,4841,44,,,0,105,,4843,44,,,0,105,,4844,44,,,0,104,,4835,44,,,0,144,,4837,44,,,0
8900,'EventOff',1958,,4847,44,,,0,100,,4849,44,,,0,145,,4848,44,,,0,107,,4846,44,,,0,103,,4845,44,,,0
8900,'EventOn',1958,,4852,44,,,0,100,,4854,44,,,0,145,,4853,44,,,0,107,,4851,44,,,0,103,,4850,44,,,0
8900,'KerOffPriveOff',1958,,4857,44,,,0,100,,4859,44,,,0,145,,4858,44,,,0,107,,4856,44,,,0,103,,4855,44,,,0
8900,'Samedi',650,,4876,44,,,0,103,,4860,44,,,0,105,,4868,44,,,0,147,,4861,44,,,0,105,,4869,44,,,0,105,,4862,44,,,0,105,,4870,44,,,0,104,,4863,44,,,0,104,,4871,44,,,0,106,,4864,44,,,0,106,,4872,44,,,0,104,,4865,44,,,0,105,,4873,44,,,0,105,,4866,44,,,0,104,,4874,44,,,0,145,,4867,44,,,0,105,,4875,44,,,0
