401,'CsRoyOff',637,,496,31,,,0,81,,509,31,,,0,35,,493,31,,,0,75,,504,31,,,0,76,,500,31,,,0,35,,512,31,,,0,74,,497,31,,,0,35,,510,31,,,0,75,,494,31,,,0,35,,505,31,,,0,75,,501,31,,,0,75,,513,31,,,0,34,,498,31,,,0,75,,506,31,,,0,36,,502,31,,,0,77,,511,31,,,0,79,,495,31,,,0,39,,508,31,,,0,76,,499,31,,,0,34,,507,31,,,0,75,,503,31,,,0,107,,515,31,,,0,105,,518,31,,,0,105,,517,31,,,0,105,,516,31,,,0,145,,514,31,,,0
401,'CsRoyOffKerOff',637,,523,31,,,0,81,,536,31,,,0,35,,520,31,,,0,75,,531,31,,,0,76,,527,31,,,0,35,,539,31,,,0,74,,524,31,,,0,35,,537,31,,,0,75,,521,31,,,0,35,,532,31,,,0,75,,528,31,,,0,75,,540,31,,,0,34,,525,31,,,0,75,,533,31,,,0,36,,529,31,,,0,77,,538,31,,,0,79,,522,31,,,0,39,,535,31,,,0,76,,526,31,,,0,34,,534,31,,,0,75,,530,31,,,0,107,,542,31,,,0,105,,545,31,,,0,105,,544,31,,,0,105,,543,31,,,0,145,,541,31,,,0
401,'Dimanche',904,,549,31,,,0,106,,550,31,,,0,105,,551,31,,,0,105,,552,31,,,0,105,,553,31,,,0,105,,554,31,,,0,106,,555,31,,,0,104,,556,31,,,0,105,,548,31,,,0,104,,547,31,,,0
401,'EventOff',637,,560,31,,,0,81,,573,31,,,0,35,,557,31,,,0,75,,568,31,,,0,76,,564,31,,,0,35,,576,31,,,0,74,,561,31,,,0,35,,574,31,,,0,75,,558,31,,,0,35,,569,31,,,0,75,,565,31,,,0,75,,577,31,,,0,34,,562,31,,,0,75,,570,31,,,0,36,,566,31,,,0,77,,575,31,,,0,79,,559,31,,,0,39,,572,31,,,0,76,,563,31,,,0,34,,571,31,,,0,75,,567,31,,,0,107,,579,31,,,0,105,,582,31,,,0,105,,581,31,,,0,105,,580,31,,,0,145,,578,31,,,0
401,'EventOn',637,,586,31,,,0,81,,599,31,,,0,35,,583,31,,,0,75,,594,31,,,0,76,,590,31,,,0,35,,602,31,,,0,74,,587,31,,,0,35,,600,31,,,0,75,,584,31,,,0,35,,595,31,,,0,75,,591,31,,,0,75,,603,31,,,0,34,,588,31,,,0,75,,596,31,,,0,36,,592,31,,,0,77,,601,31,,,0,79,,585,31,,,0,39,,598,31,,,0,76,,589,31,,,0,34,,597,31,,,0,75,,593,31,,,0,107,,605,31,,,0,105,,608,31,,,0,105,,607,31,,,0,105,,606,31,,,0,145,,604,31,,,0
401,'KerOffPriveOff',637,,613,31,,,0,81,,626,31,,,0,35,,610,31,,,0,75,,621,31,,,0,76,,617,31,,,0,35,,629,31,,,0,74,,614,31,,,0,35,,627,31,,,0,75,,611,31,,,0,35,,622,31,,,0,75,,618,31,,,0,75,,630,31,,,0,34,,615,31,,,0,75,,623,31,,,0,36,,619,31,,,0,77,,628,31,,,0,79,,612,31,,,0,39,,625,31,,,0,76,,616,31,,,0,34,,624,31,,,0,75,,620,31,,,0,107,,632,31,,,0,105,,635,31,,,0,105,,634,31,,,0,105,,633,31,,,0,145,,631,31,,,0
401,'Samedi',633,,637,31,,,0,105,,638,31,,,0,105,,639,31,,,0,105,,640,31,,,0,105,,641,31,,,0,105,,642,31,,,0,145,,643,31,,,0,105,,644,31,,,0,105,,645,31,,,0,105,,646,31,,,0,105,,647,31,,,0,105,,648,31,,,0,105,,649,31,,,0,105,,650,31,,,0,105,,651,31,,,0,105,,652,31,,,0,105,,653,31,,,0
2501,'CsRoyOff',631,,3731,23,,,0,74,,3733,23,,,0,40,,3732,23,,,0,77,,3734,23,,,0,33,,3752,23,,,0,74,,3735,23,,,0,75,,3736,23,,,0,35,,3737,23,,,0,75,,3738,23,,,0,35,,3739,23,,,0,75,,3740,23,,,0,35,,3741,23,,,0,75,,3742,23,,,0,75,,3743,23,,,0,35,,3744,23,,,0,78,,3745,23,,,0,79,,3746,23,,,0,38,,3747,23,,,0,76,,3748,23,,,0,35,,3749,23,,,0,75,,3750,23,,,0,33,,3751,23,,,0,75,,3753,23,,,0,104,,3754,23,,,0,105,,3755,23,,,0,105,,3756,23,,,0,105,,3757,23,,,0
2501,'CsRoyOffKerOff',631,,3759,23,,,0,74,,3761,23,,,0,40,,3760,23,,,0,77,,3762,23,,,0,33,,3780,23,,,0,74,,3763,23,,,0,75,,3764,23,,,0,35,,3765,23,,,0,75,,3766,23,,,0,35,,3767,23,,,0,75,,3768,23,,,0,35,,3769,23,,,0,75,,3770,23,,,0,75,,3771,23,,,0,35,,3772,23,,,0,78,,3773,23,,,0,79,,3774,23,,,0,38,,3775,23,,,0,76,,3776,23,,,0,35,,3777,23,,,0,75,,3778,23,,,0,33,,3779,23,,,0,75,,3781,23,,,0,104,,3782,23,,,0,105,,3783,23,,,0,105,,3784,23,,,0,105,,3785,23,,,0
2501,'Dimanche',857,,3788,23,,,0,145,,3789,23,,,0,105,,3790,23,,,0,105,,3791,23,,,0,105,,3792,23,,,0,105,,3793,23,,,0,105,,3794,23,,,0,105,,3795,23,,,0,105,,3787,23,,,0,105,,3786,23,,,0
2501,'EventOff',631,,3796,23,,,0,74,,3798,23,,,0,40,,3797,23,,,0,77,,3799,23,,,0,33,,3817,23,,,0,74,,3800,23,,,0,75,,3801,23,,,0,35,,3802,23,,,0,75,,3803,23,,,0,35,,3804,23,,,0,75,,3805,23,,,0,35,,3806,23,,,0,75,,3807,23,,,0,75,,3808,23,,,0,35,,3809,23,,,0,78,,3810,23,,,0,79,,3811,23,,,0,38,,3812,23,,,0,76,,3813,23,,,0,35,,3814,23,,,0,75,,3815,23,,,0,33,,3816,23,,,0,75,,3818,23,,,0,104,,3819,23,,,0,105,,3820,23,,,0,105,,3821,23,,,0,105,,3822,23,,,0
2501,'EventOn',631,,3823,23,,,0,74,,3825,23,,,0,31,,3850,23,0,9,0,9,,3824,23,,,0,12,,3851,23,0,10,0,65,,3826,23,,,0,33,,3844,23,,,0,74,,3827,23,,,0,75,,3828,23,,,0,35,,3829,23,,,0,75,,3830,23,,,0,35,,3831,23,,,0,75,,3832,23,,,0,35,,3833,23,,,0,75,,3834,23,,,0,75,,3835,23,,,0,35,,3836,23,,,0,78,,3837,23,,,0,79,,3838,23,,,0,38,,3839,23,,,0,76,,3840,23,,,0,35,,3841,23,,,0,75,,3842,23,,,0,33,,3843,23,,,0,75,,3845,23,,,0,104,,3846,23,,,0,105,,3847,23,,,0,105,,3848,23,,,0,105,,3849,23,,,0
2501,'KerOffPriveOff',631,,3853,23,,,0,74,,3855,23,,,0,31,,3880,23,0,9,0,9,,3854,23,,,0,12,,3881,23,0,10,0,65,,3856,23,,,0,33,,3874,23,,,0,74,,3857,23,,,0,75,,3858,23,,,0,35,,3859,23,,,0,75,,3860,23,,,0,35,,3861,23,,,0,75,,3862,23,,,0,35,,3863,23,,,0,75,,3864,23,,,0,75,,3865,23,,,0,35,,3866,23,,,0,78,,3867,23,,,0,79,,3868,23,,,0,38,,3869,23,,,0,76,,3870,23,,,0,35,,3871,23,,,0,75,,3872,23,,,0,33,,3873,23,,,0,75,,3875,23,,,0,104,,3876,23,,,0,105,,3877,23,,,0,105,,3878,23,,,0,105,,3879,23,,,0
2501,'Samedi',627,,3893,23,,,0,104,,3882,23,,,0,105,,3888,23,,,0,105,,3894,23,,,0,105,,3883,23,,,0,105,,3889,23,,,0,105,,3895,23,,,0,146,,3884,23,,,0,105,,3890,23,,,0,105,,3896,23,,,0,105,,3885,23,,,0,104,,3891,23,,,0,105,,3897,23,,,0,105,,3886,23,,,0,105,,3892,23,,,0,105,,3898,23,,,0,105,,3887,23,,,0
6000,'CsRoyOff',621,,4484,3,,,0,82,,4474,3,,,0,30,,4485,3,,,0,81,,4475,3,,,0,35,,4486,3,,,0,74,,4476,3,,,0,36,,4487,3,,,0,74,,4477,3,,,0,75,,4488,3,,,0,33,,4478,3,,,0,76,,4489,3,,,0,35,,4479,3,,,0,68,,4490,3,,,0,37,,4501,3,,,0,65,,4480,3,,,0,80,,4491,3,,,0,38,,4481,3,,,0,78,,4492,3,,,0,34,,4482,3,,,0,76,,4493,3,,,0,75,,4483,3,,,0,35,,4494,3,,,0,78,,4495,3,,,0,105,,4500,3,,,0,105,,4499,3,,,0,105,,4498,3,,,0,105,,4496,3,,,0,101,,4497,3,0,14 15,0
6000,'CsRoyOffKerOff',621,,4513,3,,,0,82,,4503,3,,,0,30,,4514,3,,,0,81,,4504,3,,,0,35,,4515,3,,,0,74,,4505,3,,,0,36,,4516,3,,,0,74,,4506,3,,,0,75,,4517,3,,,0,33,,4507,3,,,0,76,,4518,3,,,0,35,,4508,3,,,0,68,,4519,3,,,0,37,,4530,3,,,0,65,,4509,3,,,0,80,,4520,3,,,0,38,,4510,3,,,0,78,,4521,3,,,0,34,,4511,3,,,0,76,,4522,3,,,0,75,,4512,3,,,0,35,,4523,3,,,0,78,,4524,3,,,0,105,,4529,3,,,0,105,,4528,3,,,0,105,,4527,3,,,0,105,,4525,3,,,0,101,,4526,3,0,14 15,0
6000,'Dimanche',843,,4531,3,,,0,105,,4532,3,,,0,104,,4534,3,,,0,107,,4536,3,,,0,144,,4537,3,,,0,104,,4538,3,,,0,105,,4539,3,,,0,104,,4540,3,,,0,106,,4535,3,,,0,105,,4533,3,,,0
6000,'EventOff',621,,4552,3,,,0,82,,4542,3,,,0,30,,4553,3,,,0,81,,4543,3,,,0,35,,4554,3,,,0,74,,4544,3,,,0,36,,4555,3,,,0,74,,4545,3,,,0,75,,4556,3,,,0,33,,4546,3,,,0,76,,4557,3,,,0,35,,4547,3,,,0,68,,4558,3,,,0,37,,4569,3,,,0,65,,4548,3,,,0,80,,4559,3,,,0,38,,4549,3,,,0,78,,4560,3,,,0,34,,4550,3,,,0,76,,4561,3,,,0,75,,4551,3,,,0,35,,4562,3,,,0,78,,4563,3,,,0,105,,4568,3,,,0,105,,4567,3,,,0,105,,4566,3,,,0,105,,4564,3,,,0,101,,4565,3,0,14 15,0
6000,'EventOn',621,,4581,3,,,0,82,,4571,3,,,0,30,,4582,3,,,0,81,,4572,3,,,0,7,,4599,3,0,9,0,28,,4583,3,,,0,74,,4573,3,,,0,36,,4584,3,,,0,74,,4574,3,,,0,75,,4585,3,,,0,33,,4575,3,,,0,76,,4586,3,,,0,35,,4576,3,,,0,68,,4587,3,,,0,37,,4598,3,,,0,65,,4577,3,,,0,80,,4588,3,,,0,38,,4578,3,,,0,78,,4589,3,,,0,34,,4579,3,,,0,76,,4590,3,,,0,75,,4580,3,,,0,35,,4591,3,,,0,78,,4592,3,,,0,105,,4597,3,,,0,105,,4596,3,,,0,105,,4595,3,,,0,105,,4593,3,,,0,101,,4594,3,0,14 15,0
6000,'KerOffPriveOff',621,,4613,3,,,0,82,,4603,3,,,0,30,,4614,3,,,0,81,,4604,3,,,0,7,,4631,3,0,9,0,28,,4615,3,,,0,74,,4605,3,,,0,36,,4616,3,,,0,74,,4606,3,,,0,75,,4617,3,,,0,33,,4607,3,,,0,76,,4618,3,,,0,35,,4608,3,,,0,68,,4619,3,,,0,37,,4630,3,,,0,65,,4609,3,,,0,80,,4620,3,,,0,38,,4610,3,,,0,78,,4621,3,,,0,34,,4611,3,,,0,76,,4622,3,,,0,75,,4612,3,,,0,35,,4623,3,,,0,78,,4624,3,,,0,105,,4629,3,,,0,105,,4628,3,,,0,105,,4627,3,,,0,105,,4625,3,,,0,101,,4626,3,0,14 15,0
6000,'Samedi',613,,4639,3,,,0,104,,4645,3,,,0,105,,4634,3,,,0,105,,4640,3,,,0,106,,4646,3,,,0,105,,4635,3,,,0,105,,4641,3,,,0,106,,4647,3,,,0,104,,4636,3,,,0,105,,4642,3,,,0,144,,4648,3,,,0,105,,4637,3,,,0,105,,4643,3,,,0,105,,4649,3,,,0,105,,4638,3,,,0,105,,4644,3,,,0,105,,4650,3,,,0,100,,4651,3,0,14 15,0
160900101,'EventOn',754,,4948,23,,,0
160900101,'KerOffPriveOff',754,,4949,23,,,0
