1600,'CsRoyOff',719,,3122,23,,,0,110,,3123,23,,,0,110,,3124,23,,,0,110,,3125,23,,,0,110,,3126,23,,,0,150,,3127,23,,,0,110,,3128,23,,,0,116,,3129,23,,,0,114,,3130,23,,,0,110,,3131,23,,,0,150,,3132,23,,,0,100,,3133,23,,,0,106,,3134,23,,,0,104,,3135,23,,,0,106,,3136,23,,,0,102,,3137,23,,,0
1600,'CsRoyOffKerOff',719,,3138,23,,,0,110,,3139,23,,,0,110,,3140,23,,,0,110,,3141,23,,,0,110,,3142,23,,,0,150,,3143,23,,,0,110,,3144,23,,,0,116,,3145,23,,,0,114,,3146,23,,,0,110,,3147,23,,,0,150,,3148,23,,,0,100,,3149,23,,,0,106,,3150,23,,,0,104,,3151,23,,,0,106,,3152,23,,,0,102,,3153,23,,,0
1600,'Dimanche',935,,3155,23,,,0,105,,3156,23,,,0,105,,3157,23,,,0,105,,3158,23,,,0,104,,3159,23,,,0,105,,3160,23,,,0,145,,3161,23,,,0,105,,3154,23,,,0,105,,3162,23,,,0,105,,3163,23,,,0
1600,'EventOff',719,,3164,23,,,0,110,,3165,23,,,0,110,,3166,23,,,0,110,,3167,23,,,0,110,,3168,23,,,0,150,,3169,23,,,0,110,,3170,23,,,0,116,,3171,23,,,0,114,,3172,23,,,0,110,,3173,23,,,0,150,,3174,23,,,0,100,,3175,23,,,0,106,,3176,23,,,0,104,,3177,23,,,0,106,,3178,23,,,0,102,,3179,23,,,0
1600,'EventOn',719,,3180,23,,,0,110,,3181,23,,,0,110,,3182,23,,,0,110,,3183,23,,,0,110,,3184,23,,,0,150,,3185,23,,,0,110,,3186,23,,,0,116,,3187,23,,,0,114,,3188,23,,,0,110,,3189,23,,,0,150,,3190,23,,,0,100,,3191,23,,,0,106,,3192,23,,,0,104,,3193,23,,,0,106,,3194,23,,,0,102,,3195,23,,,0
1600,'KerOffPriveOff',719,,3196,23,,,0,110,,3197,23,,,0,110,,3198,23,,,0,110,,3199,23,,,0,110,,3200,23,,,0,150,,3201,23,,,0,110,,3202,23,,,0,116,,3203,23,,,0,114,,3204,23,,,0,110,,3205,23,,,0,150,,3206,23,,,0,100,,3207,23,,,0,106,,3208,23,,,0,104,,3209,23,,,0,106,,3210,23,,,0,102,,3211,23,,,0
1600,'Samedi',704,,3227,23,,,0,105,,3228,23,,,0,105,,3212,23,,,0,105,,3213,23,,,0,105,,3214,23,,,0,105,,3215,23,,,0,105,,3216,23,,,0,105,,3217,23,,,0,105,,3218,23,,,0,105,,3219,23,,,0,105,,3221,23,,,0,105,,3222,23,,,0,145,,3223,23,,,0,105,,3224,23,,,0,105,,3225,23,,,0,105,,3226,23,,,0,105,,3220,23,,,0
111800201,'CsRoyOff',800,,4926,1,,,0
111800201,'EventOn',800,,4927,1,,,0
3080100001,'EventOn',1625,,4972,17,4,,0
3080100001,'KerOffPriveOff',1625,,4973,17,4,,0
