400,'CsRoyOff',635,,341,25,,,0,76,,325,25,,,0,42,,337,25,,,0,75,,333,25,,,0,76,,345,25,,,0,33,,330,25,,,0,75,,342,25,,,0,35,,326,25,,,0,75,,338,25,,,0,35,,334,25,,,0,75,,346,25,,,0,75,,331,25,,,0,35,,339,25,,,0,75,,335,25,,,0,35,,343,25,,,0,81,,327,25,,,0,76,,352,15,,,0,2,,329,25,,,0,37,,332,25,,,0,75,,340,25,,,0,34,,336,25,,,0,75,,344,25,,,0,75,,328,25,,,0,105,,351,25,,,0,105,,350,25,,,0,105,,349,25,,,0,105,,348,25,,,0,105,,347,25,,,0
400,'CsRoyOffKerOff',635,,369,25,,,0,76,,353,25,,,0,42,,365,25,,,0,75,,361,25,,,0,76,,373,25,,,0,33,,358,25,,,0,75,,370,25,,,0,35,,354,25,,,0,75,,366,25,,,0,35,,362,25,,,0,75,,374,25,,,0,75,,359,25,,,0,35,,367,25,,,0,75,,363,25,,,0,35,,371,25,,,0,81,,355,25,,,0,76,,380,15,,,0,2,,357,25,,,0,37,,360,25,,,0,75,,368,25,,,0,34,,364,25,,,0,75,,372,25,,,0,75,,356,25,,,0,105,,379,25,,,0,105,,378,25,,,0,105,,377,25,,,0,105,,376,25,,,0,105,,375,25,,,0
400,'Dimanche',937,,384,25,,,0,105,,385,25,,,0,105,,386,25,,,0,105,,387,25,,,0,105,,388,25,,,0,146,,389,25,,,0,104,,390,25,,,0,105,,381,25,,,0,104,,383,25,,,0,104,,382,25,,,0
400,'EventOff',635,,407,25,,,0,76,,391,25,,,0,42,,403,25,,,0,75,,399,25,,,0,76,,411,25,,,0,33,,396,25,,,0,75,,408,25,,,0,35,,392,25,,,0,75,,404,25,,,0,35,,400,25,,,0,75,,412,25,,,0,75,,397,25,,,0,35,,405,25,,,0,75,,401,25,,,0,35,,409,25,,,0,81,,393,25,,,0,78,,395,25,,,0,37,,398,25,,,0,75,,406,25,,,0,34,,402,25,,,0,75,,410,25,,,0,75,,394,25,,,0,105,,417,25,,,0,105,,416,25,,,0,105,,415,25,,,0,105,,414,25,,,0,105,,413,25,,,0
400,'EventOn',635,,434,25,,,0,76,,418,25,,,0,42,,430,25,,,0,75,,426,25,,,0,76,,438,25,,,0,33,,423,25,,,0,75,,435,25,,,0,35,,419,25,,,0,75,,431,25,,,0,35,,427,25,,,0,75,,439,25,,,0,75,,424,25,,,0,35,,432,25,,,0,75,,428,25,,,0,35,,436,25,,,0,81,,420,25,,,0,76,,446,15,,,0,2,,422,25,,,0,27,,445,15,,,0,10,,425,25,,,0,75,,433,25,,,0,34,,429,25,,,0,75,,437,25,,,0,75,,421,25,,,0,105,,444,25,,,0,105,,443,25,,,0,105,,442,25,,,0,105,,441,25,,,0,105,,440,25,,,0
400,'KerOffPriveOff',635,,463,25,,,0,76,,447,25,,,0,42,,459,25,,,0,75,,455,25,,,0,76,,467,25,,,0,33,,452,25,,,0,75,,464,25,,,0,35,,448,25,,,0,75,,460,25,,,0,35,,456,25,,,0,75,,468,25,,,0,75,,453,25,,,0,35,,461,25,,,0,75,,457,25,,,0,35,,465,25,,,0,81,,449,25,,,0,76,,475,15,,,0,2,,451,25,,,0,27,,474,15,,,0,10,,454,25,,,0,75,,462,25,,,0,34,,458,25,,,0,75,,466,25,,,0,75,,450,25,,,0,105,,473,25,,,0,105,,472,25,,,0,105,,471,25,,,0,105,,470,25,,,0,105,,469,25,,,0
400,'Samedi',703,,476,25,,,0,106,,477,25,,,0,108,,478,25,,,0,105,,479,25,,,0,105,,480,25,,,0,105,,481,25,,,0,105,,482,25,,,0,105,,483,25,,,0,104,,484,25,,,0,105,,485,25,,,0,105,,486,25,,,0,144,,487,25,,,0,105,,488,25,,,0,105,,489,25,,,0,105,,490,25,,,0,102,,491,25,,,0,105,,492,25,,,0
2500,'CsRoyOff',718,,3575,11,0,21,0,883,,3576,11,,,0
2500,'CsRoyOffKerOff',718,,3605,11,0,21,0,883,,3606,11,,,0
2500,'EventOn',718,,3677,11,0,21,0,11,,3676,11,0,10,0,872,,3679,11,,,0,5,,3678,30,,,0
2500,'KerOffPriveOff',729,,3710,11,0,10,0,877,,3711,30,,,0
3080200000,'EventOn',802,,4974,11,,,0
3080200000,'KerOffPriveOff',802,,4975,11,,,0
3080200001,'EventOn',1606,,4976,13,,,0
3080200001,'KerOffPriveOff',1606,,4977,13,,,0
3080400001,'EventOn',1612,,4984,22,,,0
3080400001,'KerOffPriveOff',1612,,4985,22,,,0
