1300,'CsRoyOff',632,,2737,24,,,0,75,,2726,24,,,0,44,,2743,24,,,0,74,,2732,24,,,0,34,,2738,24,,,0,74,,2727,24,,,0,75,,2744,24,,,0,35,,2733,24,,,0,76,,2739,24,,,0,35,,2728,24,,,0,75,,2745,24,,,0,74,,2734,24,,,0,35,,2740,24,,,0,75,,2729,24,,,0,35,,2746,24,,,0,80,,2735,24,,,0,78,,2741,24,,,0,37,,2730,24,,,0,75,,2747,24,,,0,34,,2736,24,,,0,75,,2742,24,,,0,75,,2731,24,,,0,105,,2752,24,,,0,104,,2751,24,,,0,105,,2750,24,,,0,105,,2749,24,,,0,105,,2748,24,,,0
1300,'CsRoyOffKerOff',632,,2764,24,,,0,75,,2753,24,,,0,44,,2770,24,,,0,74,,2759,24,,,0,34,,2765,24,,,0,74,,2754,24,,,0,75,,2771,24,,,0,35,,2760,24,,,0,76,,2766,24,,,0,35,,2755,24,,,0,75,,2772,24,,,0,74,,2761,24,,,0,35,,2767,24,,,0,75,,2756,24,,,0,35,,2773,24,,,0,80,,2762,24,,,0,78,,2768,24,,,0,37,,2757,24,,,0,75,,2774,24,,,0,34,,2763,24,,,0,75,,2769,24,,,0,75,,2758,24,,,0,105,,2779,24,,,0,104,,2778,24,,,0,105,,2777,24,,,0,105,,2776,24,,,0,105,,2775,24,,,0
1300,'Dimanche',931,,2783,24,,,0,105,,2784,24,,,0,106,,2785,24,,,0,105,,2786,24,,,0,105,,2787,24,,,0,105,,2788,24,,,0,145,,2789,24,,,0,105,,2782,24,,,0,105,,2780,24,,,0,104,,2781,24,,,0
1300,'EventOff',632,,2801,24,,,0,75,,2790,24,,,0,44,,2807,24,,,0,74,,2796,24,,,0,34,,2802,24,,,0,74,,2791,24,,,0,75,,2808,24,,,0,35,,2797,24,,,0,76,,2803,24,,,0,35,,2792,24,,,0,75,,2809,24,,,0,74,,2798,24,,,0,35,,2804,24,,,0,75,,2793,24,,,0,35,,2810,24,,,0,80,,2799,24,,,0,78,,2805,24,,,0,37,,2794,24,,,0,75,,2811,24,,,0,34,,2800,24,,,0,75,,2806,24,,,0,75,,2795,24,,,0,105,,2816,24,,,0,104,,2815,24,,,0,105,,2814,24,,,0,105,,2813,24,,,0,105,,2812,24,,,0
1300,'EventOn',632,,2828,24,,,0,75,,2817,24,,,0,44,,2834,24,,,0,74,,2823,24,,,0,34,,2829,24,,,0,74,,2818,24,,,0,75,,2835,24,,,0,35,,2824,24,,,0,76,,2830,24,,,0,35,,2819,24,,,0,75,,2836,24,,,0,74,,2825,24,,,0,35,,2831,24,,,0,75,,2820,24,,,0,35,,2837,24,,,0,80,,2826,24,,,0,78,,2832,24,,,0,12,,2846,24,,,0,25,,2821,24,,,0,75,,2838,24,,,0,34,,2827,24,,,0,75,,2833,24,,,0,75,,2822,24,,,0,105,,2843,24,,,0,104,,2842,24,,,0,105,,2841,24,,,0,105,,2840,24,,,0,105,,2839,24,,,0
1300,'KerOffPriveOff',632,,2858,24,,,0,75,,2847,24,,,0,44,,2864,24,,,0,74,,2853,24,,,0,34,,2859,24,,,0,74,,2848,24,,,0,75,,2865,24,,,0,35,,2854,24,,,0,76,,2860,24,,,0,35,,2849,24,,,0,75,,2866,24,,,0,74,,2855,24,,,0,35,,2861,24,,,0,75,,2850,24,,,0,35,,2867,24,,,0,80,,2856,24,,,0,78,,2862,24,,,0,12,,2876,24,,,0,25,,2851,24,,,0,75,,2868,24,,,0,34,,2857,24,,,0,75,,2863,24,,,0,75,,2852,24,,,0,105,,2873,24,,,0,104,,2872,24,,,0,105,,2871,24,,,0,105,,2870,24,,,0,105,,2869,24,,,0
1300,'Samedi',700,,2885,24,,,0,106,,2877,24,,,0,105,,2886,24,,,0,107,,2878,24,,,0,105,,2887,24,,,0,105,,2879,24,,,0,105,,2888,24,,,0,105,,2880,24,,,0,105,,2889,24,,,0,105,,2881,24,,,0,105,,2890,24,,,0,104,,2882,24,,,0,145,,2891,24,,,0,105,,2883,24,,,0,105,,2892,24,,,0,105,,2884,24,,,0,104,,2893,24,,,0
1601,'CsRoyOff',636,,3244,27,,,0,115,,3229,27,,,0,150,,3230,27,,,0,110,,3231,27,,,0,110,,3232,27,,,0,110,,3233,27,,,0,110,,3234,27,,,0,110,,3235,27,,,0,156,,3236,27,,,0,116,,3237,27,,,0,109,,3238,27,,,0,107,,3239,27,,,0,100,,3240,27,,,0,105,,3241,27,,,0,105,,3243,27,,,0,105,,3242,27,,,0
1601,'CsRoyOffKerOff',636,,3260,27,,,0,115,,3245,27,,,0,150,,3246,27,,,0,110,,3247,27,,,0,110,,3248,27,,,0,110,,3249,27,,,0,110,,3250,27,,,0,110,,3251,27,,,0,156,,3252,27,,,0,116,,3253,27,,,0,109,,3254,27,,,0,107,,3255,27,,,0,100,,3256,27,,,0,105,,3257,27,,,0,105,,3259,27,,,0,105,,3258,27,,,0
1601,'Dimanche',900,,3269,27,,,0,105,,3262,27,,,0,105,,3263,27,,,0,105,,3264,27,,,0,105,,3265,27,,,0,105,,3266,27,,,0,106,,3267,27,,,0,105,,3268,27,,,0,104,,3261,27,,,0,105,,3270,27,,,0
1601,'EventOff',636,,3286,27,,,0,115,,3271,27,,,0,150,,3272,27,,,0,110,,3273,27,,,0,110,,3274,27,,,0,110,,3275,27,,,0,110,,3276,27,,,0,110,,3277,27,,,0,156,,3278,27,,,0,116,,3279,27,,,0,109,,3280,27,,,0,107,,3281,27,,,0,100,,3282,27,,,0,105,,3283,27,,,0,105,,3285,27,,,0,105,,3284,27,,,0
1601,'EventOn',636,,3302,27,,,0,115,,3287,27,,,0,150,,3288,27,,,0,110,,3289,27,,,0,110,,3290,27,,,0,110,,3291,27,,,0,110,,3292,27,,,0,110,,3293,27,,,0,156,,3294,27,,,0,116,,3295,27,,,0,109,,3296,27,,,0,107,,3297,27,,,0,100,,3298,27,,,0,105,,3299,27,,,0,105,,3301,27,,,0,105,,3300,27,,,0
1601,'KerOffPriveOff',636,,3318,27,,,0,115,,3303,27,,,0,150,,3304,27,,,0,110,,3305,27,,,0,110,,3306,27,,,0,110,,3307,27,,,0,110,,3308,27,,,0,110,,3309,27,,,0,156,,3310,27,,,0,116,,3311,27,,,0,109,,3312,27,,,0,107,,3313,27,,,0,100,,3314,27,,,0,105,,3315,27,,,0,105,,3317,27,,,0,105,,3316,27,,,0
1601,'Samedi',630,,3334,27,,,0,105,,3335,27,,,0,105,,3327,27,,,0,105,,3319,27,,,0,105,,3320,27,,,0,105,,3321,27,,,0,145,,3322,27,,,0,104,,3323,27,,,0,105,,3324,27,,,0,105,,3325,27,,,0,106,,3326,27,,,0,105,,3328,27,,,0,105,,3329,27,,,0,105,,3330,27,,,0,105,,3331,27,,,0,105,,3332,27,,,0,105,,3333,27,,,0
2501,'CsRoyOff',623,,3731,15,,,0,34,,3733,15,,,0,79,,3732,15,,,0,77,,3734,15,,,0,34,,3752,15,,,0,74,,3735,15,,,0,35,,3736,15,,,0,75,,3737,15,,,0,75,,3738,15,,,0,35,,3739,15,,,0,75,,3740,15,,,0,35,,3741,15,,,0,75,,3742,15,,,0,75,,3743,15,,,0,35,,3744,15,,,0,78,,3745,15,,,0,21,,3758,10,0,7 8,0,18,,3746,15,,,0,78,,3747,15,,,0,76,,3748,15,,,0,35,,3749,15,,,0,75,,3750,15,,,0,33,,3751,15,,,0,75,,3753,15,,,0,104,,3754,15,,,0,105,,3755,15,,,0,105,,3756,15,,,0,105,,3757,15,,,0
2501,'CsRoyOffKerOff',623,,3759,15,,,0,34,,3761,15,,,0,79,,3760,15,,,0,77,,3762,15,,,0,34,,3780,15,,,0,74,,3763,15,,,0,35,,3764,15,,,0,75,,3765,15,,,0,75,,3766,15,,,0,35,,3767,15,,,0,75,,3768,15,,,0,35,,3769,15,,,0,75,,3770,15,,,0,75,,3771,15,,,0,35,,3772,15,,,0,78,,3773,15,,,0,39,,3774,15,,,0,78,,3775,15,,,0,76,,3776,15,,,0,35,,3777,15,,,0,75,,3778,15,,,0,33,,3779,15,,,0,75,,3781,15,,,0,104,,3782,15,,,0,105,,3783,15,,,0,105,,3784,15,,,0,105,,3785,15,,,0
2501,'Dimanche',849,,3788,15,,,0,105,,3789,15,,,0,105,,3790,15,,,0,145,,3791,15,,,0,105,,3792,15,,,0,105,,3793,15,,,0,105,,3794,15,,,0,105,,3795,15,,,0,105,,3787,15,,,0,105,,3786,15,,,0
2501,'EventOff',623,,3796,15,,,0,34,,3798,15,,,0,79,,3797,15,,,0,77,,3799,15,,,0,34,,3817,15,,,0,74,,3800,15,,,0,35,,3801,15,,,0,75,,3802,15,,,0,75,,3803,15,,,0,35,,3804,15,,,0,75,,3805,15,,,0,35,,3806,15,,,0,75,,3807,15,,,0,75,,3808,15,,,0,35,,3809,15,,,0,78,,3810,15,,,0,39,,3811,15,,,0,78,,3812,15,,,0,76,,3813,15,,,0,35,,3814,15,,,0,75,,3815,15,,,0,33,,3816,15,,,0,75,,3818,15,,,0,104,,3819,15,,,0,105,,3820,15,,,0,105,,3821,15,,,0,105,,3822,15,,,0
2501,'EventOn',623,,3823,15,,,0,34,,3825,15,,,0,71,,3850,15,0,9,0,8,,3824,15,,,0,12,,3851,15,0,10,0,65,,3826,15,,,0,34,,3844,15,,,0,74,,3827,15,,,0,35,,3828,15,,,0,75,,3829,15,,,0,75,,3830,15,,,0,35,,3831,15,,,0,75,,3832,15,,,0,35,,3833,15,,,0,75,,3834,15,,,0,75,,3835,15,,,0,35,,3836,15,,,0,78,,3837,15,,,0,21,,3852,10,0,7 8,0,18,,3838,15,,,0,78,,3839,15,,,0,76,,3840,15,,,0,35,,3841,15,,,0,75,,3842,15,,,0,33,,3843,15,,,0,75,,3845,15,,,0,104,,3846,15,,,0,105,,3847,15,,,0,105,,3848,15,,,0,105,,3849,15,,,0
2501,'KerOffPriveOff',623,,3853,15,,,0,34,,3855,15,,,0,71,,3880,15,0,9,0,8,,3854,15,,,0,12,,3881,15,0,10,0,65,,3856,15,,,0,34,,3874,15,,,0,74,,3857,15,,,0,35,,3858,15,,,0,75,,3859,15,,,0,75,,3860,15,,,0,35,,3861,15,,,0,75,,3862,15,,,0,35,,3863,15,,,0,75,,3864,15,,,0,75,,3865,15,,,0,35,,3866,15,,,0,78,,3867,15,,,0,39,,3868,15,,,0,78,,3869,15,,,0,76,,3870,15,,,0,35,,3871,15,,,0,75,,3872,15,,,0,33,,3873,15,,,0,75,,3875,15,,,0,104,,3876,15,,,0,105,,3877,15,,,0,105,,3878,15,,,0,105,,3879,15,,,0
2501,'Samedi',619,,3893,15,,,0,104,,3882,15,,,0,105,,3888,15,,,0,105,,3894,15,,,0,105,,3883,15,,,0,105,,3889,15,,,0,105,,3895,15,,,0,105,,3884,15,,,0,105,,3890,15,,,0,145,,3896,15,,,0,105,,3885,15,,,0,105,,3891,15,,,0,105,,3897,15,,,0,105,,3886,15,,,0,105,,3892,15,,,0,105,,3898,15,,,0,105,,3887,15,,,0
