801,'CsRoyOff',632,,1503,32,,,0,80,,1492,32,,,0,35,,1504,32,,,0,81,,1493,32,,,0,74,,1505,32,,,0,34,,1494,32,,,0,75,,1506,32,,,0,35,,1495,32,,,0,75,,1507,32,,,0,36,,1496,32,,,0,75,,1508,32,,,0,75,,1497,32,,,0,35,,1509,32,,,0,75,,1498,32,,,0,35,,1510,32,,,0,80,,1499,32,,,0,77,,1511,32,,,0,37,,1500,32,,,0,77,,1512,32,,,0,34,,1501,32,,,0,74,,1513,32,,,0,74,,1502,32,,,0,34,,1514,32,,,0,104,,1518,32,,,0,105,,1517,32,,,0,105,,1515,32,,,0,105,,1516,32,,,0
801,'CsRoyOffKerOff',632,,1530,32,,,0,80,,1519,32,,,0,35,,1531,32,,,0,81,,1520,32,,,0,74,,1532,32,,,0,34,,1521,32,,,0,75,,1533,32,,,0,35,,1522,32,,,0,75,,1534,32,,,0,36,,1523,32,,,0,75,,1535,32,,,0,75,,1524,32,,,0,35,,1536,32,,,0,75,,1525,32,,,0,35,,1537,32,,,0,80,,1526,32,,,0,77,,1538,32,,,0,37,,1527,32,,,0,77,,1539,32,,,0,34,,1528,32,,,0,74,,1540,32,,,0,74,,1529,32,,,0,34,,1541,32,,,0,104,,1545,32,,,0,105,,1544,32,,,0,105,,1542,32,,,0,105,,1543,32,,,0
801,'Dimanche',902,,1547,32,,,0,105,,1548,32,,,0,105,,1549,32,,,0,104,,1552,32,,,0,105,,1551,32,,,0,105,,1553,32,,,0,105,,1554,32,,,0,105,,1555,32,,,0,105,,1550,32,,,0,105,,1546,32,,,0
801,'EventOff',632,,1567,32,,,0,80,,1556,32,,,0,35,,1568,32,,,0,81,,1557,32,,,0,74,,1569,32,,,0,34,,1558,32,,,0,75,,1570,32,,,0,35,,1559,32,,,0,75,,1571,32,,,0,36,,1560,32,,,0,75,,1572,32,,,0,75,,1561,32,,,0,35,,1573,32,,,0,75,,1562,32,,,0,35,,1574,32,,,0,80,,1563,32,,,0,77,,1575,32,,,0,37,,1564,32,,,0,77,,1576,32,,,0,34,,1565,32,,,0,74,,1577,32,,,0,74,,1566,32,,,0,34,,1578,32,,,0,104,,1582,32,,,0,105,,1581,32,,,0,105,,1579,32,,,0,105,,1580,32,,,0
801,'EventOn',632,,1594,32,,,0,80,,1583,32,,,0,35,,1595,32,,,0,81,,1584,32,,,0,74,,1596,32,,,0,34,,1585,32,,,0,75,,1597,32,,,0,35,,1586,32,,,0,75,,1598,32,,,0,36,,1587,32,,,0,75,,1599,32,,,0,75,,1588,32,,,0,35,,1600,32,,,0,75,,1589,32,,,0,35,,1601,32,,,0,80,,1590,32,,,0,77,,1602,32,,,0,37,,1591,32,,,0,77,,1603,32,,,0,34,,1592,32,,,0,74,,1604,32,,,0,74,,1593,32,,,0,34,,1605,32,,,0,104,,1609,32,,,0,105,,1608,32,,,0,105,,1606,32,,,0,105,,1607,32,,,0
801,'KerOffPriveOff',632,,1621,32,,,0,80,,1610,32,,,0,35,,1622,32,,,0,81,,1611,32,,,0,74,,1623,32,,,0,34,,1612,32,,,0,75,,1624,32,,,0,35,,1613,32,,,0,75,,1625,32,,,0,36,,1614,32,,,0,75,,1626,32,,,0,75,,1615,32,,,0,35,,1627,32,,,0,75,,1616,32,,,0,35,,1628,32,,,0,80,,1617,32,,,0,77,,1629,32,,,0,37,,1618,32,,,0,77,,1630,32,,,0,34,,1619,32,,,0,74,,1631,32,,,0,74,,1620,32,,,0,34,,1632,32,,,0,104,,1636,32,,,0,105,,1635,32,,,0,105,,1633,32,,,0,105,,1634,32,,,0
801,'Samedi',631,,1637,32,,,0,105,,1638,32,,,0,106,,1639,32,,,0,105,,1640,32,,,0,106,,1641,32,,,0,104,,1642,32,,,0,145,,1643,32,,,0,105,,1644,32,,,0,104,,1645,32,,,0,106,,1646,32,,,0,105,,1647,32,,,0,105,,1648,32,,,0,105,,1649,32,,,0,106,,1650,32,,,0,105,,1651,32,,,0,105,,1652,32,,,0,103,,1653,32,,,0
1200,'CsRoyOff',652,,2509,4,,,0,155,,2510,4,,,0,110,,2511,4,,,0,110,,2512,4,,,0,110,,2513,4,,,0,109,,2514,4,,,0,110,,2515,4,,,0,155,,2516,4,,,0,118,,2517,4,,,0,108,,2518,4,,,0,110,,2519,4,,,0,105,,2523,4,,,0,105,,2522,4,,,0,145,,2521,4,,,0,105,,2520,4,,,0,105,,2524,4,,,0
1200,'CsRoyOffKerOff',652,,2526,4,,,0,155,,2527,4,,,0,110,,2528,4,,,0,110,,2529,4,,,0,110,,2530,4,,,0,109,,2531,4,,,0,110,,2532,4,,,0,155,,2533,4,,,0,118,,2534,4,,,0,108,,2535,4,,,0,110,,2536,4,,,0,105,,2540,4,,,0,105,,2539,4,,,0,145,,2538,4,,,0,105,,2537,4,,,0,105,,2541,4,,,0
1200,'Dimanche',917,,2544,4,,,0,105,,2546,4,,,0,105,,2547,4,,,0,105,,2548,4,,,0,104,,2549,4,,,0,105,,2550,4,,,0,105,,2551,4,,,0,106,,2552,4,,,0,105,,2545,4,,,0,145,,2543,4,,,0
1200,'EventOff',652,,2553,4,,,0,155,,2554,4,,,0,110,,2555,4,,,0,110,,2556,4,,,0,110,,2557,4,,,0,109,,2558,4,,,0,110,,2559,4,,,0,155,,2560,4,,,0,118,,2561,4,,,0,108,,2562,4,,,0,110,,2563,4,,,0,105,,2567,4,,,0,105,,2566,4,,,0,145,,2565,4,,,0,105,,2564,4,,,0,105,,2568,4,,,0
1200,'EventOn',652,,2569,4,,,0,155,,2570,4,,,0,110,,2571,4,,,0,110,,2572,4,,,0,110,,2573,4,,,0,109,,2574,4,,,0,110,,2575,4,,,0,155,,2576,4,,,0,118,,2577,4,,,0,108,,2578,4,,,0,110,,2579,4,,,0,105,,2583,4,,,0,105,,2582,4,,,0,145,,2581,4,,,0,105,,2580,4,,,0,105,,2584,4,,,0
1200,'KerOffPriveOff',652,,2586,4,,,0,155,,2587,4,,,0,110,,2588,4,,,0,110,,2589,4,,,0,110,,2590,4,,,0,109,,2591,4,,,0,110,,2592,4,,,0,155,,2593,4,,,0,118,,2594,4,,,0,108,,2595,4,,,0,110,,2596,4,,,0,105,,2600,4,,,0,105,,2599,4,,,0,145,,2598,4,,,0,105,,2597,4,,,0,105,,2601,4,,,0
1200,'Samedi',647,,2602,4,,,0,105,,2603,4,,,0,105,,2604,4,,,0,145,,2605,4,,,0,104,,2606,4,,,0,105,,2607,4,,,0,106,,2608,4,,,0,105,,2609,4,,,0,105,,2610,4,,,0,104,,2611,4,,,0,106,,2612,4,,,0,105,,2613,4,,,0,105,,2614,4,,,0,105,,2615,4,,,0,105,,2616,4,,,0,145,,2617,4,,,0,105,,2618,4,,,0
