6001,'CsRoyOff',624,,4652,8,,,0,32,,4663,8,,,0,78,,4653,8,,,0,76,,4664,8,,,0,35,,4654,8,,,0,76,,4665,8,,,0,34,,4655,8,,,0,75,,4666,8,,,0,75,,4656,8,,,0,35,,4667,8,,,0,75,,4657,8,,,0,34,,4668,8,,,0,75,,4658,8,,,0,27,,4669,8,,,0,80,,4679,8,,,0,71,,4659,8,,,0,44,,4670,8,,,0,71,,4660,8,,,0,38,,4671,8,,,0,76,,4661,8,,,0,75,,4672,8,,,0,29,,4662,8,,,0,111,,4675,8,,,0,105,,4677,8,,,0,105,,4676,8,,,0,145,,4674,8,,,0,105,,4673,8,,,0
6001,'CsRoyOffKerOff',624,,4680,8,,,0,32,,4691,8,,,0,78,,4681,8,,,0,76,,4692,8,,,0,35,,4682,8,,,0,76,,4693,8,,,0,34,,4683,8,,,0,75,,4694,8,,,0,75,,4684,8,,,0,35,,4695,8,,,0,75,,4685,8,,,0,34,,4696,8,,,0,75,,4686,8,,,0,27,,4697,8,,,0,80,,4707,8,,,0,71,,4687,8,,,0,44,,4698,8,,,0,71,,4688,8,,,0,38,,4699,8,,,0,76,,4689,8,,,0,75,,4700,8,,,0,29,,4690,8,,,0,111,,4703,8,,,0,105,,4705,8,,,0,105,,4704,8,,,0,145,,4702,8,,,0,105,,4701,8,,,0
6001,'Dimanche',912,,4708,8,,,0,105,,4710,8,,,0,105,,4711,8,,,0,105,,4713,8,,,0,105,,4714,8,,,0,105,,4715,8,,,0,105,,4716,8,,,0,105,,4717,8,,,0,105,,4712,8,,,0,105,,4709,8,,,0
6001,'EventOff',624,,4718,8,,,0,32,,4729,8,,,0,78,,4719,8,,,0,76,,4730,8,,,0,35,,4720,8,,,0,76,,4731,8,,,0,34,,4721,8,,,0,75,,4732,8,,,0,75,,4722,8,,,0,35,,4733,8,,,0,75,,4723,8,,,0,34,,4734,8,,,0,75,,4724,8,,,0,27,,4735,8,,,0,80,,4745,8,,,0,71,,4725,8,,,0,44,,4736,8,,,0,71,,4726,8,,,0,38,,4737,8,,,0,76,,4727,8,,,0,75,,4738,8,,,0,29,,4728,8,,,0,111,,4741,8,,,0,105,,4743,8,,,0,105,,4742,8,,,0,145,,4740,8,,,0,105,,4739,8,,,0
6001,'EventOn',624,,4746,8,,,0,32,,4757,8,,,0,78,,4747,8,,,0,74,,4774,8,0,19,0,2,,4758,8,,,0,35,,4748,8,,,0,76,,4759,8,,,0,34,,4749,8,,,0,75,,4760,8,,,0,75,,4750,8,,,0,35,,4761,8,,,0,75,,4751,8,,,0,34,,4762,8,,,0,75,,4752,8,,,0,27,,4763,8,,,0,80,,4773,8,,,0,71,,4753,8,,,0,44,,4764,8,,,0,1,,4776,8,0,14 15,0,70,,4754,8,,,0,38,,4765,8,,,0,76,,4755,8,,,0,75,,4766,8,,,0,29,,4756,8,,,0,111,,4769,8,,,0,105,,4771,8,,,0,105,,4770,8,,,0,145,,4768,8,,,0,105,,4767,8,,,0
6001,'KerOffPriveOff',624,,4777,8,,,0,32,,4788,8,,,0,78,,4778,8,,,0,74,,4805,8,0,19,0,2,,4789,8,,,0,35,,4779,8,,,0,76,,4790,8,,,0,34,,4780,8,,,0,75,,4791,8,,,0,75,,4781,8,,,0,35,,4792,8,,,0,75,,4782,8,,,0,34,,4793,8,,,0,75,,4783,8,,,0,27,,4794,8,,,0,80,,4804,8,,,0,71,,4784,8,,,0,44,,4795,8,,,0,1,,4807,8,0,14 15,0,70,,4785,8,,,0,38,,4796,8,,,0,76,,4786,8,,,0,75,,4797,8,,,0,29,,4787,8,,,0,111,,4800,8,,,0,105,,4802,8,,,0,105,,4801,8,,,0,145,,4799,8,,,0,105,,4798,8,,,0
6001,'Samedi',642,,4813,8,,,0,105,,4819,8,,,0,105,,4808,8,,,0,105,,4814,8,,,0,145,,4820,8,,,0,105,,4809,8,,,0,106,,4815,8,,,0,105,,4821,8,,,0,105,,4810,8,,,0,104,,4816,8,,,0,105,,4822,8,,,0,105,,4811,8,,,0,105,,4817,8,,,0,105,,4823,8,,,0,105,,4812,8,,,0,105,,4818,8,,,0,145,,4824,8,,,0
111800501,'CsRoyOff',739,,4941,8,,,0,880,,4942,8,0,14 15,0
111800501,'CsRoyOffKerOff',1619,,4943,8,0,14 15,0
111800501,'EventOn',739,,4944,8,,,0,880,,4945,8,0,14 15,0
19200300001,'CsRoyOff',739,,5015,8,0,11 18,0
19200300001,'CsRoyOffKerOff',739,,5016,8,0,11 18,0
19200300001,'EventOn',739,,5017,8,0,11 18,0
