900,'CsRoyOff',652,,1654,18,0,20,0,80,,1668,18,0,20,0,75,,1655,18,0,20,0,36,,1665,18,0,20,0,75,,1656,18,0,20,0,35,,1669,18,0,20,0,75,,1657,18,0,20,0,111,,1658,18,0,20,0,110,,1659,18,0,20,0,151,,1660,18,0,20,0,35,,1666,18,0,20,0,76,,1661,18,0,20,0,39,,1667,18,0,20,0,62,,1672,6,0,5,0,2,,1671,9,,,0,13,,1662,18,0,20,0,77,,1670,18,0,20,0,36,,1663,18,0,20,0,107,,1664,18,0,20,0
900,'CsRoyOffKerOff',652,,1673,18,0,20,0,80,,1687,18,0,20,0,75,,1674,18,0,20,0,36,,1684,18,0,20,0,75,,1675,18,0,20,0,35,,1688,18,0,20,0,75,,1676,18,0,20,0,111,,1677,18,0,20,0,110,,1678,18,0,20,0,151,,1679,18,0,20,0,35,,1685,18,0,20,0,76,,1680,18,0,20,0,39,,1686,18,0,20,0,62,,1690,6,0,5,0,15,,1681,18,0,20,0,77,,1689,18,0,20,0,36,,1682,18,0,20,0,107,,1683,18,0,20,0
900,'EventOff',652,,1691,18,0,20,0,80,,1705,18,0,20,0,75,,1692,18,0,20,0,36,,1702,18,0,20,0,75,,1693,18,0,20,0,35,,1706,18,0,20,0,75,,1694,18,0,20,0,111,,1695,18,0,20,0,110,,1696,18,0,20,0,151,,1697,18,0,20,0,35,,1703,18,0,20,0,76,,1698,18,0,20,0,39,,1704,18,0,20,0,77,,1699,18,0,20,0,77,,1707,18,0,20,0,36,,1700,18,0,20,0,107,,1701,18,0,20,0
900,'EventOn',652,,1708,18,0,20,0,80,,1722,18,0,20,0,75,,1709,18,0,20,0,36,,1719,18,0,20,0,75,,1710,18,0,20,0,35,,1723,18,0,20,0,75,,1711,18,0,20,0,111,,1712,18,0,20,0,110,,1713,18,0,20,0,151,,1714,18,0,20,0,35,,1720,18,0,20,0,76,,1715,18,0,20,0,39,,1721,18,0,20,0,62,,1726,6,0,5,0,2,,1725,9,,,0,13,,1716,18,0,20,0,77,,1724,18,0,20,0,36,,1717,18,0,20,0,107,,1718,18,0,20,0
900,'KerOffPriveOff',652,,1727,18,0,20,0,80,,1741,18,0,20,0,75,,1728,18,0,20,0,36,,1738,18,0,20,0,75,,1729,18,0,20,0,35,,1742,18,0,20,0,75,,1730,18,0,20,0,111,,1731,18,0,20,0,110,,1732,18,0,20,0,151,,1733,18,0,20,0,35,,1739,18,0,20,0,76,,1734,18,0,20,0,39,,1740,18,0,20,0,77,,1735,18,0,20,0,77,,1743,18,0,20,0,36,,1736,18,0,20,0,107,,1737,18,0,20,0
8900,'CsRoyOff',1946,,4827,19,,,0,100,,4829,19,,,0,105,,4828,19,,,0,107,,4826,19,,,0,143,,4825,19,,,0
8900,'CsRoyOffKerOff',1946,,4832,19,,,0,100,,4834,19,,,0,105,,4833,19,,,0,107,,4831,19,,,0,143,,4830,19,,,0
8900,'Dimanche',905,,4836,19,,,0,105,,4838,19,,,0,107,,4839,19,,,0,105,,4840,19,,,0,105,,4842,19,,,0,105,,4841,19,,,0,105,,4843,19,,,0,105,,4844,19,,,0,105,,4835,19,,,0,104,,4837,19,,,0
8900,'EventOff',1946,,4847,19,,,0,100,,4849,19,,,0,105,,4848,19,,,0,107,,4846,19,,,0,143,,4845,19,,,0
8900,'EventOn',1946,,4852,19,,,0,100,,4854,19,,,0,105,,4853,19,,,0,107,,4851,19,,,0,143,,4850,19,,,0
8900,'KerOffPriveOff',1946,,4857,19,,,0,100,,4859,19,,,0,105,,4858,19,,,0,107,,4856,19,,,0,143,,4855,19,,,0
8900,'Samedi',638,,4876,19,,,0,103,,4860,19,,,0,105,,4868,19,,,0,107,,4861,19,,,0,105,,4869,19,,,0,145,,4862,19,,,0,105,,4870,19,,,0,104,,4863,19,,,0,104,,4871,19,,,0,106,,4864,19,,,0,106,,4872,19,,,0,104,,4865,19,,,0,105,,4873,19,,,0,105,,4866,19,,,0,104,,4874,19,,,0,105,,4867,19,,,0,105,,4875,19,,,0
