900,'CsRoyOff',700,,1654,36,0,20,0,40,,1668,36,0,20,0,75,,1655,36,0,20,0,36,,1665,36,0,20,0,75,,1656,36,0,20,0,75,,1669,36,0,20,0,35,,1657,36,0,20,0,111,,1658,36,0,20,0,110,,1659,36,0,20,0,151,,1660,36,0,20,0,35,,1666,36,0,20,0,76,,1661,36,0,20,0,39,,1667,36,0,20,0,70,,1672,32,0,5,0,2,,1671,35,,,0,5,,1662,36,0,20,0,77,,1670,36,0,20,0,36,,1663,36,0,20,0,107,,1664,36,0,20,0
900,'CsRoyOffKerOff',700,,1673,36,0,20,0,40,,1687,36,0,20,0,75,,1674,36,0,20,0,36,,1684,36,0,20,0,75,,1675,36,0,20,0,75,,1688,36,0,20,0,35,,1676,36,0,20,0,111,,1677,36,0,20,0,110,,1678,36,0,20,0,151,,1679,36,0,20,0,35,,1685,36,0,20,0,76,,1680,36,0,20,0,39,,1686,36,0,20,0,70,,1690,32,0,5,0,7,,1681,36,0,20,0,77,,1689,36,0,20,0,36,,1682,36,0,20,0,107,,1683,36,0,20,0
900,'EventOff',700,,1691,36,0,20,0,40,,1705,36,0,20,0,75,,1692,36,0,20,0,36,,1702,36,0,20,0,75,,1693,36,0,20,0,75,,1706,36,0,20,0,35,,1694,36,0,20,0,111,,1695,36,0,20,0,110,,1696,36,0,20,0,151,,1697,36,0,20,0,35,,1703,36,0,20,0,76,,1698,36,0,20,0,39,,1704,36,0,20,0,77,,1699,36,0,20,0,77,,1707,36,0,20,0,36,,1700,36,0,20,0,107,,1701,36,0,20,0
900,'EventOn',700,,1708,36,0,20,0,40,,1722,36,0,20,0,75,,1709,36,0,20,0,36,,1719,36,0,20,0,75,,1710,36,0,20,0,75,,1723,36,0,20,0,35,,1711,36,0,20,0,111,,1712,36,0,20,0,110,,1713,36,0,20,0,151,,1714,36,0,20,0,35,,1720,36,0,20,0,76,,1715,36,0,20,0,39,,1721,36,0,20,0,70,,1726,32,0,5,0,2,,1725,35,,,0,5,,1716,36,0,20,0,77,,1724,36,0,20,0,36,,1717,36,0,20,0,107,,1718,36,0,20,0
900,'KerOffPriveOff',700,,1727,36,0,20,0,40,,1741,36,0,20,0,75,,1728,36,0,20,0,36,,1738,36,0,20,0,75,,1729,36,0,20,0,75,,1742,36,0,20,0,35,,1730,36,0,20,0,111,,1731,36,0,20,0,110,,1732,36,0,20,0,151,,1733,36,0,20,0,35,,1739,36,0,20,0,76,,1734,36,0,20,0,39,,1740,36,0,20,0,77,,1735,36,0,20,0,77,,1743,36,0,20,0,36,,1736,36,0,20,0,107,,1737,36,0,20,0
8900,'CsRoyOff',1954,,4827,37,,,0,100,,4829,37,,,0,105,,4828,37,,,0,147,,4826,37,,,0,103,,4825,37,,,0
8900,'CsRoyOffKerOff',1954,,4832,37,,,0,100,,4834,37,,,0,105,,4833,37,,,0,147,,4831,37,,,0,103,,4830,37,,,0
8900,'Dimanche',914,,4836,37,,,0,105,,4838,37,,,0,107,,4839,37,,,0,105,,4840,37,,,0,105,,4842,37,,,0,105,,4841,37,,,0,105,,4843,37,,,0,105,,4844,37,,,0,104,,4835,37,,,0,104,,4837,37,,,0
8900,'EventOff',1954,,4847,37,,,0,100,,4849,37,,,0,105,,4848,37,,,0,147,,4846,37,,,0,103,,4845,37,,,0
8900,'EventOn',1954,,4852,37,,,0,100,,4854,37,,,0,105,,4853,37,,,0,147,,4851,37,,,0,103,,4850,37,,,0
8900,'KerOffPriveOff',1954,,4857,37,,,0,100,,4859,37,,,0,105,,4858,37,,,0,147,,4856,37,,,0,103,,4855,37,,,0
8900,'Samedi',646,,4876,37,,,0,103,,4860,37,,,0,105,,4868,37,,,0,147,,4861,37,,,0,105,,4869,37,,,0,105,,4862,37,,,0,105,,4870,37,,,0,104,,4863,37,,,0,104,,4871,37,,,0,106,,4864,37,,,0,106,,4872,37,,,0,104,,4865,37,,,0,105,,4873,37,,,0,105,,4866,37,,,0,104,,4874,37,,,0,105,,4867,37,,,0,145,,4875,37,,,0
