900,'CsRoyOff',701,,1654,40,0,20,0,40,,1668,40,0,20,0,75,,1655,40,0,20,0,36,,1665,40,0,20,0,75,,1656,40,0,20,0,75,,1669,40,0,20,0,35,,1657,40,0,20,0,112,,1658,40,0,20,0,110,,1659,40,0,20,0,151,,1660,40,0,20,0,35,,1666,40,0,20,0,76,,1661,40,0,20,0,79,,1667,40,0,20,0,29,,1672,36,0,5,0,2,,1671,39,,,0,6,,1662,40,0,20,0,77,,1670,40,0,20,0,36,,1663,40,0,20,0,107,,1664,40,0,20,0
900,'CsRoyOffKerOff',701,,1673,40,0,20,0,40,,1687,40,0,20,0,75,,1674,40,0,20,0,36,,1684,40,0,20,0,75,,1675,40,0,20,0,75,,1688,40,0,20,0,35,,1676,40,0,20,0,112,,1677,40,0,20,0,110,,1678,40,0,20,0,151,,1679,40,0,20,0,35,,1685,40,0,20,0,76,,1680,40,0,20,0,79,,1686,40,0,20,0,29,,1690,36,0,5,0,8,,1681,40,0,20,0,77,,1689,40,0,20,0,36,,1682,40,0,20,0,107,,1683,40,0,20,0
900,'EventOff',701,,1691,40,0,20,0,40,,1705,40,0,20,0,75,,1692,40,0,20,0,36,,1702,40,0,20,0,75,,1693,40,0,20,0,75,,1706,40,0,20,0,35,,1694,40,0,20,0,112,,1695,40,0,20,0,110,,1696,40,0,20,0,151,,1697,40,0,20,0,35,,1703,40,0,20,0,76,,1698,40,0,20,0,79,,1704,40,0,20,0,37,,1699,40,0,20,0,77,,1707,40,0,20,0,36,,1700,40,0,20,0,107,,1701,40,0,20,0
900,'EventOn',701,,1708,40,0,20,0,40,,1722,40,0,20,0,75,,1709,40,0,20,0,36,,1719,40,0,20,0,75,,1710,40,0,20,0,75,,1723,40,0,20,0,35,,1711,40,0,20,0,112,,1712,40,0,20,0,110,,1713,40,0,20,0,151,,1714,40,0,20,0,35,,1720,40,0,20,0,76,,1715,40,0,20,0,79,,1721,40,0,20,0,29,,1726,36,0,5,0,2,,1725,39,,,0,6,,1716,40,0,20,0,77,,1724,40,0,20,0,36,,1717,40,0,20,0,107,,1718,40,0,20,0
900,'KerOffPriveOff',701,,1727,40,0,20,0,40,,1741,40,0,20,0,75,,1728,40,0,20,0,36,,1738,40,0,20,0,75,,1729,40,0,20,0,75,,1742,40,0,20,0,35,,1730,40,0,20,0,112,,1731,40,0,20,0,110,,1732,40,0,20,0,151,,1733,40,0,20,0,35,,1739,40,0,20,0,76,,1734,40,0,20,0,79,,1740,40,0,20,0,37,,1735,40,0,20,0,77,,1743,40,0,20,0,36,,1736,40,0,20,0,107,,1737,40,0,20,0
8900,'CsRoyOff',1956,,4827,41,,,0,100,,4829,41,,,0,145,,4828,41,,,0,107,,4826,41,,,0,103,,4825,41,,,0
8900,'CsRoyOffKerOff',1956,,4832,41,,,0,100,,4834,41,,,0,145,,4833,41,,,0,107,,4831,41,,,0,103,,4830,41,,,0
8900,'Dimanche',915,,4836,41,,,0,105,,4838,41,,,0,107,,4839,41,,,0,105,,4840,41,,,0,105,,4842,41,,,0,105,,4841,41,,,0,105,,4843,41,,,0,105,,4844,41,,,0,104,,4835,41,,,0,144,,4837,41,,,0
8900,'EventOff',1956,,4847,41,,,0,100,,4849,41,,,0,145,,4848,41,,,0,107,,4846,41,,,0,103,,4845,41,,,0
8900,'EventOn',1956,,4852,41,,,0,100,,4854,41,,,0,145,,4853,41,,,0,107,,4851,41,,,0,103,,4850,41,,,0
8900,'KerOffPriveOff',1956,,4857,41,,,0,100,,4859,41,,,0,145,,4858,41,,,0,107,,4856,41,,,0,103,,4855,41,,,0
8900,'Samedi',648,,4876,41,,,0,103,,4860,41,,,0,105,,4868,41,,,0,147,,4861,41,,,0,105,,4869,41,,,0,105,,4862,41,,,0,105,,4870,41,,,0,104,,4863,41,,,0,104,,4871,41,,,0,106,,4864,41,,,0,106,,4872,41,,,0,104,,4865,41,,,0,105,,4873,41,,,0,105,,4866,41,,,0,104,,4874,41,,,0,145,,4867,41,,,0,105,,4875,41,,,0
