1101,'CsRoyOff',617,,2344,4,,,0,40,,2355,4,,,0,58,,2364,4,0,16 17,0,17,,2341,4,,,0,75,,2351,4,,,0,35,,2336,4,,,0,75,,2348,4,,,0,35,,2345,4,,,0,75,,2356,4,,,0,75,,2342,4,,,0,35,,2352,4,,,0,75,,2337,4,,,0,35,,2349,4,,,0,75,,2346,4,,,0,35,,2353,4,,,0,75,,2338,4,,,0,80,,2340,4,,,0,35,,2343,4,,,0,80,,2350,4,,,0,75,,2347,4,,,0,35,,2354,4,,,0,75,,2339,4,,,0,34,,2361,4,,,0,75,,2362,4,,,0,100,,2360,4,,,0,105,,2359,4,,,0,105,,2358,4,,,0,105,,2357,4,,,0
1101,'CsRoyOffKerOff',617,,2373,4,,,0,40,,2384,4,,,0,58,,2393,4,0,16 17,0,17,,2370,4,,,0,75,,2380,4,,,0,35,,2365,4,,,0,75,,2377,4,,,0,35,,2374,4,,,0,75,,2385,4,,,0,75,,2371,4,,,0,35,,2381,4,,,0,75,,2366,4,,,0,35,,2378,4,,,0,75,,2375,4,,,0,35,,2382,4,,,0,75,,2367,4,,,0,80,,2369,4,,,0,35,,2372,4,,,0,80,,2379,4,,,0,75,,2376,4,,,0,35,,2383,4,,,0,75,,2368,4,,,0,34,,2390,4,,,0,75,,2391,4,,,0,100,,2389,4,,,0,105,,2388,4,,,0,105,,2387,4,,,0,105,,2386,4,,,0
1101,'Dimanche',841,,2397,4,,,0,105,,2396,4,,,0,105,,2398,4,,,0,105,,2399,4,,,0,145,,2400,4,,,0,105,,2401,4,,,0,105,,2402,4,,,0,105,,2403,4,,,0,105,,2395,4,,,0,105,,2394,4,,,0
1101,'EventOff',617,,2412,4,,,0,40,,2423,4,,,0,75,,2409,4,,,0,75,,2419,4,,,0,35,,2404,4,,,0,75,,2416,4,,,0,35,,2413,4,,,0,75,,2424,4,,,0,75,,2410,4,,,0,35,,2420,4,,,0,75,,2405,4,,,0,35,,2417,4,,,0,75,,2414,4,,,0,35,,2421,4,,,0,75,,2406,4,,,0,80,,2408,4,,,0,35,,2411,4,,,0,80,,2418,4,,,0,75,,2415,4,,,0,35,,2422,4,,,0,75,,2407,4,,,0,34,,2429,4,,,0,75,,2430,4,,,0,100,,2428,4,,,0,105,,2427,4,,,0,105,,2426,4,,,0,105,,2425,4,,,0
1101,'EventOn',617,,2439,4,,,0,40,,2450,4,,,0,58,,2459,4,0,16 17,0,17,,2436,4,,,0,75,,2446,4,,,0,35,,2431,4,,,0,75,,2443,4,,,0,35,,2440,4,,,0,75,,2451,4,,,0,75,,2437,4,,,0,35,,2447,4,,,0,75,,2432,4,,,0,35,,2444,4,,,0,75,,2441,4,,,0,35,,2448,4,,,0,75,,2433,4,,,0,80,,2435,4,,,0,35,,2438,4,,,0,80,,2445,4,,,0,75,,2442,4,,,0,35,,2449,4,,,0,75,,2434,4,,,0,34,,2456,4,,,0,75,,2457,4,,,0,100,,2455,4,,,0,105,,2454,4,,,0,105,,2453,4,,,0,105,,2452,4,,,0
1101,'KerOffPriveOff',617,,2470,4,,,0,40,,2481,4,,,0,58,,2489,4,0,16 17,0,17,,2467,4,,,0,75,,2477,4,,,0,35,,2462,4,,,0,75,,2474,4,,,0,35,,2471,4,,,0,75,,2482,4,,,0,75,,2468,4,,,0,35,,2478,4,,,0,75,,2463,4,,,0,35,,2475,4,,,0,75,,2472,4,,,0,35,,2479,4,,,0,75,,2464,4,,,0,80,,2466,4,,,0,35,,2469,4,,,0,80,,2476,4,,,0,75,,2473,4,,,0,35,,2480,4,,,0,75,,2465,4,,,0,34,,2487,4,,,0,75,,2488,4,,,0,100,,2486,4,,,0,105,,2485,4,,,0,105,,2484,4,,,0,105,,2483,4,,,0
1101,'Samedi',611,,2500,4,,,0,105,,2492,4,,,0,105,,2501,4,,,0,105,,2493,4,,,0,105,,2502,4,,,0,105,,2494,4,,,0,105,,2503,4,,,0,104,,2495,4,,,0,105,,2504,4,,,0,105,,2496,4,,,0,146,,2505,4,,,0,105,,2497,4,,,0,105,,2506,4,,,0,105,,2498,4,,,0,105,,2507,4,,,0,105,,2499,4,,,0,105,,2508,4,,,0
1601,'CsRoyOff',616,,3244,4,,,0,115,,3229,4,,,0,110,,3230,4,,,0,110,,3231,4,,,0,150,,3232,4,,,0,110,,3233,4,,,0,110,,3234,4,,,0,110,,3235,4,,,0,116,,3236,4,,,0,155,,3237,4,,,0,110,,3238,4,,,0,109,,3239,4,,,0,100,,3240,4,,,0,105,,3241,4,,,0,105,,3243,4,,,0,105,,3242,4,,,0
1601,'CsRoyOffKerOff',616,,3260,4,,,0,115,,3245,4,,,0,110,,3246,4,,,0,110,,3247,4,,,0,150,,3248,4,,,0,110,,3249,4,,,0,110,,3250,4,,,0,110,,3251,4,,,0,116,,3252,4,,,0,155,,3253,4,,,0,110,,3254,4,,,0,109,,3255,4,,,0,100,,3256,4,,,0,105,,3257,4,,,0,105,,3259,4,,,0,105,,3258,4,,,0
1601,'Dimanche',841,,3269,4,,,0,105,,3262,4,,,0,105,,3263,4,,,0,105,,3264,4,,,0,145,,3265,4,,,0,105,,3266,4,,,0,105,,3267,4,,,0,105,,3268,4,,,0,105,,3261,4,,,0,105,,3270,4,,,0
1601,'EventOff',616,,3286,4,,,0,115,,3271,4,,,0,110,,3272,4,,,0,110,,3273,4,,,0,150,,3274,4,,,0,110,,3275,4,,,0,110,,3276,4,,,0,110,,3277,4,,,0,116,,3278,4,,,0,155,,3279,4,,,0,110,,3280,4,,,0,109,,3281,4,,,0,100,,3282,4,,,0,105,,3283,4,,,0,105,,3285,4,,,0,105,,3284,4,,,0
1601,'EventOn',616,,3302,4,,,0,115,,3287,4,,,0,110,,3288,4,,,0,110,,3289,4,,,0,150,,3290,4,,,0,110,,3291,4,,,0,110,,3292,4,,,0,110,,3293,4,,,0,116,,3294,4,,,0,155,,3295,4,,,0,110,,3296,4,,,0,109,,3297,4,,,0,100,,3298,4,,,0,105,,3299,4,,,0,105,,3301,4,,,0,105,,3300,4,,,0
1601,'KerOffPriveOff',616,,3318,4,,,0,115,,3303,4,,,0,110,,3304,4,,,0,110,,3305,4,,,0,150,,3306,4,,,0,110,,3307,4,,,0,110,,3308,4,,,0,110,,3309,4,,,0,116,,3310,4,,,0,155,,3311,4,,,0,110,,3312,4,,,0,109,,3313,4,,,0,100,,3314,4,,,0,105,,3315,4,,,0,105,,3317,4,,,0,105,,3316,4,,,0
1601,'Samedi',611,,3334,4,,,0,105,,3335,4,,,0,105,,3327,4,,,0,105,,3319,4,,,0,105,,3320,4,,,0,105,,3321,4,,,0,105,,3322,4,,,0,104,,3323,4,,,0,105,,3324,4,,,0,105,,3325,4,,,0,146,,3326,4,,,0,105,,3328,4,,,0,105,,3329,4,,,0,105,,3330,4,,,0,105,,3331,4,,,0,105,,3332,4,,,0,105,,3333,4,,,0
