6000,'CsRoyOff',615,,4473,10,,,0,27,,4484,29,,,0,81,,4474,29,,,0,33,,4485,29,,,0,79,,4475,29,,,0,75,,4486,29,,,0,33,,4476,29,,,0,76,,4487,29,,,0,34,,4477,29,,,0,76,,4488,29,,,0,73,,4478,29,,,0,36,,4489,29,,,0,75,,4479,29,,,0,28,,4490,29,,,0,78,,4501,29,,,0,25,,4480,29,,,0,80,,4491,29,,,0,81,,4481,29,,,0,39,,4492,29,,,0,72,,4482,29,,,0,34,,4493,29,,,0,75,,4483,29,,,0,75,,4494,29,,,0,38,,4495,29,,,0,105,,4500,29,,,0,105,,4499,29,,,0,105,,4498,29,,,0,105,,4496,29,,,0
6000,'CsRoyOffKerOff',615,,4502,10,,,0,27,,4513,29,,,0,81,,4503,29,,,0,33,,4514,29,,,0,79,,4504,29,,,0,75,,4515,29,,,0,33,,4505,29,,,0,76,,4516,29,,,0,34,,4506,29,,,0,76,,4517,29,,,0,73,,4507,29,,,0,36,,4518,29,,,0,75,,4508,29,,,0,28,,4519,29,,,0,78,,4530,29,,,0,25,,4509,29,,,0,80,,4520,29,,,0,81,,4510,29,,,0,39,,4521,29,,,0,72,,4511,29,,,0,34,,4522,29,,,0,75,,4512,29,,,0,75,,4523,29,,,0,38,,4524,29,,,0,105,,4529,29,,,0,105,,4528,29,,,0,105,,4527,29,,,0,105,,4525,29,,,0
6000,'Dimanche',905,,4531,29,,,0,105,,4532,29,,,0,104,,4534,29,,,0,105,,4536,29,,,0,104,,4537,29,,,0,105,,4538,29,,,0,105,,4539,29,,,0,105,,4540,29,,,0,106,,4535,29,,,0,104,,4533,29,,,0
6000,'EventOff',615,,4541,10,,,0,27,,4552,29,,,0,81,,4542,29,,,0,33,,4553,29,,,0,79,,4543,29,,,0,75,,4554,29,,,0,33,,4544,29,,,0,76,,4555,29,,,0,34,,4545,29,,,0,76,,4556,29,,,0,73,,4546,29,,,0,36,,4557,29,,,0,75,,4547,29,,,0,28,,4558,29,,,0,78,,4569,29,,,0,25,,4548,29,,,0,80,,4559,29,,,0,81,,4549,29,,,0,39,,4560,29,,,0,72,,4550,29,,,0,34,,4561,29,,,0,75,,4551,29,,,0,75,,4562,29,,,0,38,,4563,29,,,0,105,,4568,29,,,0,105,,4567,29,,,0,105,,4566,29,,,0,105,,4564,29,,,0
6000,'EventOn',615,,4570,10,,,0,27,,4581,29,,,0,81,,4571,29,,,0,33,,4582,29,,,0,79,,4572,29,,,0,75,,4583,29,,,0,33,,4573,29,,,0,76,,4584,29,,,0,34,,4574,29,,,0,76,,4585,29,,,0,73,,4575,29,,,0,36,,4586,29,,,0,75,,4576,29,,,0,28,,4587,29,,,0,78,,4598,29,,,0,25,,4577,29,,,0,80,,4588,29,,,0,81,,4578,29,,,0,39,,4589,29,,,0,72,,4579,29,,,0,34,,4590,29,,,0,75,,4580,29,,,0,75,,4591,29,,,0,38,,4592,29,,,0,105,,4597,29,,,0,105,,4596,29,,,0,105,,4595,29,,,0,105,,4593,29,,,0
6000,'KerOffPriveOff',615,,4602,10,,,0,27,,4613,29,,,0,81,,4603,29,,,0,33,,4614,29,,,0,79,,4604,29,,,0,75,,4615,29,,,0,33,,4605,29,,,0,76,,4616,29,,,0,34,,4606,29,,,0,76,,4617,29,,,0,73,,4607,29,,,0,36,,4618,29,,,0,75,,4608,29,,,0,28,,4619,29,,,0,78,,4630,29,,,0,25,,4609,29,,,0,80,,4620,29,,,0,81,,4610,29,,,0,39,,4621,29,,,0,72,,4611,29,,,0,34,,4622,29,,,0,75,,4612,29,,,0,75,,4623,29,,,0,38,,4624,29,,,0,105,,4629,29,,,0,105,,4628,29,,,0,105,,4627,29,,,0,105,,4625,29,,,0
6000,'Samedi',635,,4639,29,,,0,104,,4645,29,,,0,105,,4634,29,,,0,105,,4640,29,,,0,105,,4646,29,,,0,104,,4635,29,,,0,146,,4641,29,,,0,105,,4647,29,,,0,105,,4636,29,,,0,105,,4642,29,,,0,104,,4648,29,,,0,106,,4637,29,,,0,105,,4643,29,,,0,105,,4649,29,,,0,105,,4638,29,,,0,105,,4644,29,,,0,105,,4650,29,,,0
19200300000,'CsRoyOff',728,,5009,10,0,11 18,0
19200300000,'CsRoyOffKerOff',728,,5011,10,0,11 18,0
19200300000,'EventOn',728,,5013,10,0,11 18,0
