500,'CsRoyOff',629,,654,19,,,0,76,,663,19,,,0,26,,681,19,,,0,15,,671,19,,,0,75,,668,19,,,0,35,,659,19,,,0,75,,655,19,,,0,75,,664,19,,,0,35,,672,19,,,0,75,,667,19,,,0,35,,660,19,,,0,75,,656,19,,,0,75,,665,19,,,0,35,,673,19,,,0,75,,670,19,,,0,35,,661,19,,,0,80,,657,19,,,0,78,,666,19,,,0,36,,674,19,,,0,75,,669,19,,,0,35,,662,19,,,0,74,,658,19,,,0,35,,680,19,,,0,145,,679,19,,,0,105,,678,19,,,0,105,,677,19,,,0,105,,676,19,,,0,105,,675,19,,,0
500,'CsRoyOffKerOff',629,,682,19,,,0,76,,691,19,,,0,26,,709,19,,,0,15,,699,19,,,0,75,,696,19,,,0,35,,687,19,,,0,75,,683,19,,,0,75,,692,19,,,0,35,,700,19,,,0,75,,695,19,,,0,35,,688,19,,,0,75,,684,19,,,0,75,,693,19,,,0,35,,701,19,,,0,75,,698,19,,,0,35,,689,19,,,0,80,,685,19,,,0,78,,694,19,,,0,36,,702,19,,,0,75,,697,19,,,0,35,,690,19,,,0,74,,686,19,,,0,35,,708,19,,,0,145,,707,19,,,0,105,,706,19,,,0,105,,705,19,,,0,105,,704,19,,,0,105,,703,19,,,0
500,'Dimanche',928,,712,19,,,0,105,,715,19,,,0,105,,714,19,,,0,105,,716,19,,,0,107,,717,19,,,0,105,,718,19,,,0,145,,719,19,,,0,105,,713,19,,,0,105,,710,19,,,0,103,,711,19,,,0
500,'EventOff',629,,720,19,,,0,76,,729,19,,,0,26,,747,19,,,0,15,,737,19,,,0,75,,734,19,,,0,35,,725,19,,,0,75,,721,19,,,0,75,,730,19,,,0,35,,738,19,,,0,75,,733,19,,,0,35,,726,19,,,0,75,,722,19,,,0,75,,731,19,,,0,35,,739,19,,,0,75,,736,19,,,0,35,,727,19,,,0,80,,723,19,,,0,78,,732,19,,,0,36,,740,19,,,0,75,,735,19,,,0,35,,728,19,,,0,74,,724,19,,,0,35,,746,19,,,0,145,,745,19,,,0,105,,744,19,,,0,105,,743,19,,,0,105,,742,19,,,0,105,,741,19,,,0
500,'EventOn',629,,748,19,,,0,76,,757,19,,,0,26,,775,19,,,0,15,,765,19,,,0,75,,762,19,,,0,35,,753,19,,,0,75,,749,19,,,0,75,,758,19,,,0,35,,766,19,,,0,75,,761,19,,,0,35,,754,19,,,0,75,,750,19,,,0,75,,759,19,,,0,35,,767,19,,,0,75,,764,19,,,0,35,,755,19,,,0,80,,751,19,,,0,78,,760,19,,,0,12,,776,19,,,0,24,,768,19,,,0,75,,763,19,,,0,35,,756,19,,,0,74,,752,19,,,0,35,,774,19,,,0,145,,773,19,,,0,105,,772,19,,,0,105,,771,19,,,0,105,,770,19,,,0,105,,769,19,,,0
500,'KerOffPriveOff',629,,777,19,,,0,76,,786,19,,,0,26,,804,19,,,0,15,,794,19,,,0,75,,791,19,,,0,35,,782,19,,,0,75,,778,19,,,0,75,,787,19,,,0,35,,795,19,,,0,75,,790,19,,,0,35,,783,19,,,0,75,,779,19,,,0,75,,788,19,,,0,35,,796,19,,,0,75,,793,19,,,0,35,,784,19,,,0,80,,780,19,,,0,78,,789,19,,,0,12,,805,19,,,0,24,,797,19,,,0,75,,792,19,,,0,35,,785,19,,,0,74,,781,19,,,0,35,,803,19,,,0,145,,802,19,,,0,105,,801,19,,,0,105,,800,19,,,0,105,,799,19,,,0,105,,798,19,,,0
500,'Samedi',658,,817,19,,,0,145,,806,19,,,0,105,,812,19,,,0,105,,818,19,,,0,105,,807,19,,,0,105,,813,19,,,0,107,,819,19,,,0,105,,808,19,,,0,105,,814,19,,,0,105,,820,19,,,0,105,,809,19,,,0,103,,815,19,,,0,105,,821,19,,,0,145,,810,19,,,0,105,,816,19,,,0,105,,822,19,,,0,105,,811,19,,,0
2600,'CsRoyOff',623,,3899,16,,,0,35,,3900,16,,,0,81,,3901,16,,,0,75,,3902,16,,,0,35,,3903,16,,,0,74,,3904,16,,,0,35,,3905,16,,,0,75,,3906,16,,,0,75,,3907,16,,,0,35,,3908,16,,,0,75,,3909,16,,,0,35,,3910,16,,,0,75,,3911,16,,,0,75,,3912,16,,,0,35,,3913,16,,,0,80,,3914,16,,,0,39,,3915,16,,,0,77,,3916,16,,,0,74,,3917,16,,,0,35,,3918,16,,,0,75,,3919,16,,,0,35,,3920,16,,,0,105,,3921,16,,,0,145,,3922,16,,,0,105,,3923,16,,,0,105,,3924,16,,,0,105,,3925,16,,,0
2600,'CsRoyOffKerOff',623,,3926,16,,,0,35,,3927,16,,,0,81,,3928,16,,,0,75,,3929,16,,,0,35,,3930,16,,,0,74,,3931,16,,,0,35,,3932,16,,,0,75,,3933,16,,,0,75,,3934,16,,,0,35,,3935,16,,,0,75,,3936,16,,,0,35,,3937,16,,,0,75,,3938,16,,,0,75,,3939,16,,,0,35,,3940,16,,,0,80,,3941,16,,,0,39,,3942,16,,,0,77,,3943,16,,,0,74,,3944,16,,,0,35,,3945,16,,,0,75,,3946,16,,,0,35,,3947,16,,,0,105,,3948,16,,,0,145,,3949,16,,,0,105,,3950,16,,,0,105,,3951,16,,,0,105,,3952,16,,,0
2600,'Dimanche',923,,3954,16,,,0,105,,3957,16,,,0,105,,3959,16,,,0,105,,3958,16,,,0,105,,3960,16,,,0,105,,3961,16,,,0,105,,3962,16,,,0,105,,3953,16,,,0,145,,3955,16,,,0,105,,3956,16,,,0
2600,'EventOff',623,,3963,16,,,0,35,,3964,16,,,0,81,,3965,16,,,0,75,,3966,16,,,0,35,,3967,16,,,0,74,,3968,16,,,0,35,,3969,16,,,0,75,,3970,16,,,0,75,,3971,16,,,0,35,,3972,16,,,0,75,,3973,16,,,0,35,,3974,16,,,0,75,,3975,16,,,0,75,,3976,16,,,0,35,,3977,16,,,0,80,,3978,16,,,0,39,,3979,16,,,0,77,,3980,16,,,0,74,,3981,16,,,0,35,,3982,16,,,0,75,,3983,16,,,0,35,,3984,16,,,0,105,,3985,16,,,0,145,,3986,16,,,0,105,,3987,16,,,0,105,,3988,16,,,0,105,,3989,16,,,0
2600,'EventOn',623,,3990,16,,,0,35,,3991,16,,,0,81,,3992,16,,,0,75,,3993,16,,,0,35,,3994,16,,,0,74,,3995,16,,,0,35,,3996,16,,,0,75,,3997,16,,,0,75,,3998,16,,,0,35,,3999,16,,,0,75,,4000,16,,,0,35,,4001,16,,,0,75,,4002,16,,,0,75,,4003,16,,,0,35,,4004,16,,,0,80,,4005,16,,,0,39,,4006,16,,,0,77,,4007,16,,,0,74,,4008,16,,,0,35,,4009,16,,,0,75,,4010,16,,,0,35,,4011,16,,,0,105,,4012,16,,,0,145,,4013,16,,,0,105,,4014,16,,,0,105,,4015,16,,,0,105,,4016,16,,,0
2600,'KerOffPriveOff',623,,4018,16,,,0,35,,4019,16,,,0,81,,4020,16,,,0,75,,4021,16,,,0,35,,4022,16,,,0,74,,4023,16,,,0,35,,4024,16,,,0,75,,4025,16,,,0,75,,4026,16,,,0,35,,4027,16,,,0,75,,4028,16,,,0,35,,4029,16,,,0,75,,4030,16,,,0,75,,4031,16,,,0,35,,4032,16,,,0,80,,4033,16,,,0,39,,4034,16,,,0,77,,4035,16,,,0,74,,4036,16,,,0,35,,4037,16,,,0,75,,4038,16,,,0,35,,4039,16,,,0,105,,4040,16,,,0,145,,4041,16,,,0,105,,4042,16,,,0,105,,4043,16,,,0,105,,4044,16,,,0
2600,'Samedi',653,,4055,16,,,0,105,,4054,16,,,0,145,,4053,16,,,0,105,,4052,16,,,0,105,,4051,16,,,0,105,,4060,16,,,0,105,,4059,16,,,0,105,,4058,16,,,0,105,,4057,16,,,0,105,,4056,16,,,0,105,,4061,16,,,0,105,,4062,16,,,0,105,,4047,16,,,0,105,,4048,16,,,0,145,,4049,16,,,0,105,,4050,16,,,0,105,,4046,16,,,0
5000,'CsRoyOff',643,,4263,10,,,0,65,,4262,10,,,0,16,,4218,10,,,0,15,,4219,10,,,0,62,,4220,10,,,0,18,,4221,10,,,0,17,,4222,10,,,0,18,,4223,10,,,0,56,,4224,10,,,0,15,,4225,10,,,0,20,,4226,10,,,0,55,,4227,10,,,0,19,,4228,10,,,0,15,,4229,10,,,0,20,,4230,10,,,0,55,,4231,10,,,0,20,,4232,10,,,0,15,,4233,10,,,0,60,,4234,10,,,0,15,,4235,10,,,0,20,,4236,10,,,0,15,,4237,10,,,0,60,,4238,10,,,0,15,,4239,10,,,0,19,,4240,10,,,0,55,,4241,10,,,0,20,,4242,10,,,0,15,,4243,10,,,0,21,,4244,10,,,0,55,,4245,10,,,0,24,,4246,10,,,0,19,,4247,10,,,0,59,,4248,10,,,0,18,,4249,10,,,0,21,,4250,10,,,0,56,,4251,10,,,0,20,,4252,10,,,0,16,,4253,10,,,0,58,,4254,10,,,0,16,,4255,10,,,0,19,,4256,10,,,0,15,,4257,10,,,0,168,,4258,10,,,0,105,,4259,10,,,0,105,,4260,10,,,0,105,,4261,10,,,0
5000,'CsRoyOffKerOff',643,,4309,10,,,0,65,,4308,10,,,0,16,,4264,10,,,0,15,,4265,10,,,0,62,,4266,10,,,0,18,,4267,10,,,0,17,,4268,10,,,0,18,,4269,10,,,0,56,,4270,10,,,0,15,,4271,10,,,0,20,,4272,10,,,0,55,,4273,10,,,0,19,,4274,10,,,0,15,,4275,10,,,0,20,,4276,10,,,0,55,,4277,10,,,0,20,,4278,10,,,0,15,,4279,10,,,0,60,,4280,10,,,0,15,,4281,10,,,0,20,,4282,10,,,0,15,,4283,10,,,0,60,,4284,10,,,0,15,,4285,10,,,0,19,,4286,10,,,0,55,,4287,10,,,0,20,,4288,10,,,0,15,,4289,10,,,0,21,,4290,10,,,0,55,,4291,10,,,0,24,,4292,10,,,0,19,,4293,10,,,0,59,,4294,10,,,0,18,,4295,10,,,0,21,,4296,10,,,0,56,,4297,10,,,0,20,,4298,10,,,0,16,,4299,10,,,0,58,,4300,10,,,0,16,,4301,10,,,0,19,,4302,10,,,0,15,,4303,10,,,0,168,,4304,10,,,0,105,,4305,10,,,0,105,,4306,10,,,0,105,,4307,10,,,0
5000,'Dimanche',947,,4310,10,,,0,105,,4313,10,,,0,105,,4315,10,,,0,145,,4314,10,,,0,105,,4316,10,,,0,105,,4317,10,,,0,106,,4318,10,,,0,105,,4311,10,,,0,105,,4312,10,,,0
5000,'EventOff',643,,4364,10,,,0,65,,4363,10,,,0,16,,4319,10,,,0,15,,4320,10,,,0,62,,4321,10,,,0,18,,4322,10,,,0,17,,4323,10,,,0,18,,4324,10,,,0,56,,4325,10,,,0,15,,4326,10,,,0,20,,4327,10,,,0,55,,4328,10,,,0,19,,4329,10,,,0,15,,4330,10,,,0,20,,4331,10,,,0,55,,4332,10,,,0,20,,4333,10,,,0,15,,4334,10,,,0,60,,4335,10,,,0,15,,4336,10,,,0,20,,4337,10,,,0,15,,4338,10,,,0,60,,4339,10,,,0,15,,4340,10,,,0,19,,4341,10,,,0,55,,4342,10,,,0,20,,4343,10,,,0,15,,4344,10,,,0,21,,4345,10,,,0,55,,4346,10,,,0,24,,4347,10,,,0,19,,4348,10,,,0,59,,4349,10,,,0,18,,4350,10,,,0,21,,4351,10,,,0,56,,4352,10,,,0,20,,4353,10,,,0,16,,4354,10,,,0,58,,4355,10,,,0,16,,4356,10,,,0,19,,4357,10,,,0,15,,4358,10,,,0,168,,4359,10,,,0,105,,4360,10,,,0,105,,4361,10,,,0,105,,4362,10,,,0
5000,'EventOn',643,,4410,10,,,0,65,,4409,10,,,0,16,,4365,10,,,0,15,,4366,10,,,0,62,,4367,10,,,0,18,,4368,10,,,0,17,,4369,10,,,0,18,,4370,10,,,0,56,,4371,10,,,0,15,,4372,10,,,0,20,,4373,10,,,0,55,,4374,10,,,0,19,,4375,10,,,0,15,,4376,10,,,0,20,,4377,10,,,0,55,,4378,10,,,0,20,,4379,10,,,0,15,,4380,10,,,0,60,,4381,10,,,0,15,,4382,10,,,0,20,,4383,10,,,0,15,,4384,10,,,0,60,,4385,10,,,0,15,,4386,10,,,0,19,,4387,10,,,0,55,,4388,10,,,0,20,,4389,10,,,0,15,,4390,10,,,0,21,,4391,10,,,0,55,,4392,10,,,0,24,,4393,10,,,0,19,,4394,10,,,0,59,,4395,10,,,0,18,,4396,10,,,0,21,,4397,10,,,0,56,,4398,10,,,0,20,,4399,10,,,0,16,,4400,10,,,0,58,,4401,10,,,0,16,,4402,10,,,0,19,,4403,10,,,0,15,,4404,10,,,0,168,,4405,10,,,0,105,,4406,10,,,0,105,,4407,10,,,0,105,,4408,10,,,0
5000,'KerOffPriveOff',643,,4456,10,,,0,65,,4455,10,,,0,16,,4411,10,,,0,15,,4412,10,,,0,62,,4413,10,,,0,18,,4414,10,,,0,17,,4415,10,,,0,18,,4416,10,,,0,56,,4417,10,,,0,15,,4418,10,,,0,20,,4419,10,,,0,55,,4420,10,,,0,19,,4421,10,,,0,15,,4422,10,,,0,20,,4423,10,,,0,55,,4424,10,,,0,20,,4425,10,,,0,15,,4426,10,,,0,60,,4427,10,,,0,15,,4428,10,,,0,20,,4429,10,,,0,15,,4430,10,,,0,60,,4431,10,,,0,15,,4432,10,,,0,19,,4433,10,,,0,55,,4434,10,,,0,20,,4435,10,,,0,15,,4436,10,,,0,21,,4437,10,,,0,55,,4438,10,,,0,24,,4439,10,,,0,19,,4440,10,,,0,59,,4441,10,,,0,18,,4442,10,,,0,21,,4443,10,,,0,56,,4444,10,,,0,20,,4445,10,,,0,16,,4446,10,,,0,58,,4447,10,,,0,16,,4448,10,,,0,19,,4449,10,,,0,15,,4450,10,,,0,168,,4451,10,,,0,105,,4452,10,,,0,105,,4453,10,,,0,105,,4454,10,,,0
5000,'Samedi',717,,4464,10,,,0,107,,4463,10,,,0,103,,4462,10,,,0,105,,4461,10,,,0,105,,4469,10,,,0,105,,4468,10,,,0,105,,4467,10,,,0,105,,4466,10,,,0,107,,4465,10,,,0,144,,4472,10,,,0,105,,4470,10,,,0,105,,4471,10,,,0,105,,4457,10,,,0,105,,4458,10,,,0,105,,4459,10,,,0,105,,4460,10,,,0
6001,'CsRoyOff',612,,4678,11,,,0,34,,4652,35,,,0,73,,4663,35,,,0,82,,4653,35,,,0,34,,4664,35,,,0,72,,4654,35,,,0,36,,4665,35,,,0,74,,4655,35,,,0,35,,4666,35,,,0,75,,4656,35,,,0,75,,4667,35,,,0,35,,4657,35,,,0,73,,4668,35,,,0,35,,4658,35,,,0,67,,4669,35,,,0,40,,4679,35,,,0,71,,4659,35,,,0,84,,4670,35,,,0,30,,4660,35,,,0,78,,4671,35,,,0,36,,4661,35,,,0,75,,4672,35,,,0,29,,4662,35,,,0,153,,4675,35,,,0,105,,4677,35,,,0,105,,4676,35,,,0,105,,4674,35,,,0,103,,4673,35,,,0
6001,'CsRoyOffKerOff',612,,4706,11,,,0,34,,4680,35,,,0,73,,4691,35,,,0,82,,4681,35,,,0,34,,4692,35,,,0,72,,4682,35,,,0,36,,4693,35,,,0,74,,4683,35,,,0,35,,4694,35,,,0,75,,4684,35,,,0,75,,4695,35,,,0,35,,4685,35,,,0,73,,4696,35,,,0,35,,4686,35,,,0,67,,4697,35,,,0,40,,4707,35,,,0,71,,4687,35,,,0,84,,4698,35,,,0,30,,4688,35,,,0,78,,4699,35,,,0,36,,4689,35,,,0,75,,4700,35,,,0,29,,4690,35,,,0,153,,4703,35,,,0,105,,4705,35,,,0,105,,4704,35,,,0,105,,4702,35,,,0,103,,4701,35,,,0
6001,'Dimanche',933,,4708,35,,,0,104,,4710,35,,,0,106,,4711,35,,,0,105,,4713,35,,,0,107,,4714,35,,,0,103,,4715,35,,,0,145,,4716,35,,,0,104,,4717,35,,,0,106,,4712,35,,,0,105,,4709,35,,,0
6001,'EventOff',612,,4744,11,,,0,34,,4718,35,,,0,73,,4729,35,,,0,82,,4719,35,,,0,34,,4730,35,,,0,72,,4720,35,,,0,36,,4731,35,,,0,74,,4721,35,,,0,35,,4732,35,,,0,75,,4722,35,,,0,75,,4733,35,,,0,35,,4723,35,,,0,73,,4734,35,,,0,35,,4724,35,,,0,67,,4735,35,,,0,40,,4745,35,,,0,71,,4725,35,,,0,84,,4736,35,,,0,30,,4726,35,,,0,78,,4737,35,,,0,36,,4727,35,,,0,75,,4738,35,,,0,29,,4728,35,,,0,153,,4741,35,,,0,105,,4743,35,,,0,105,,4742,35,,,0,105,,4740,35,,,0,103,,4739,35,,,0
6001,'EventOn',612,,4772,11,,,0,34,,4746,35,,,0,73,,4757,35,,,0,82,,4747,35,,,0,34,,4758,35,,,0,72,,4748,35,,,0,36,,4759,35,,,0,74,,4749,35,,,0,35,,4760,35,,,0,75,,4750,35,,,0,75,,4761,35,,,0,35,,4751,35,,,0,73,,4762,35,,,0,35,,4752,35,,,0,67,,4763,35,,,0,40,,4773,35,,,0,71,,4753,35,,,0,84,,4764,35,,,0,30,,4754,35,,,0,78,,4765,35,,,0,36,,4755,35,,,0,75,,4766,35,,,0,29,,4756,35,,,0,153,,4769,35,,,0,105,,4771,35,,,0,105,,4770,35,,,0,105,,4768,35,,,0,103,,4767,35,,,0
6001,'KerOffPriveOff',612,,4803,11,,,0,34,,4777,35,,,0,73,,4788,35,,,0,82,,4778,35,,,0,34,,4789,35,,,0,72,,4779,35,,,0,36,,4790,35,,,0,74,,4780,35,,,0,35,,4791,35,,,0,75,,4781,35,,,0,75,,4792,35,,,0,35,,4782,35,,,0,73,,4793,35,,,0,35,,4783,35,,,0,67,,4794,35,,,0,40,,4804,35,,,0,71,,4784,35,,,0,84,,4795,35,,,0,30,,4785,35,,,0,78,,4796,35,,,0,36,,4786,35,,,0,75,,4797,35,,,0,29,,4787,35,,,0,153,,4800,35,,,0,105,,4802,35,,,0,105,,4801,35,,,0,105,,4799,35,,,0,103,,4798,35,,,0
6001,'Samedi',703,,4813,35,,,0,105,,4819,35,,,0,105,,4808,35,,,0,105,,4814,35,,,0,106,,4820,35,,,0,105,,4809,35,,,0,106,,4815,35,,,0,105,,4821,35,,,0,105,,4810,35,,,0,103,,4816,35,,,0,105,,4822,35,,,0,105,,4811,35,,,0,145,,4817,35,,,0,105,,4823,35,,,0,105,,4812,35,,,0,105,,4818,35,,,0,105,,4824,35,,,0
111800501,'CsRoyOff',801,,4941,29,,,0
111800501,'EventOn',801,,4944,29,,,0
