901,'CsRoyOff',618,,1744,22,,,0,24,,1758,22,,,0,71,,1762,28,0,5,0,6,,1745,22,,,0,2,,1763,28,0,6,0,37,,1757,22,,,0,74,,1746,22,,,0,76,,1759,22,,,0,35,,1747,22,,,0,110,,1748,22,,,0,151,,1749,22,,,0,109,,1750,22,,,0,111,,1751,22,,,0,76,,1756,22,,,0,36,,1752,22,,,0,79,,1755,22,,,0,37,,1753,22,,,0,77,,1760,22,,,0,75,,1754,22,,,0,110,,1761,22,,,0
901,'CsRoyOffKerOff',618,,1764,22,,,0,24,,1778,22,,,0,71,,1782,28,0,5,0,6,,1765,22,,,0,39,,1777,22,,,0,74,,1766,22,,,0,76,,1779,22,,,0,35,,1767,22,,,0,110,,1768,22,,,0,151,,1769,22,,,0,109,,1770,22,,,0,111,,1771,22,,,0,76,,1776,22,,,0,36,,1772,22,,,0,79,,1775,22,,,0,37,,1773,22,,,0,77,,1780,22,,,0,75,,1774,22,,,0,110,,1781,22,,,0
901,'EventOff',618,,1783,22,,,0,24,,1797,22,,,0,77,,1784,22,,,0,39,,1796,22,,,0,74,,1785,22,,,0,76,,1798,22,,,0,35,,1786,22,,,0,110,,1787,22,,,0,151,,1788,22,,,0,109,,1789,22,,,0,111,,1790,22,,,0,76,,1795,22,,,0,36,,1791,22,,,0,79,,1794,22,,,0,37,,1792,22,,,0,77,,1799,22,,,0,75,,1793,22,,,0,110,,1800,22,,,0
901,'EventOn',618,,1801,22,,,0,24,,1815,22,,,0,71,,1819,28,0,5,0,6,,1802,22,,,0,2,,1820,28,0,6,0,37,,1814,22,,,0,74,,1803,22,,,0,76,,1816,22,,,0,35,,1804,22,,,0,110,,1805,22,,,0,151,,1806,22,,,0,109,,1807,22,,,0,111,,1808,22,,,0,76,,1813,22,,,0,36,,1809,22,,,0,79,,1812,22,,,0,37,,1810,22,,,0,77,,1817,22,,,0,75,,1811,22,,,0,110,,1818,22,,,0
901,'KerOffPriveOff',618,,1821,22,,,0,24,,1835,22,,,0,77,,1822,22,,,0,39,,1834,22,,,0,74,,1823,22,,,0,76,,1836,22,,,0,35,,1824,22,,,0,110,,1825,22,,,0,151,,1826,22,,,0,109,,1827,22,,,0,111,,1828,22,,,0,76,,1833,22,,,0,36,,1829,22,,,0,79,,1832,22,,,0,37,,1830,22,,,0,77,,1837,22,,,0,75,,1831,22,,,0,110,,1838,22,,,0
8901,'CsRoyOff',2019,,4880,22,,,0,105,,4879,22,,,0,105,,4878,22,,,0,105,,4877,22,,,0
8901,'CsRoyOffKerOff',2019,,4884,22,,,0,105,,4883,22,,,0,105,,4882,22,,,0,105,,4881,22,,,0
8901,'Dimanche',837,,4886,22,,,0,105,,4888,22,,,0,106,,4890,22,,,0,105,,4891,22,,,0,105,,4892,22,,,0,145,,4893,22,,,0,105,,4894,22,,,0,105,,4895,22,,,0,105,,4885,22,,,0,104,,4889,22,,,0,101,,4887,22,,,0
8901,'EventOff',2019,,4899,22,,,0,105,,4898,22,,,0,105,,4897,22,,,0,105,,4896,22,,,0
8901,'EventOn',2019,,4903,22,,,0,105,,4902,22,,,0,105,,4901,22,,,0,105,,4900,22,,,0
8901,'KerOffPriveOff',2019,,4907,22,,,0,105,,4906,22,,,0,105,,4905,22,,,0,105,,4904,22,,,0
8901,'Samedi',713,,4916,22,,,0,105,,4908,22,,,0,106,,4917,22,,,0,105,,4909,22,,,0,105,,4918,22,,,0,105,,4910,22,,,0,104,,4919,22,,,0,105,,4911,22,,,0,105,,4920,22,,,0,106,,4912,22,,,0,144,,4921,22,,,0,105,,4913,22,,,0,105,,4922,22,,,0,105,,4914,22,,,0,105,,4923,22,,,0,105,,4915,22,,,0
