401,'CsRoyOff',643,,496,40,,,0,81,,509,40,,,0,35,,493,40,,,0,76,,504,40,,,0,75,,500,40,,,0,35,,512,40,,,0,74,,497,40,,,0,36,,510,40,,,0,75,,494,40,,,0,75,,505,40,,,0,35,,501,40,,,0,75,,513,40,,,0,34,,498,40,,,0,75,,506,40,,,0,76,,502,40,,,0,38,,511,40,,,0,79,,495,40,,,0,38,,508,40,,,0,76,,499,40,,,0,74,,507,40,,,0,34,,503,40,,,0,107,,515,40,,,0,105,,518,40,,,0,105,,517,40,,,0,145,,516,40,,,0,105,,514,40,,,0
401,'CsRoyOffKerOff',643,,523,40,,,0,81,,536,40,,,0,35,,520,40,,,0,76,,531,40,,,0,75,,527,40,,,0,35,,539,40,,,0,74,,524,40,,,0,36,,537,40,,,0,75,,521,40,,,0,75,,532,40,,,0,35,,528,40,,,0,75,,540,40,,,0,34,,525,40,,,0,75,,533,40,,,0,76,,529,40,,,0,38,,538,40,,,0,79,,522,40,,,0,38,,535,40,,,0,76,,526,40,,,0,74,,534,40,,,0,34,,530,40,,,0,107,,542,40,,,0,105,,545,40,,,0,105,,544,40,,,0,145,,543,40,,,0,105,,541,40,,,0
401,'Dimanche',910,,549,40,,,0,106,,550,40,,,0,105,,551,40,,,0,105,,552,40,,,0,105,,553,40,,,0,105,,554,40,,,0,106,,555,40,,,0,104,,556,40,,,0,105,,548,40,,,0,104,,547,40,,,0
401,'EventOff',643,,560,40,,,0,81,,573,40,,,0,35,,557,40,,,0,76,,568,40,,,0,75,,564,40,,,0,35,,576,40,,,0,74,,561,40,,,0,36,,574,40,,,0,75,,558,40,,,0,75,,569,40,,,0,35,,565,40,,,0,75,,577,40,,,0,34,,562,40,,,0,75,,570,40,,,0,76,,566,40,,,0,38,,575,40,,,0,79,,559,40,,,0,38,,572,40,,,0,76,,563,40,,,0,74,,571,40,,,0,34,,567,40,,,0,107,,579,40,,,0,105,,582,40,,,0,105,,581,40,,,0,145,,580,40,,,0,105,,578,40,,,0
401,'EventOn',643,,586,40,,,0,81,,599,40,,,0,35,,583,40,,,0,76,,594,40,,,0,75,,590,40,,,0,35,,602,40,,,0,74,,587,40,,,0,36,,600,40,,,0,75,,584,40,,,0,75,,595,40,,,0,35,,591,40,,,0,75,,603,40,,,0,34,,588,40,,,0,75,,596,40,,,0,76,,592,40,,,0,38,,601,40,,,0,79,,585,40,,,0,38,,598,40,,,0,76,,589,40,,,0,74,,597,40,,,0,34,,593,40,,,0,107,,605,40,,,0,105,,608,40,,,0,105,,607,40,,,0,145,,606,40,,,0,105,,604,40,,,0
401,'KerOffPriveOff',643,,613,40,,,0,81,,626,40,,,0,35,,610,40,,,0,76,,621,40,,,0,75,,617,40,,,0,35,,629,40,,,0,74,,614,40,,,0,36,,627,40,,,0,75,,611,40,,,0,75,,622,40,,,0,35,,618,40,,,0,75,,630,40,,,0,34,,615,40,,,0,75,,623,40,,,0,76,,619,40,,,0,38,,628,40,,,0,79,,612,40,,,0,38,,625,40,,,0,76,,616,40,,,0,74,,624,40,,,0,34,,620,40,,,0,107,,632,40,,,0,105,,635,40,,,0,105,,634,40,,,0,145,,633,40,,,0,105,,631,40,,,0
401,'Samedi',639,,637,40,,,0,105,,638,40,,,0,105,,639,40,,,0,105,,640,40,,,0,105,,641,40,,,0,145,,642,40,,,0,105,,643,40,,,0,105,,644,40,,,0,105,,645,40,,,0,105,,646,40,,,0,105,,647,40,,,0,105,,648,40,,,0,105,,649,40,,,0,105,,650,40,,,0,105,,651,40,,,0,105,,652,40,,,0,105,,653,40,,,0
1001,'CsRoyOff',645,,2008,27,,,0,72,,2017,27,,,0,41,,2025,27,,,0,74,,2022,27,,,0,73,,2013,27,,,0,36,,2009,27,,,0,74,,2018,27,,,0,35,,2026,27,,,0,78,,2021,27,,,0,72,,2014,27,,,0,36,,2010,27,,,0,73,,2019,27,,,0,35,,2027,27,,,0,67,,2024,27,,,0,40,,2015,27,,,0,71,,2011,27,,,0,83,,2020,27,,,0,38,,2028,27,,,0,80,,2023,27,,,0,34,,2016,27,,,0,78,,2012,27,,,0,104,,2029,27,,,0,105,,2033,27,,,0,105,,2032,27,,,0,105,,2030,27,,,0,105,,2031,27,,,0
1001,'CsRoyOffKerOff',645,,2034,27,,,0,72,,2043,27,,,0,41,,2051,27,,,0,74,,2048,27,,,0,73,,2039,27,,,0,36,,2035,27,,,0,74,,2044,27,,,0,35,,2052,27,,,0,78,,2047,27,,,0,72,,2040,27,,,0,36,,2036,27,,,0,73,,2045,27,,,0,35,,2053,27,,,0,67,,2050,27,,,0,40,,2041,27,,,0,71,,2037,27,,,0,83,,2046,27,,,0,38,,2054,27,,,0,80,,2049,27,,,0,34,,2042,27,,,0,78,,2038,27,,,0,104,,2055,27,,,0,105,,2059,27,,,0,105,,2058,27,,,0,105,,2056,27,,,0,105,,2057,27,,,0
1001,'Dimanche',906,,2062,27,,,0,106,,2063,27,,,0,104,,2064,27,,,0,105,,2065,27,,,0,106,,2066,27,,,0,105,,2067,27,,,0,103,,2068,27,,,0,104,,2069,27,,,0,106,,2061,27,,,0,104,,2060,27,,,0
1001,'EventOff',645,,2070,27,,,0,72,,2079,27,,,0,41,,2087,27,,,0,74,,2084,27,,,0,73,,2075,27,,,0,36,,2071,27,,,0,74,,2080,27,,,0,35,,2088,27,,,0,78,,2083,27,,,0,72,,2076,27,,,0,36,,2072,27,,,0,73,,2081,27,,,0,35,,2089,27,,,0,67,,2086,27,,,0,40,,2077,27,,,0,71,,2073,27,,,0,83,,2082,27,,,0,38,,2090,27,,,0,80,,2085,27,,,0,34,,2078,27,,,0,78,,2074,27,,,0,104,,2091,27,,,0,105,,2095,27,,,0,105,,2094,27,,,0,105,,2092,27,,,0,105,,2093,27,,,0
1001,'EventOn',645,,2096,27,,,0,72,,2105,27,,,0,41,,2113,27,,,0,74,,2110,27,,,0,73,,2101,27,,,0,36,,2097,27,,,0,74,,2106,27,,,0,35,,2114,27,,,0,78,,2109,27,,,0,72,,2102,27,,,0,36,,2098,27,,,0,73,,2107,27,,,0,35,,2115,27,,,0,67,,2112,27,,,0,40,,2103,27,,,0,71,,2099,27,,,0,83,,2108,27,,,0,38,,2116,27,,,0,80,,2111,27,,,0,34,,2104,27,,,0,78,,2100,27,,,0,104,,2117,27,,,0,105,,2121,27,,,0,105,,2120,27,,,0,105,,2118,27,,,0,105,,2119,27,,,0
1001,'KerOffPriveOff',645,,2122,27,,,0,72,,2131,27,,,0,41,,2139,27,,,0,74,,2136,27,,,0,73,,2127,27,,,0,36,,2123,27,,,0,74,,2132,27,,,0,35,,2140,27,,,0,78,,2135,27,,,0,72,,2128,27,,,0,36,,2124,27,,,0,73,,2133,27,,,0,35,,2141,27,,,0,67,,2138,27,,,0,40,,2129,27,,,0,71,,2125,27,,,0,83,,2134,27,,,0,38,,2142,27,,,0,80,,2137,27,,,0,34,,2130,27,,,0,78,,2126,27,,,0,104,,2143,27,,,0,105,,2147,27,,,0,105,,2146,27,,,0,105,,2144,27,,,0,105,,2145,27,,,0
1001,'Samedi',636,,2148,27,,,0,104,,2149,27,,,0,105,,2150,27,,,0,106,,2151,27,,,0,105,,2152,27,,,0,144,,2153,27,,,0,106,,2154,27,,,0,105,,2155,27,,,0,105,,2156,27,,,0,104,,2157,27,,,0,104,,2158,27,,,0,106,,2159,27,,,0,105,,2160,27,,,0,105,,2161,27,,,0,105,,2162,27,,,0,105,,2163,27,,,0,105,,2164,27,,,0
2601,'CsRoyOff',641,,4063,10,,,0,80,,4064,10,,,0,35,,4065,10,,,0,75,,4066,10,,,0,75,,4067,10,,,0,35,,4068,10,,,0,75,,4069,10,,,0,35,,4070,10,,,0,75,,4071,10,,,0,75,,4072,10,,,0,35,,4073,10,,,0,72,,4074,10,,,0,38,,4075,10,,,0,75,,4076,10,,,0,80,,4077,10,,,0,35,,4078,10,,,0,78,,4079,10,,,0,37,,4080,10,,,0,75,,4081,10,,,0,75,,4082,10,,,0,35,,4083,10,,,0,75,,4084,10,,,0,130,,4088,10,,,0,105,,4087,10,,,0,105,,4086,10,,,0,105,,4085,10,,,0
2601,'CsRoyOffKerOff',641,,4089,10,,,0,80,,4090,10,,,0,35,,4091,10,,,0,75,,4092,10,,,0,75,,4093,10,,,0,35,,4094,10,,,0,75,,4095,10,,,0,35,,4096,10,,,0,75,,4097,10,,,0,75,,4098,10,,,0,35,,4099,10,,,0,72,,4100,10,,,0,38,,4101,10,,,0,75,,4102,10,,,0,80,,4103,10,,,0,35,,4104,10,,,0,78,,4105,10,,,0,37,,4106,10,,,0,75,,4107,10,,,0,75,,4108,10,,,0,35,,4109,10,,,0,75,,4110,10,,,0,130,,4114,10,,,0,105,,4113,10,,,0,105,,4112,10,,,0,105,,4111,10,,,0
2601,'Dimanche',1006,,4117,10,,,0,105,,4119,10,,,0,105,,4120,10,,,0,105,,4118,10,,,0,105,,4121,10,,,0,105,,4122,10,,,0,105,,4123,10,,,0,105,,4116,10,,,0,105,,4115,10,,,0
2601,'EventOff',641,,4124,10,,,0,80,,4125,10,,,0,35,,4126,10,,,0,75,,4127,10,,,0,75,,4128,10,,,0,35,,4129,10,,,0,75,,4130,10,,,0,35,,4131,10,,,0,75,,4132,10,,,0,75,,4133,10,,,0,35,,4134,10,,,0,72,,4135,10,,,0,38,,4136,10,,,0,75,,4137,10,,,0,80,,4138,10,,,0,35,,4139,10,,,0,78,,4140,10,,,0,37,,4141,10,,,0,75,,4142,10,,,0,75,,4143,10,,,0,35,,4144,10,,,0,75,,4145,10,,,0,130,,4149,10,,,0,105,,4148,10,,,0,105,,4147,10,,,0,105,,4146,10,,,0
2601,'EventOn',641,,4150,10,,,0,80,,4151,10,,,0,35,,4152,10,,,0,75,,4153,10,,,0,75,,4154,10,,,0,35,,4155,10,,,0,75,,4156,10,,,0,35,,4157,10,,,0,75,,4158,10,,,0,75,,4159,10,,,0,35,,4160,10,,,0,72,,4161,10,,,0,38,,4162,10,,,0,75,,4163,10,,,0,80,,4164,10,,,0,35,,4165,10,,,0,78,,4166,10,,,0,37,,4167,10,,,0,75,,4168,10,,,0,75,,4169,10,,,0,35,,4170,10,,,0,75,,4171,10,,,0,130,,4175,10,,,0,105,,4174,10,,,0,105,,4173,10,,,0,105,,4172,10,,,0
2601,'KerOffPriveOff',641,,4176,10,,,0,80,,4177,10,,,0,35,,4178,10,,,0,75,,4179,10,,,0,75,,4180,10,,,0,35,,4181,10,,,0,75,,4182,10,,,0,35,,4183,10,,,0,75,,4184,10,,,0,75,,4185,10,,,0,35,,4186,10,,,0,72,,4187,10,,,0,38,,4188,10,,,0,75,,4189,10,,,0,80,,4190,10,,,0,35,,4191,10,,,0,78,,4192,10,,,0,37,,4193,10,,,0,75,,4194,10,,,0,75,,4195,10,,,0,35,,4196,10,,,0,75,,4197,10,,,0,130,,4201,10,,,0,105,,4200,10,,,0,105,,4199,10,,,0,105,,4198,10,,,0
2601,'Samedi',736,,4209,10,,,0,105,,4208,10,,,0,105,,4207,10,,,0,105,,4206,10,,,0,105,,4214,10,,,0,145,,4213,10,,,0,105,,4212,10,,,0,105,,4211,10,,,0,105,,4210,10,,,0,105,,4215,10,,,0,105,,4216,10,,,0,105,,4217,10,,,0,105,,4202,10,,,0,105,,4203,10,,,0,105,,4204,10,,,0,105,,4205,10,,,0
