601,'CsRoyOff',623,,1181,34,,,0,35,,1159,40,,,0,76,,1182,40,,,0,6,,1154,40,,,0,74,,1165,40,,,0,36,,1171,40,,,0,74,,1158,40,,,0,35,,1160,40,,,0,75,,1155,40,,,0,75,,1166,40,,,0,35,,1172,40,,,0,75,,1164,40,,,0,35,,1161,40,,,0,75,,1156,40,,,0,75,,1167,40,,,0,35,,1173,40,,,0,81,,1170,40,,,0,31,,1183,25,,,0,7,,1162,40,,,0,77,,1157,40,,,0,74,,1168,40,,,0,34,,1174,40,,,0,75,,1169,40,,,0,35,,1163,40,,,0,79,,1179,40,,,0,100,,1178,40,,,0,105,,1177,40,,,0,105,,1176,40,,,0,105,,1175,40,,,0,100,,1180,40,,,0
601,'CsRoyOffKerOff',623,,1211,34,,,0,35,,1189,40,,,0,76,,1212,40,,,0,6,,1184,40,,,0,74,,1195,40,,,0,36,,1201,40,,,0,74,,1188,40,,,0,35,,1190,40,,,0,75,,1185,40,,,0,75,,1196,40,,,0,35,,1202,40,,,0,75,,1194,40,,,0,35,,1191,40,,,0,75,,1186,40,,,0,75,,1197,40,,,0,35,,1203,40,,,0,81,,1200,40,,,0,38,,1192,40,,,0,77,,1187,40,,,0,74,,1198,40,,,0,34,,1204,40,,,0,75,,1199,40,,,0,35,,1193,40,,,0,79,,1209,40,,,0,100,,1208,40,,,0,105,,1207,40,,,0,105,,1206,40,,,0,105,,1205,40,,,0,100,,1210,40,,,0
601,'Dimanche',850,,1215,40,,,0,105,,1214,40,,,0,146,,1219,40,,,0,105,,1218,40,,,0,105,,1220,40,,,0,105,,1221,40,,,0,105,,1222,40,,,0,105,,1223,40,,,0,105,,1217,40,,,0,104,,1216,40,,,0,101,,1213,40,,,0
601,'EventOff',623,,1251,34,,,0,35,,1229,40,,,0,82,,1224,40,,,0,74,,1235,40,,,0,36,,1241,40,,,0,74,,1228,40,,,0,35,,1230,40,,,0,75,,1225,40,,,0,75,,1236,40,,,0,35,,1242,40,,,0,75,,1234,40,,,0,35,,1231,40,,,0,75,,1226,40,,,0,75,,1237,40,,,0,35,,1243,40,,,0,81,,1240,40,,,0,38,,1232,40,,,0,77,,1227,40,,,0,74,,1238,40,,,0,34,,1244,40,,,0,75,,1239,40,,,0,35,,1233,40,,,0,79,,1249,40,,,0,100,,1248,40,,,0,105,,1247,40,,,0,105,,1246,40,,,0,105,,1245,40,,,0,100,,1250,40,,,0
601,'EventOn',623,,1279,34,,,0,35,,1257,40,,,0,76,,1280,40,,,0,6,,1252,40,,,0,74,,1263,40,,,0,36,,1269,40,,,0,74,,1256,40,,,0,35,,1258,40,,,0,75,,1253,40,,,0,75,,1264,40,,,0,35,,1270,40,,,0,75,,1262,40,,,0,35,,1259,40,,,0,75,,1254,40,,,0,75,,1265,40,,,0,35,,1271,40,,,0,81,,1268,40,,,0,31,,1281,25,,,0,7,,1260,40,,,0,58,,1282,40,,,0,19,,1255,40,,,0,74,,1266,40,,,0,34,,1272,40,,,0,75,,1267,40,,,0,35,,1261,40,,,0,79,,1277,40,,,0,100,,1276,40,,,0,105,,1275,40,,,0,105,,1274,40,,,0,105,,1273,40,,,0,100,,1278,40,,,0
601,'KerOffPriveOff',623,,1310,34,,,0,35,,1288,40,,,0,82,,1283,40,,,0,74,,1294,40,,,0,36,,1300,40,,,0,74,,1287,40,,,0,35,,1289,40,,,0,75,,1284,40,,,0,75,,1295,40,,,0,35,,1301,40,,,0,75,,1293,40,,,0,35,,1290,40,,,0,75,,1285,40,,,0,75,,1296,40,,,0,35,,1302,40,,,0,81,,1299,40,,,0,38,,1291,40,,,0,58,,1311,40,,,0,19,,1286,40,,,0,74,,1297,40,,,0,34,,1303,40,,,0,75,,1298,40,,,0,35,,1292,40,,,0,79,,1308,40,,,0,100,,1307,40,,,0,105,,1306,40,,,0,105,,1305,40,,,0,105,,1304,40,,,0,100,,1309,40,,,0
601,'Samedi',621,,1328,34,,,0,105,,1312,40,,,0,105,,1320,40,,,0,106,,1313,40,,,0,105,,1321,40,,,0,105,,1314,40,,,0,105,,1322,40,,,0,104,,1315,40,,,0,145,,1323,40,,,0,105,,1316,40,,,0,106,,1324,40,,,0,104,,1317,40,,,0,105,,1325,40,,,0,105,,1318,40,,,0,105,,1326,40,,,0,105,,1319,40,,,0,105,,1327,40,,,0,97,,1329,40,,,0
8901,'CsRoyOff',2032,,4880,44,,,0,105,,4879,44,,,0,105,,4878,44,,,0,105,,4877,44,,,0
8901,'CsRoyOffKerOff',2032,,4884,44,,,0,105,,4883,44,,,0,105,,4882,44,,,0,105,,4881,44,,,0
8901,'Dimanche',850,,4886,44,,,0,105,,4888,44,,,0,146,,4890,44,,,0,105,,4891,44,,,0,105,,4892,44,,,0,105,,4893,44,,,0,105,,4894,44,,,0,105,,4895,44,,,0,105,,4885,44,,,0,104,,4889,44,,,0,101,,4887,44,,,0
8901,'EventOff',2032,,4899,44,,,0,105,,4898,44,,,0,105,,4897,44,,,0,105,,4896,44,,,0
8901,'EventOn',2032,,4903,44,,,0,105,,4902,44,,,0,105,,4901,44,,,0,105,,4900,44,,,0
8901,'KerOffPriveOff',2032,,4907,44,,,0,105,,4906,44,,,0,105,,4905,44,,,0,105,,4904,44,,,0
8901,'Samedi',726,,4916,44,,,0,105,,4908,44,,,0,106,,4917,44,,,0,105,,4909,44,,,0,105,,4918,44,,,0,105,,4910,44,,,0,104,,4919,44,,,0,145,,4911,44,,,0,105,,4920,44,,,0,106,,4912,44,,,0,104,,4921,44,,,0,105,,4913,44,,,0,105,,4922,44,,,0,105,,4914,44,,,0,105,,4923,44,,,0,105,,4915,44,,,0
160900100,'EventOn',1558,,4946,24,,,0
160900100,'KerOffPriveOff',1558,,4947,24,,,0
