1200,'CsRoyOff',717,,2509,44,4,,0,116,,2510,44,4,,0,110,,2511,44,4,,0,110,,2512,44,4,,0,150,,2513,44,4,,0,110,,2514,44,4,,0,109,,2515,44,4,,0,115,,2516,44,4,,0,83,,2525,33,4,,0,37,,2517,44,4,,0,146,,2518,44,4,,0,109,,2519,44,4,,0,105,,2523,44,4,,0,105,,2522,44,4,,0,105,,2521,44,4,,0,105,,2520,44,4,,0,104,,2524,44,4,,0
1200,'CsRoyOffKerOff',717,,2526,44,4,,0,116,,2527,44,4,,0,110,,2528,44,4,,0,110,,2529,44,4,,0,150,,2530,44,4,,0,110,,2531,44,4,,0,109,,2532,44,4,,0,115,,2533,44,4,,0,83,,2542,33,4,,0,37,,2534,44,4,,0,146,,2535,44,4,,0,109,,2536,44,4,,0,105,,2540,44,4,,0,105,,2539,44,4,,0,105,,2538,44,4,,0,105,,2537,44,4,,0,104,,2541,44,4,,0
1200,'Dimanche',943,,2544,44,4,,0,104,,2546,44,4,,0,106,,2547,44,4,,0,104,,2548,44,4,,0,145,,2549,44,4,,0,105,,2550,44,4,,0,105,,2551,44,4,,0,105,,2552,44,4,,0,105,,2545,44,4,,0,105,,2543,44,4,,0
1200,'EventOff',717,,2553,44,4,,0,116,,2554,44,4,,0,110,,2555,44,4,,0,110,,2556,44,4,,0,150,,2557,44,4,,0,110,,2558,44,4,,0,109,,2559,44,4,,0,115,,2560,44,4,,0,120,,2561,44,4,,0,146,,2562,44,4,,0,109,,2563,44,4,,0,105,,2567,44,4,,0,105,,2566,44,4,,0,105,,2565,44,4,,0,105,,2564,44,4,,0,104,,2568,44,4,,0
1200,'EventOn',717,,2569,44,4,,0,116,,2570,44,4,,0,110,,2571,44,4,,0,110,,2572,44,4,,0,150,,2573,44,4,,0,110,,2574,44,4,,0,109,,2575,44,4,,0,115,,2576,44,4,,0,83,,2585,33,4,,0,37,,2577,44,4,,0,146,,2578,44,4,,0,109,,2579,44,4,,0,105,,2583,44,4,,0,105,,2582,44,4,,0,105,,2581,44,4,,0,105,,2580,44,4,,0,104,,2584,44,4,,0
1200,'KerOffPriveOff',717,,2586,44,4,,0,116,,2587,44,4,,0,110,,2588,44,4,,0,110,,2589,44,4,,0,150,,2590,44,4,,0,110,,2591,44,4,,0,109,,2592,44,4,,0,115,,2593,44,4,,0,120,,2594,44,4,,0,146,,2595,44,4,,0,109,,2596,44,4,,0,105,,2600,44,4,,0,105,,2599,44,4,,0,105,,2598,44,4,,0,105,,2597,44,4,,0,104,,2601,44,4,,0
1200,'Samedi',712,,2602,44,4,,0,105,,2603,44,4,,0,105,,2604,44,4,,0,106,,2605,44,4,,0,105,,2606,44,4,,0,105,,2607,44,4,,0,106,,2608,44,4,,0,105,,2609,44,4,,0,105,,2610,44,4,,0,104,,2611,44,4,,0,144,,2612,44,4,,0,105,,2613,44,4,,0,105,,2614,44,4,,0,105,,2615,44,4,,0,105,,2616,44,4,,0,105,,2617,44,4,,0,105,,2618,44,4,,0
1201,'CsRoyOff',618,,2619,1,,,0,110,,2620,1,,,0,111,,2621,1,,,0,110,,2622,1,,,0,110,,2623,1,,,0,150,,2624,1,,,0,109,,2625,1,,,0,107,,2626,1,,,0,115,,2627,1,,,0,118,,2628,1,,,0,153,,2629,1,,,0,103,,2630,1,,,0,105,,2633,1,,,0,105,,2632,1,,,0,105,,2631,1,,,0,105,,2634,1,,,0
1201,'CsRoyOffKerOff',618,,2635,1,,,0,110,,2636,1,,,0,111,,2637,1,,,0,110,,2638,1,,,0,110,,2639,1,,,0,150,,2640,1,,,0,109,,2641,1,,,0,107,,2642,1,,,0,115,,2643,1,,,0,118,,2644,1,,,0,153,,2645,1,,,0,103,,2646,1,,,0,105,,2649,1,,,0,105,,2648,1,,,0,105,,2647,1,,,0,105,,2650,1,,,0
1201,'Dimanche',840,,2652,1,,,0,105,,2653,1,,,0,104,,2655,1,,,0,106,,2656,1,,,0,104,,2657,1,,,0,145,,2658,1,,,0,105,,2659,1,,,0,105,,2660,1,,,0,106,,2651,1,,,0,105,,2654,1,,,0
1201,'EventOff',618,,2661,1,,,0,110,,2662,1,,,0,111,,2663,1,,,0,110,,2664,1,,,0,110,,2665,1,,,0,150,,2666,1,,,0,109,,2667,1,,,0,107,,2668,1,,,0,115,,2669,1,,,0,118,,2670,1,,,0,153,,2671,1,,,0,103,,2672,1,,,0,105,,2675,1,,,0,105,,2674,1,,,0,105,,2673,1,,,0,105,,2676,1,,,0
1201,'EventOn',618,,2677,1,,,0,110,,2678,1,,,0,111,,2679,1,,,0,110,,2680,1,,,0,110,,2681,1,,,0,150,,2682,1,,,0,109,,2683,1,,,0,107,,2684,1,,,0,115,,2685,1,,,0,118,,2686,1,,,0,153,,2687,1,,,0,103,,2688,1,,,0,105,,2691,1,,,0,105,,2690,1,,,0,105,,2689,1,,,0,105,,2692,1,,,0
1201,'KerOffPriveOff',618,,2693,1,,,0,110,,2694,1,,,0,111,,2695,1,,,0,110,,2696,1,,,0,110,,2697,1,,,0,150,,2698,1,,,0,109,,2699,1,,,0,107,,2700,1,,,0,115,,2701,1,,,0,118,,2702,1,,,0,153,,2703,1,,,0,103,,2704,1,,,0,105,,2707,1,,,0,105,,2706,1,,,0,105,,2705,1,,,0,105,,2708,1,,,0
1201,'Samedi',611,,2709,1,,,0,104,,2710,1,,,0,105,,2711,1,,,0,105,,2712,1,,,0,106,,2713,1,,,0,104,,2714,1,,,0,105,,2715,1,,,0,106,,2716,1,,,0,105,,2717,1,,,0,105,,2718,1,,,0,144,,2719,1,,,0,105,,2720,1,,,0,105,,2721,1,,,0,105,,2722,1,,,0,105,,2723,1,,,0,105,,2724,1,,,0,105,,2725,1,,,0
