1400,'CsRoyOff',658,,3062,32,4,,0,70,,3063,32,4,,0,30,,3061,32,4,,0,100,,3060,32,4,,0
1400,'CsRoyOffKerOff',658,,3069,32,4,,0,70,,3070,32,4,,0,30,,3068,32,4,,0,100,,3067,32,4,,0
1400,'EventOff',658,,3076,32,4,,0,70,,3077,32,4,,0,30,,3075,32,4,,0,100,,3074,32,4,,0
1400,'EventOn',658,,3083,32,4,,0,70,,3084,32,4,,0,30,,3082,32,4,,0,100,,3081,32,4,,0
1400,'KerOffPriveOff',658,,3090,32,4,,0,70,,3091,32,4,,0,30,,3089,32,4,,0,100,,3088,32,4,,0
1401,'CsRoyOff',700,,3096,1,,,0,100,,3097,1,,,0,100,,3095,1,,,0
1401,'CsRoyOffKerOff',700,,3102,1,,,0,100,,3103,1,,,0,100,,3101,1,,,0
1401,'EventOff',700,,3108,1,,,0,100,,3109,1,,,0,100,,3107,1,,,0
1401,'EventOn',700,,3114,1,,,0,100,,3115,1,,,0,100,,3113,1,,,0
1401,'KerOffPriveOff',700,,3120,1,,,0,100,,3121,1,,,0,100,,3119,1,,,0
