1301,'CsRoyOff',630,,2899,32,,,0,80,,2905,32,,,0,33,,2894,32,,,0,80,,2910,32,,,0,34,,2900,32,,,0,74,,2906,32,,,0,74,,2895,32,,,0,35,,2911,32,,,0,77,,2901,32,,,0,34,,2907,32,,,0,75,,2896,32,,,0,75,,2912,32,,,0,34,,2902,32,,,0,75,,2908,32,,,0,38,,2897,32,,,0,80,,2913,32,,,0,25,,2920,34,0,7 8,0,52,,2903,32,,,0,37,,2909,32,,,0,77,,2898,32,,,0,35,,2914,32,,,0,74,,2904,32,,,0,107,,2915,32,,,0,104,,2919,32,,,0,105,,2918,32,,,0,105,,2917,32,,,0,105,,2916,32,,,0
1301,'CsRoyOffKerOff',630,,2926,32,,,0,80,,2932,32,,,0,33,,2921,32,,,0,80,,2937,32,,,0,34,,2927,32,,,0,74,,2933,32,,,0,74,,2922,32,,,0,35,,2938,32,,,0,77,,2928,32,,,0,34,,2934,32,,,0,75,,2923,32,,,0,75,,2939,32,,,0,34,,2929,32,,,0,75,,2935,32,,,0,38,,2924,32,,,0,80,,2940,32,,,0,77,,2930,32,,,0,37,,2936,32,,,0,77,,2925,32,,,0,35,,2941,32,,,0,74,,2931,32,,,0,107,,2942,32,,,0,104,,2946,32,,,0,105,,2945,32,,,0,105,,2944,32,,,0,105,,2943,32,,,0
1301,'Dimanche',857,,2948,32,,,0,145,,2949,32,,,0,106,,2950,32,,,0,106,,2953,32,,,0,105,,2952,32,,,0,105,,2954,32,,,0,104,,2955,32,,,0,105,,2956,32,,,0,105,,2951,32,,,0,105,,2947,32,,,0
1301,'EventOff',630,,2962,32,,,0,80,,2968,32,,,0,33,,2957,32,,,0,80,,2973,32,,,0,34,,2963,32,,,0,74,,2969,32,,,0,74,,2958,32,,,0,35,,2974,32,,,0,77,,2964,32,,,0,34,,2970,32,,,0,75,,2959,32,,,0,75,,2975,32,,,0,34,,2965,32,,,0,75,,2971,32,,,0,38,,2960,32,,,0,80,,2976,32,,,0,77,,2966,32,,,0,37,,2972,32,,,0,77,,2961,32,,,0,35,,2977,32,,,0,74,,2967,32,,,0,107,,2978,32,,,0,104,,2982,32,,,0,105,,2981,32,,,0,105,,2980,32,,,0,105,,2979,32,,,0
1301,'EventOn',630,,2988,32,,,0,80,,2994,32,,,0,33,,2983,32,,,0,80,,2999,32,,,0,34,,2989,32,,,0,74,,2995,32,,,0,74,,2984,32,,,0,35,,3000,32,,,0,77,,2990,32,,,0,34,,2996,32,,,0,75,,2985,32,,,0,75,,3001,32,,,0,34,,2991,32,,,0,75,,2997,32,,,0,38,,2986,32,,,0,80,,3002,32,,,0,25,,3011,34,0,7 8,0,52,,2992,32,,,0,37,,2998,32,,,0,77,,2987,32,,,0,35,,3003,32,,,0,74,,2993,32,,,0,107,,3004,32,,,0,104,,3008,32,,,0,105,,3007,32,,,0,105,,3006,32,,,0,105,,3005,32,,,0
1301,'KerOffPriveOff',630,,3017,32,,,0,80,,3023,32,,,0,33,,3012,32,,,0,80,,3028,32,,,0,34,,3018,32,,,0,74,,3024,32,,,0,74,,3013,32,,,0,35,,3029,32,,,0,77,,3019,32,,,0,34,,3025,32,,,0,75,,3014,32,,,0,75,,3030,32,,,0,34,,3020,32,,,0,75,,3026,32,,,0,38,,3015,32,,,0,80,,3031,32,,,0,77,,3021,32,,,0,37,,3027,32,,,0,77,,3016,32,,,0,35,,3032,32,,,0,74,,3022,32,,,0,107,,3033,32,,,0,104,,3037,32,,,0,105,,3036,32,,,0,105,,3035,32,,,0,105,,3034,32,,,0
1301,'Samedi',629,,3040,32,,,0,103,,3049,32,,,0,105,,3041,32,,,0,106,,3050,32,,,0,107,,3042,32,,,0,105,,3051,32,,,0,145,,3043,32,,,0,105,,3052,32,,,0,105,,3044,32,,,0,105,,3053,32,,,0,105,,3045,32,,,0,104,,3054,32,,,0,104,,3046,32,,,0,105,,3055,32,,,0,104,,3047,32,,,0,105,,3056,32,,,0,105,,3048,32,,,0
1401,'CsRoyOff',715,,3096,23,,,0,100,,3097,23,,,0,100,,3095,23,,,0,686,,3094,29,,,0,100,,3093,29,,,0,99,,3092,29,,,0
1401,'CsRoyOffKerOff',715,,3102,23,,,0,100,,3103,23,,,0,100,,3101,23,,,0,686,,3100,29,,,0,100,,3099,29,,,0,99,,3098,29,,,0
1401,'EventOff',715,,3108,23,,,0,100,,3109,23,,,0,100,,3107,23,,,0,686,,3106,29,,,0,100,,3105,29,,,0,99,,3104,29,,,0
1401,'EventOn',715,,3114,23,,,0,100,,3115,23,,,0,100,,3113,23,,,0,686,,3112,29,,,0,100,,3111,29,,,0,99,,3110,29,,,0
1401,'KerOffPriveOff',715,,3120,23,,,0,100,,3121,23,,,0,100,,3119,23,,,0,686,,3118,29,,,0,100,,3117,29,,,0,99,,3116,29,,,0
1601,'CsRoyOff',642,,3244,33,,,0,115,,3229,33,,,0,150,,3230,33,,,0,110,,3231,33,,,0,110,,3232,33,,,0,110,,3233,33,,,0,110,,3234,33,,,0,110,,3235,33,,,0,156,,3236,33,,,0,116,,3237,33,,,0,109,,3238,33,,,0,107,,3239,33,,,0,100,,3240,33,,,0,105,,3241,33,,,0,105,,3243,33,,,0,145,,3242,33,,,0
1601,'CsRoyOffKerOff',642,,3260,33,,,0,115,,3245,33,,,0,150,,3246,33,,,0,110,,3247,33,,,0,110,,3248,33,,,0,110,,3249,33,,,0,110,,3250,33,,,0,110,,3251,33,,,0,156,,3252,33,,,0,116,,3253,33,,,0,109,,3254,33,,,0,107,,3255,33,,,0,100,,3256,33,,,0,105,,3257,33,,,0,105,,3259,33,,,0,145,,3258,33,,,0
1601,'Dimanche',906,,3269,33,,,0,105,,3262,33,,,0,105,,3263,33,,,0,105,,3264,33,,,0,105,,3265,33,,,0,105,,3266,33,,,0,106,,3267,33,,,0,105,,3268,33,,,0,104,,3261,33,,,0,105,,3270,33,,,0
1601,'EventOff',642,,3286,33,,,0,115,,3271,33,,,0,150,,3272,33,,,0,110,,3273,33,,,0,110,,3274,33,,,0,110,,3275,33,,,0,110,,3276,33,,,0,110,,3277,33,,,0,156,,3278,33,,,0,116,,3279,33,,,0,109,,3280,33,,,0,107,,3281,33,,,0,100,,3282,33,,,0,105,,3283,33,,,0,105,,3285,33,,,0,145,,3284,33,,,0
1601,'EventOn',642,,3302,33,,,0,115,,3287,33,,,0,150,,3288,33,,,0,110,,3289,33,,,0,110,,3290,33,,,0,110,,3291,33,,,0,110,,3292,33,,,0,110,,3293,33,,,0,156,,3294,33,,,0,116,,3295,33,,,0,109,,3296,33,,,0,107,,3297,33,,,0,100,,3298,33,,,0,105,,3299,33,,,0,105,,3301,33,,,0,145,,3300,33,,,0
1601,'KerOffPriveOff',642,,3318,33,,,0,115,,3303,33,,,0,150,,3304,33,,,0,110,,3305,33,,,0,110,,3306,33,,,0,110,,3307,33,,,0,110,,3308,33,,,0,110,,3309,33,,,0,156,,3310,33,,,0,116,,3311,33,,,0,109,,3312,33,,,0,107,,3313,33,,,0,100,,3314,33,,,0,105,,3315,33,,,0,105,,3317,33,,,0,145,,3316,33,,,0
1601,'Samedi',636,,3334,33,,,0,105,,3335,33,,,0,105,,3327,33,,,0,105,,3319,33,,,0,105,,3320,33,,,0,145,,3321,33,,,0,105,,3322,33,,,0,104,,3323,33,,,0,105,,3324,33,,,0,105,,3325,33,,,0,106,,3326,33,,,0,105,,3328,33,,,0,105,,3329,33,,,0,105,,3330,33,,,0,105,,3331,33,,,0,105,,3332,33,,,0,105,,3333,33,,,0
2501,'CsRoyOff',627,,3731,21,,,0,74,,3733,21,,,0,39,,3732,21,,,0,77,,3734,21,,,0,34,,3752,21,,,0,74,,3735,21,,,0,75,,3736,21,,,0,35,,3737,21,,,0,75,,3738,21,,,0,35,,3739,21,,,0,75,,3740,21,,,0,35,,3741,21,,,0,75,,3742,21,,,0,75,,3743,21,,,0,35,,3744,21,,,0,78,,3745,21,,,0,20,,3758,16,0,7 8,0,19,,3746,21,,,0,78,,3747,21,,,0,76,,3748,21,,,0,35,,3749,21,,,0,75,,3750,21,,,0,33,,3751,21,,,0,75,,3753,21,,,0,104,,3754,21,,,0,105,,3755,21,,,0,105,,3756,21,,,0,105,,3757,21,,,0
2501,'CsRoyOffKerOff',627,,3759,21,,,0,74,,3761,21,,,0,39,,3760,21,,,0,77,,3762,21,,,0,34,,3780,21,,,0,74,,3763,21,,,0,75,,3764,21,,,0,35,,3765,21,,,0,75,,3766,21,,,0,35,,3767,21,,,0,75,,3768,21,,,0,35,,3769,21,,,0,75,,3770,21,,,0,75,,3771,21,,,0,35,,3772,21,,,0,78,,3773,21,,,0,39,,3774,21,,,0,78,,3775,21,,,0,76,,3776,21,,,0,35,,3777,21,,,0,75,,3778,21,,,0,33,,3779,21,,,0,75,,3781,21,,,0,104,,3782,21,,,0,105,,3783,21,,,0,105,,3784,21,,,0,105,,3785,21,,,0
2501,'Dimanche',853,,3788,21,,,0,105,,3789,21,,,0,145,,3790,21,,,0,105,,3791,21,,,0,105,,3792,21,,,0,105,,3793,21,,,0,105,,3794,21,,,0,105,,3795,21,,,0,105,,3787,21,,,0,105,,3786,21,,,0
2501,'EventOff',627,,3796,21,,,0,74,,3798,21,,,0,39,,3797,21,,,0,77,,3799,21,,,0,34,,3817,21,,,0,74,,3800,21,,,0,75,,3801,21,,,0,35,,3802,21,,,0,75,,3803,21,,,0,35,,3804,21,,,0,75,,3805,21,,,0,35,,3806,21,,,0,75,,3807,21,,,0,75,,3808,21,,,0,35,,3809,21,,,0,78,,3810,21,,,0,39,,3811,21,,,0,78,,3812,21,,,0,76,,3813,21,,,0,35,,3814,21,,,0,75,,3815,21,,,0,33,,3816,21,,,0,75,,3818,21,,,0,104,,3819,21,,,0,105,,3820,21,,,0,105,,3821,21,,,0,105,,3822,21,,,0
2501,'EventOn',627,,3823,21,,,0,74,,3825,21,,,0,31,,3850,21,0,9,0,8,,3824,21,,,0,12,,3851,21,0,10,0,65,,3826,21,,,0,34,,3844,21,,,0,74,,3827,21,,,0,75,,3828,21,,,0,35,,3829,21,,,0,75,,3830,21,,,0,35,,3831,21,,,0,75,,3832,21,,,0,35,,3833,21,,,0,75,,3834,21,,,0,75,,3835,21,,,0,35,,3836,21,,,0,78,,3837,21,,,0,20,,3852,16,0,7 8,0,19,,3838,21,,,0,78,,3839,21,,,0,76,,3840,21,,,0,35,,3841,21,,,0,75,,3842,21,,,0,33,,3843,21,,,0,75,,3845,21,,,0,104,,3846,21,,,0,105,,3847,21,,,0,105,,3848,21,,,0,105,,3849,21,,,0
2501,'KerOffPriveOff',627,,3853,21,,,0,74,,3855,21,,,0,31,,3880,21,0,9,0,8,,3854,21,,,0,12,,3881,21,0,10,0,65,,3856,21,,,0,34,,3874,21,,,0,74,,3857,21,,,0,75,,3858,21,,,0,35,,3859,21,,,0,75,,3860,21,,,0,35,,3861,21,,,0,75,,3862,21,,,0,35,,3863,21,,,0,75,,3864,21,,,0,75,,3865,21,,,0,35,,3866,21,,,0,78,,3867,21,,,0,39,,3868,21,,,0,78,,3869,21,,,0,76,,3870,21,,,0,35,,3871,21,,,0,75,,3872,21,,,0,33,,3873,21,,,0,75,,3875,21,,,0,104,,3876,21,,,0,105,,3877,21,,,0,105,,3878,21,,,0,105,,3879,21,,,0
2501,'Samedi',623,,3893,21,,,0,104,,3882,21,,,0,105,,3888,21,,,0,105,,3894,21,,,0,105,,3883,21,,,0,105,,3889,21,,,0,105,,3895,21,,,0,105,,3884,21,,,0,145,,3890,21,,,0,105,,3896,21,,,0,105,,3885,21,,,0,105,,3891,21,,,0,105,,3897,21,,,0,105,,3886,21,,,0,105,,3892,21,,,0,105,,3898,21,,,0,105,,3887,21,,,0
