1400,'CsRoyOff',635,,3062,9,,,0,70,,3063,9,,,0,30,,3061,9,,,0,100,,3060,9,,,0,685,,3059,9,,,0,100,,3057,9,,,0,100,,3058,9,,,0
1400,'CsRoyOffKerOff',635,,3069,9,,,0,70,,3070,9,,,0,30,,3068,9,,,0,100,,3067,9,,,0,685,,3066,9,,,0,100,,3064,9,,,0,100,,3065,9,,,0
1400,'EventOff',635,,3076,9,,,0,70,,3077,9,,,0,30,,3075,9,,,0,100,,3074,9,,,0,685,,3073,9,,,0,100,,3071,9,,,0,100,,3072,9,,,0
1400,'EventOn',635,,3083,9,,,0,70,,3084,9,,,0,30,,3082,9,,,0,100,,3081,9,,,0,685,,3080,9,,,0,100,,3078,9,,,0,100,,3079,9,,,0
1400,'KerOffPriveOff',635,,3090,9,,,0,70,,3091,9,,,0,30,,3089,9,,,0,100,,3088,9,,,0,685,,3087,9,,,0,100,,3085,9,,,0,100,,3086,9,,,0
1600,'CsRoyOff',707,,3122,10,,,0,109,,3123,10,,,0,112,,3124,10,,,0,110,,3125,10,,,0,110,,3126,10,,,0,110,,3127,10,,,0,149,,3128,10,,,0,115,,3129,10,,,0,114,,3130,10,,,0,111,,3131,10,,,0,111,,3132,10,,,0,100,,3133,10,,,0,146,,3134,10,,,0,104,,3135,10,,,0,106,,3136,10,,,0,102,,3137,10,,,0
1600,'CsRoyOffKerOff',707,,3138,10,,,0,109,,3139,10,,,0,112,,3140,10,,,0,110,,3141,10,,,0,110,,3142,10,,,0,110,,3143,10,,,0,149,,3144,10,,,0,115,,3145,10,,,0,114,,3146,10,,,0,111,,3147,10,,,0,111,,3148,10,,,0,100,,3149,10,,,0,146,,3150,10,,,0,104,,3151,10,,,0,106,,3152,10,,,0,102,,3153,10,,,0
1600,'Dimanche',923,,3155,10,,,0,105,,3156,10,,,0,105,,3157,10,,,0,105,,3158,10,,,0,104,,3159,10,,,0,105,,3160,10,,,0,105,,3161,10,,,0,105,,3154,10,,,0,145,,3162,10,,,0,105,,3163,10,,,0
1600,'EventOff',707,,3164,10,,,0,109,,3165,10,,,0,112,,3166,10,,,0,110,,3167,10,,,0,110,,3168,10,,,0,110,,3169,10,,,0,149,,3170,10,,,0,115,,3171,10,,,0,114,,3172,10,,,0,111,,3173,10,,,0,111,,3174,10,,,0,100,,3175,10,,,0,146,,3176,10,,,0,104,,3177,10,,,0,106,,3178,10,,,0,102,,3179,10,,,0
1600,'EventOn',707,,3180,10,,,0,109,,3181,10,,,0,112,,3182,10,,,0,110,,3183,10,,,0,110,,3184,10,,,0,110,,3185,10,,,0,149,,3186,10,,,0,115,,3187,10,,,0,114,,3188,10,,,0,111,,3189,10,,,0,111,,3190,10,,,0,100,,3191,10,,,0,146,,3192,10,,,0,104,,3193,10,,,0,106,,3194,10,,,0,102,,3195,10,,,0
1600,'KerOffPriveOff',707,,3196,10,,,0,109,,3197,10,,,0,112,,3198,10,,,0,110,,3199,10,,,0,110,,3200,10,,,0,110,,3201,10,,,0,149,,3202,10,,,0,115,,3203,10,,,0,114,,3204,10,,,0,111,,3205,10,,,0,111,,3206,10,,,0,100,,3207,10,,,0,146,,3208,10,,,0,104,,3209,10,,,0,106,,3210,10,,,0,102,,3211,10,,,0
1600,'Samedi',652,,3227,10,,,0,105,,3228,10,,,0,145,,3212,10,,,0,105,,3213,10,,,0,105,,3214,10,,,0,105,,3215,10,,,0,105,,3216,10,,,0,105,,3217,10,,,0,105,,3218,10,,,0,105,,3219,10,,,0,105,,3221,10,,,0,105,,3222,10,,,0,105,,3223,10,,,0,105,,3224,10,,,0,145,,3225,10,,,0,105,,3226,10,,,0,105,,3220,10,,,0
