900,'CsRoyOff',701,,1654,39,0,20,0,40,,1668,39,0,20,0,75,,1655,39,0,20,0,36,,1665,39,0,20,0,75,,1656,39,0,20,0,75,,1669,39,0,20,0,35,,1657,39,0,20,0,112,,1658,39,0,20,0,110,,1659,39,0,20,0,151,,1660,39,0,20,0,35,,1666,39,0,20,0,76,,1661,39,0,20,0,79,,1667,39,0,20,0,29,,1672,35,0,5,0,2,,1671,38,,,0,6,,1662,39,0,20,0,77,,1670,39,0,20,0,36,,1663,39,0,20,0,107,,1664,39,0,20,0
900,'CsRoyOffKerOff',701,,1673,39,0,20,0,40,,1687,39,0,20,0,75,,1674,39,0,20,0,36,,1684,39,0,20,0,75,,1675,39,0,20,0,75,,1688,39,0,20,0,35,,1676,39,0,20,0,112,,1677,39,0,20,0,110,,1678,39,0,20,0,151,,1679,39,0,20,0,35,,1685,39,0,20,0,76,,1680,39,0,20,0,79,,1686,39,0,20,0,29,,1690,35,0,5,0,8,,1681,39,0,20,0,77,,1689,39,0,20,0,36,,1682,39,0,20,0,107,,1683,39,0,20,0
900,'EventOff',701,,1691,39,0,20,0,40,,1705,39,0,20,0,75,,1692,39,0,20,0,36,,1702,39,0,20,0,75,,1693,39,0,20,0,75,,1706,39,0,20,0,35,,1694,39,0,20,0,112,,1695,39,0,20,0,110,,1696,39,0,20,0,151,,1697,39,0,20,0,35,,1703,39,0,20,0,76,,1698,39,0,20,0,79,,1704,39,0,20,0,37,,1699,39,0,20,0,77,,1707,39,0,20,0,36,,1700,39,0,20,0,107,,1701,39,0,20,0
900,'EventOn',701,,1708,39,0,20,0,40,,1722,39,0,20,0,75,,1709,39,0,20,0,36,,1719,39,0,20,0,75,,1710,39,0,20,0,75,,1723,39,0,20,0,35,,1711,39,0,20,0,112,,1712,39,0,20,0,110,,1713,39,0,20,0,151,,1714,39,0,20,0,35,,1720,39,0,20,0,76,,1715,39,0,20,0,79,,1721,39,0,20,0,29,,1726,35,0,5,0,2,,1725,38,,,0,6,,1716,39,0,20,0,77,,1724,39,0,20,0,36,,1717,39,0,20,0,107,,1718,39,0,20,0
900,'KerOffPriveOff',701,,1727,39,0,20,0,40,,1741,39,0,20,0,75,,1728,39,0,20,0,36,,1738,39,0,20,0,75,,1729,39,0,20,0,75,,1742,39,0,20,0,35,,1730,39,0,20,0,112,,1731,39,0,20,0,110,,1732,39,0,20,0,151,,1733,39,0,20,0,35,,1739,39,0,20,0,76,,1734,39,0,20,0,79,,1740,39,0,20,0,37,,1735,39,0,20,0,77,,1743,39,0,20,0,36,,1736,39,0,20,0,107,,1737,39,0,20,0
8900,'CsRoyOff',1956,,4827,40,,,0,100,,4829,40,,,0,145,,4828,40,,,0,107,,4826,40,,,0,103,,4825,40,,,0
8900,'CsRoyOffKerOff',1956,,4832,40,,,0,100,,4834,40,,,0,145,,4833,40,,,0,107,,4831,40,,,0,103,,4830,40,,,0
8900,'Dimanche',915,,4836,40,,,0,105,,4838,40,,,0,107,,4839,40,,,0,105,,4840,40,,,0,105,,4842,40,,,0,105,,4841,40,,,0,105,,4843,40,,,0,105,,4844,40,,,0,104,,4835,40,,,0,144,,4837,40,,,0
8900,'EventOff',1956,,4847,40,,,0,100,,4849,40,,,0,145,,4848,40,,,0,107,,4846,40,,,0,103,,4845,40,,,0
8900,'EventOn',1956,,4852,40,,,0,100,,4854,40,,,0,145,,4853,40,,,0,107,,4851,40,,,0,103,,4850,40,,,0
8900,'KerOffPriveOff',1956,,4857,40,,,0,100,,4859,40,,,0,145,,4858,40,,,0,107,,4856,40,,,0,103,,4855,40,,,0
8900,'Samedi',648,,4876,40,,,0,103,,4860,40,,,0,105,,4868,40,,,0,147,,4861,40,,,0,105,,4869,40,,,0,105,,4862,40,,,0,105,,4870,40,,,0,104,,4863,40,,,0,104,,4871,40,,,0,106,,4864,40,,,0,106,,4872,40,,,0,104,,4865,40,,,0,105,,4873,40,,,0,105,,4866,40,,,0,104,,4874,40,,,0,145,,4867,40,,,0,105,,4875,40,,,0
