6001,'CsRoyOff',629,,4652,16,,,0,72,,4663,16,,,0,40,,4653,16,,,0,75,,4664,16,,,0,34,,4654,16,,,0,76,,4665,16,,,0,74,,4655,16,,,0,35,,4666,16,,,0,75,,4656,16,,,0,35,,4667,16,,,0,75,,4657,16,,,0,34,,4668,16,,,0,75,,4658,16,,,0,27,,4669,16,,,0,80,,4679,16,,,0,71,,4659,16,,,0,44,,4670,16,,,0,71,,4660,16,,,0,78,,4671,16,,,0,36,,4661,16,,,0,75,,4672,16,,,0,29,,4662,16,,,0,111,,4675,16,,,0,105,,4677,16,,,0,145,,4676,16,,,0,105,,4674,16,,,0,105,,4673,16,,,0
6001,'CsRoyOffKerOff',629,,4680,16,,,0,72,,4691,16,,,0,40,,4681,16,,,0,75,,4692,16,,,0,34,,4682,16,,,0,76,,4693,16,,,0,74,,4683,16,,,0,35,,4694,16,,,0,75,,4684,16,,,0,35,,4695,16,,,0,75,,4685,16,,,0,34,,4696,16,,,0,75,,4686,16,,,0,27,,4697,16,,,0,80,,4707,16,,,0,71,,4687,16,,,0,44,,4698,16,,,0,71,,4688,16,,,0,78,,4699,16,,,0,36,,4689,16,,,0,75,,4700,16,,,0,29,,4690,16,,,0,111,,4703,16,,,0,105,,4705,16,,,0,145,,4704,16,,,0,105,,4702,16,,,0,105,,4701,16,,,0
6001,'Dimanche',917,,4708,16,,,0,105,,4710,16,,,0,105,,4711,16,,,0,105,,4713,16,,,0,105,,4714,16,,,0,105,,4715,16,,,0,105,,4716,16,,,0,105,,4717,16,,,0,105,,4712,16,,,0,145,,4709,16,,,0
6001,'EventOff',629,,4718,16,,,0,72,,4729,16,,,0,40,,4719,16,,,0,75,,4730,16,,,0,34,,4720,16,,,0,76,,4731,16,,,0,74,,4721,16,,,0,35,,4732,16,,,0,75,,4722,16,,,0,35,,4733,16,,,0,75,,4723,16,,,0,34,,4734,16,,,0,75,,4724,16,,,0,27,,4735,16,,,0,80,,4745,16,,,0,71,,4725,16,,,0,44,,4736,16,,,0,71,,4726,16,,,0,78,,4737,16,,,0,36,,4727,16,,,0,75,,4738,16,,,0,29,,4728,16,,,0,111,,4741,16,,,0,105,,4743,16,,,0,145,,4742,16,,,0,105,,4740,16,,,0,105,,4739,16,,,0
6001,'EventOn',629,,4746,16,,,0,72,,4757,16,,,0,40,,4747,16,,,0,75,,4758,16,,,0,34,,4748,16,,,0,76,,4759,16,,,0,74,,4749,16,,,0,35,,4760,16,,,0,75,,4750,16,,,0,35,,4761,16,,,0,75,,4751,16,,,0,34,,4762,16,,,0,75,,4752,16,,,0,27,,4763,16,,,0,80,,4773,16,,,0,71,,4753,16,,,0,44,,4764,16,,,0,1,,4776,16,0,14 15,0,70,,4754,16,,,0,78,,4765,16,,,0,36,,4755,16,,,0,75,,4766,16,,,0,29,,4756,16,,,0,111,,4769,16,,,0,105,,4771,16,,,0,145,,4770,16,,,0,105,,4768,16,,,0,105,,4767,16,,,0
6001,'KerOffPriveOff',629,,4777,16,,,0,72,,4788,16,,,0,40,,4778,16,,,0,75,,4789,16,,,0,34,,4779,16,,,0,76,,4790,16,,,0,74,,4780,16,,,0,35,,4791,16,,,0,75,,4781,16,,,0,35,,4792,16,,,0,75,,4782,16,,,0,34,,4793,16,,,0,75,,4783,16,,,0,27,,4794,16,,,0,80,,4804,16,,,0,71,,4784,16,,,0,44,,4795,16,,,0,1,,4807,16,0,14 15,0,70,,4785,16,,,0,78,,4796,16,,,0,36,,4786,16,,,0,75,,4797,16,,,0,29,,4787,16,,,0,111,,4800,16,,,0,105,,4802,16,,,0,145,,4801,16,,,0,105,,4799,16,,,0,105,,4798,16,,,0
6001,'Samedi',647,,4813,16,,,0,105,,4819,16,,,0,105,,4808,16,,,0,145,,4814,16,,,0,105,,4820,16,,,0,105,,4809,16,,,0,106,,4815,16,,,0,105,,4821,16,,,0,105,,4810,16,,,0,104,,4816,16,,,0,105,,4822,16,,,0,105,,4811,16,,,0,105,,4817,16,,,0,105,,4823,16,,,0,105,,4812,16,,,0,145,,4818,16,,,0,105,,4824,16,,,0
111800501,'CsRoyOff',743,,4941,12,,,0,880,,4942,12,0,14 15,0
111800501,'CsRoyOffKerOff',1623,,4943,12,0,14 15,0
111800501,'EventOn',743,,4944,12,,,0,880,,4945,12,0,14 15,0
19200300001,'CsRoyOff',743,,5015,13,0,11 18,0
19200300001,'CsRoyOffKerOff',743,,5016,13,0,11 18,0
19200300001,'EventOn',743,,5017,13,0,11 18,0
