1200,'CsRoyOff',701,,2509,15,,,0,116,,2510,15,,,0,110,,2511,15,,,0,110,,2512,15,,,0,110,,2513,15,,,0,110,,2514,15,,,0,149,,2515,15,,,0,115,,2516,15,,,0,81,,2525,4,,,0,38,,2517,15,,,0,107,,2518,15,,,0,110,,2519,15,,,0,145,,2523,15,,,0,105,,2522,15,,,0,105,,2521,15,,,0,105,,2520,15,,,0,104,,2524,15,,,0
1200,'CsRoyOffKerOff',701,,2526,15,,,0,116,,2527,15,,,0,110,,2528,15,,,0,110,,2529,15,,,0,110,,2530,15,,,0,110,,2531,15,,,0,149,,2532,15,,,0,115,,2533,15,,,0,81,,2542,4,,,0,38,,2534,15,,,0,107,,2535,15,,,0,110,,2536,15,,,0,145,,2540,15,,,0,105,,2539,15,,,0,105,,2538,15,,,0,105,,2537,15,,,0,104,,2541,15,,,0
1200,'Dimanche',927,,2544,15,,,0,104,,2546,15,,,0,106,,2547,15,,,0,104,,2548,15,,,0,105,,2549,15,,,0,105,,2550,15,,,0,105,,2551,15,,,0,145,,2552,15,,,0,106,,2545,15,,,0,105,,2543,15,,,0
1200,'EventOff',701,,2553,15,,,0,116,,2554,15,,,0,110,,2555,15,,,0,110,,2556,15,,,0,110,,2557,15,,,0,110,,2558,15,,,0,149,,2559,15,,,0,115,,2560,15,,,0,119,,2561,15,,,0,107,,2562,15,,,0,110,,2563,15,,,0,145,,2567,15,,,0,105,,2566,15,,,0,105,,2565,15,,,0,105,,2564,15,,,0,104,,2568,15,,,0
1200,'EventOn',701,,2569,15,,,0,116,,2570,15,,,0,110,,2571,15,,,0,110,,2572,15,,,0,110,,2573,15,,,0,110,,2574,15,,,0,149,,2575,15,,,0,115,,2576,15,,,0,81,,2585,4,,,0,38,,2577,15,,,0,107,,2578,15,,,0,110,,2579,15,,,0,145,,2583,15,,,0,105,,2582,15,,,0,105,,2581,15,,,0,105,,2580,15,,,0,104,,2584,15,,,0
1200,'KerOffPriveOff',701,,2586,15,,,0,116,,2587,15,,,0,110,,2588,15,,,0,110,,2589,15,,,0,110,,2590,15,,,0,110,,2591,15,,,0,149,,2592,15,,,0,115,,2593,15,,,0,119,,2594,15,,,0,107,,2595,15,,,0,110,,2596,15,,,0,145,,2600,15,,,0,105,,2599,15,,,0,105,,2598,15,,,0,105,,2597,15,,,0,104,,2601,15,,,0
1200,'Samedi',656,,2602,15,,,0,145,,2603,15,,,0,105,,2604,15,,,0,106,,2605,15,,,0,105,,2606,15,,,0,105,,2607,15,,,0,106,,2608,15,,,0,105,,2609,15,,,0,105,,2610,15,,,0,104,,2611,15,,,0,104,,2612,15,,,0,105,,2613,15,,,0,105,,2614,15,,,0,145,,2615,15,,,0,105,,2616,15,,,0,105,,2617,15,,,0,105,,2618,15,,,0
1701,'CsRoyOff',618,,3441,4,,,0,32,,3442,4,,,0,80,,3443,4,,,0,75,,3444,4,,,0,36,,3445,4,,,0,74,,3446,4,,,0,35,,3447,4,,,0,75,,3448,4,,,0,76,,3449,4,,,0,35,,3450,4,,,0,75,,3451,4,,,0,35,,3452,4,,,0,75,,3453,4,,,0,35,,3454,4,,,0,75,,3455,4,,,0,80,,3456,4,,,0,38,,3457,4,,,0,77,,3458,4,,,0,75,,3459,4,,,0,33,,3460,4,,,0,76,,3461,4,,,0
1701,'CsRoyOffKerOff',618,,3462,4,,,0,32,,3463,4,,,0,80,,3464,4,,,0,75,,3465,4,,,0,36,,3466,4,,,0,74,,3467,4,,,0,35,,3468,4,,,0,75,,3469,4,,,0,76,,3470,4,,,0,35,,3471,4,,,0,75,,3472,4,,,0,35,,3473,4,,,0,75,,3474,4,,,0,35,,3475,4,,,0,75,,3476,4,,,0,80,,3477,4,,,0,38,,3478,4,,,0,77,,3479,4,,,0,75,,3480,4,,,0,33,,3481,4,,,0,76,,3482,4,,,0
1701,'EventOff',618,,3483,4,,,0,32,,3484,4,,,0,80,,3485,4,,,0,75,,3486,4,,,0,36,,3487,4,,,0,74,,3488,4,,,0,35,,3489,4,,,0,75,,3490,4,,,0,76,,3491,4,,,0,35,,3492,4,,,0,75,,3493,4,,,0,35,,3494,4,,,0,75,,3495,4,,,0,35,,3496,4,,,0,75,,3497,4,,,0,80,,3498,4,,,0,38,,3499,4,,,0,77,,3500,4,,,0,75,,3501,4,,,0,33,,3502,4,,,0,76,,3503,4,,,0
1701,'EventOn',618,,3504,4,,,0,32,,3505,4,,,0,80,,3506,4,,,0,75,,3507,4,,,0,36,,3508,4,,,0,74,,3509,4,,,0,35,,3510,4,,,0,75,,3511,4,,,0,76,,3512,4,,,0,35,,3513,4,,,0,75,,3514,4,,,0,35,,3515,4,,,0,75,,3516,4,,,0,35,,3517,4,,,0,75,,3518,4,,,0,80,,3519,4,,,0,38,,3520,4,,,0,77,,3521,4,,,0,75,,3522,4,,,0,33,,3523,4,,,0,76,,3524,4,,,0
1701,'KerOffPriveOff',618,,3525,4,,,0,32,,3526,4,,,0,80,,3527,4,,,0,75,,3528,4,,,0,36,,3529,4,,,0,74,,3530,4,,,0,35,,3531,4,,,0,75,,3532,4,,,0,76,,3533,4,,,0,35,,3534,4,,,0,75,,3535,4,,,0,35,,3536,4,,,0,75,,3537,4,,,0,35,,3538,4,,,0,75,,3539,4,,,0,80,,3540,4,,,0,38,,3541,4,,,0,77,,3542,4,,,0,75,,3543,4,,,0,33,,3544,4,,,0,76,,3545,4,,,0
