1301,'CsRoyOff',626,,2899,25,,,0,80,,2905,25,,,0,32,,2894,25,,,0,81,,2910,25,,,0,34,,2900,25,,,0,74,,2906,25,,,0,74,,2895,25,,,0,35,,2911,25,,,0,77,,2901,25,,,0,34,,2907,25,,,0,75,,2896,25,,,0,35,,2912,25,,,0,74,,2902,25,,,0,75,,2908,25,,,0,38,,2897,25,,,0,79,,2913,25,,,0,27,,2920,27,0,7 8,0,50,,2903,25,,,0,38,,2909,25,,,0,77,,2898,25,,,0,35,,2914,25,,,0,74,,2904,25,,,0,107,,2915,25,,,0,104,,2919,25,,,0,105,,2918,25,,,0,105,,2917,25,,,0,105,,2916,25,,,0
1301,'CsRoyOffKerOff',626,,2926,25,,,0,80,,2932,25,,,0,32,,2921,25,,,0,81,,2937,25,,,0,34,,2927,25,,,0,74,,2933,25,,,0,74,,2922,25,,,0,35,,2938,25,,,0,77,,2928,25,,,0,34,,2934,25,,,0,75,,2923,25,,,0,35,,2939,25,,,0,74,,2929,25,,,0,75,,2935,25,,,0,38,,2924,25,,,0,79,,2940,25,,,0,77,,2930,25,,,0,38,,2936,25,,,0,77,,2925,25,,,0,35,,2941,25,,,0,74,,2931,25,,,0,107,,2942,25,,,0,104,,2946,25,,,0,105,,2945,25,,,0,105,,2944,25,,,0,105,,2943,25,,,0
1301,'Dimanche',853,,2948,25,,,0,105,,2949,25,,,0,146,,2950,25,,,0,106,,2953,25,,,0,105,,2952,25,,,0,105,,2954,25,,,0,104,,2955,25,,,0,105,,2956,25,,,0,105,,2951,25,,,0,105,,2947,25,,,0
1301,'EventOff',626,,2962,25,,,0,80,,2968,25,,,0,32,,2957,25,,,0,81,,2973,25,,,0,34,,2963,25,,,0,74,,2969,25,,,0,74,,2958,25,,,0,35,,2974,25,,,0,77,,2964,25,,,0,34,,2970,25,,,0,75,,2959,25,,,0,35,,2975,25,,,0,74,,2965,25,,,0,75,,2971,25,,,0,38,,2960,25,,,0,79,,2976,25,,,0,77,,2966,25,,,0,38,,2972,25,,,0,77,,2961,25,,,0,35,,2977,25,,,0,74,,2967,25,,,0,107,,2978,25,,,0,104,,2982,25,,,0,105,,2981,25,,,0,105,,2980,25,,,0,105,,2979,25,,,0
1301,'EventOn',626,,2988,25,,,0,80,,2994,25,,,0,32,,2983,25,,,0,81,,2999,25,,,0,34,,2989,25,,,0,74,,2995,25,,,0,74,,2984,25,,,0,35,,3000,25,,,0,77,,2990,25,,,0,34,,2996,25,,,0,75,,2985,25,,,0,35,,3001,25,,,0,74,,2991,25,,,0,75,,2997,25,,,0,38,,2986,25,,,0,79,,3002,25,,,0,27,,3011,27,0,7 8,0,50,,2992,25,,,0,38,,2998,25,,,0,77,,2987,25,,,0,35,,3003,25,,,0,74,,2993,25,,,0,107,,3004,25,,,0,104,,3008,25,,,0,105,,3007,25,,,0,105,,3006,25,,,0,105,,3005,25,,,0
1301,'KerOffPriveOff',626,,3017,25,,,0,80,,3023,25,,,0,32,,3012,25,,,0,81,,3028,25,,,0,34,,3018,25,,,0,74,,3024,25,,,0,74,,3013,25,,,0,35,,3029,25,,,0,77,,3019,25,,,0,34,,3025,25,,,0,75,,3014,25,,,0,35,,3030,25,,,0,74,,3020,25,,,0,75,,3026,25,,,0,38,,3015,25,,,0,79,,3031,25,,,0,77,,3021,25,,,0,38,,3027,25,,,0,77,,3016,25,,,0,35,,3032,25,,,0,74,,3022,25,,,0,107,,3033,25,,,0,104,,3037,25,,,0,105,,3036,25,,,0,105,,3035,25,,,0,105,,3034,25,,,0
1301,'Samedi',625,,3040,25,,,0,103,,3049,25,,,0,105,,3041,25,,,0,106,,3050,25,,,0,107,,3042,25,,,0,105,,3051,25,,,0,105,,3043,25,,,0,145,,3052,25,,,0,105,,3044,25,,,0,105,,3053,25,,,0,105,,3045,25,,,0,104,,3054,25,,,0,104,,3046,25,,,0,105,,3055,25,,,0,104,,3047,25,,,0,105,,3056,25,,,0,105,,3048,25,,,0
1600,'CsRoyOff',706,,3122,8,,,0,109,,3123,8,,,0,112,,3124,8,,,0,110,,3125,8,,,0,110,,3126,8,,,0,110,,3127,8,,,0,149,,3128,8,,,0,115,,3129,8,,,0,114,,3130,8,,,0,111,,3131,8,,,0,111,,3132,8,,,0,100,,3133,8,,,0,146,,3134,8,,,0,104,,3135,8,,,0,106,,3136,8,,,0,102,,3137,8,,,0
1600,'CsRoyOffKerOff',706,,3138,8,,,0,109,,3139,8,,,0,112,,3140,8,,,0,110,,3141,8,,,0,110,,3142,8,,,0,110,,3143,8,,,0,149,,3144,8,,,0,115,,3145,8,,,0,114,,3146,8,,,0,111,,3147,8,,,0,111,,3148,8,,,0,100,,3149,8,,,0,146,,3150,8,,,0,104,,3151,8,,,0,106,,3152,8,,,0,102,,3153,8,,,0
1600,'Dimanche',922,,3155,8,,,0,105,,3156,8,,,0,105,,3157,8,,,0,105,,3158,8,,,0,104,,3159,8,,,0,105,,3160,8,,,0,105,,3161,8,,,0,105,,3154,8,,,0,145,,3162,8,,,0,105,,3163,8,,,0
1600,'EventOff',706,,3164,8,,,0,109,,3165,8,,,0,112,,3166,8,,,0,110,,3167,8,,,0,110,,3168,8,,,0,110,,3169,8,,,0,149,,3170,8,,,0,115,,3171,8,,,0,114,,3172,8,,,0,111,,3173,8,,,0,111,,3174,8,,,0,100,,3175,8,,,0,146,,3176,8,,,0,104,,3177,8,,,0,106,,3178,8,,,0,102,,3179,8,,,0
1600,'EventOn',706,,3180,8,,,0,109,,3181,8,,,0,112,,3182,8,,,0,110,,3183,8,,,0,110,,3184,8,,,0,110,,3185,8,,,0,149,,3186,8,,,0,115,,3187,8,,,0,114,,3188,8,,,0,111,,3189,8,,,0,111,,3190,8,,,0,100,,3191,8,,,0,146,,3192,8,,,0,104,,3193,8,,,0,106,,3194,8,,,0,102,,3195,8,,,0
1600,'KerOffPriveOff',706,,3196,8,,,0,109,,3197,8,,,0,112,,3198,8,,,0,110,,3199,8,,,0,110,,3200,8,,,0,110,,3201,8,,,0,149,,3202,8,,,0,115,,3203,8,,,0,114,,3204,8,,,0,111,,3205,8,,,0,111,,3206,8,,,0,100,,3207,8,,,0,146,,3208,8,,,0,104,,3209,8,,,0,106,,3210,8,,,0,102,,3211,8,,,0
1600,'Samedi',651,,3227,8,,,0,105,,3228,8,,,0,145,,3212,8,,,0,105,,3213,8,,,0,105,,3214,8,,,0,105,,3215,8,,,0,105,,3216,8,,,0,105,,3217,8,,,0,105,,3218,8,,,0,105,,3219,8,,,0,105,,3221,8,,,0,105,,3222,8,,,0,105,,3223,8,,,0,105,,3224,8,,,0,145,,3225,8,,,0,105,,3226,8,,,0,105,,3220,8,,,0
2500,'CsRoyOff',628,,3548,18,,,0,75,,3546,18,,,0,40,,3549,18,,,0,69,,3574,9,0,6,0,6,,3547,18,,,0,36,,3550,18,,,0,74,,3551,18,,,0,75,,3552,18,,,0,35,,3553,18,,,0,75,,3554,18,,,0,35,,3555,18,,,0,75,,3556,18,,,0,35,,3557,18,,,0,75,,3558,18,,,0,75,,3559,18,,,0,35,,3560,18,,,0,81,,3561,18,,,0,78,,3562,18,,,0,36,,3563,18,,,0,75,,3564,18,,,0,35,,3565,18,,,0,75,,3566,18,,,0,35,,3567,18,,,0,145,,3568,18,,,0,105,,3569,18,,,0,105,,3570,18,,,0,105,,3571,18,,,0,105,,3572,18,,,0
2500,'CsRoyOffKerOff',628,,3579,18,,,0,75,,3577,18,,,0,40,,3580,18,,,0,75,,3578,18,,,0,36,,3581,18,,,0,74,,3582,18,,,0,75,,3583,18,,,0,35,,3584,18,,,0,75,,3585,18,,,0,35,,3586,18,,,0,75,,3587,18,,,0,35,,3588,18,,,0,75,,3589,18,,,0,75,,3590,18,,,0,35,,3591,18,,,0,81,,3592,18,,,0,78,,3593,18,,,0,36,,3594,18,,,0,75,,3595,18,,,0,35,,3596,18,,,0,75,,3597,18,,,0,35,,3598,18,,,0,145,,3599,18,,,0,105,,3600,18,,,0,105,,3601,18,,,0,105,,3602,18,,,0,105,,3603,18,,,0
2500,'Dimanche',928,,3610,18,,,0,105,,3611,18,,,0,105,,3612,18,,,0,105,,3613,18,,,0,105,,3614,18,,,0,105,,3615,18,,,0,105,,3616,18,,,0,145,,3608,18,,,0,105,,3609,18,,,0,105,,3607,18,,,0
2500,'EventOff',628,,3620,18,,,0,75,,3618,18,,,0,40,,3621,18,,,0,75,,3619,18,,,0,36,,3622,18,,,0,74,,3623,18,,,0,75,,3624,18,,,0,35,,3625,18,,,0,75,,3626,18,,,0,35,,3627,18,,,0,75,,3628,18,,,0,35,,3629,18,,,0,75,,3630,18,,,0,75,,3631,18,,,0,35,,3632,18,,,0,81,,3633,18,,,0,78,,3634,18,,,0,36,,3635,18,,,0,75,,3636,18,,,0,35,,3637,18,,,0,75,,3638,18,,,0,35,,3639,18,,,0,145,,3640,18,,,0,105,,3641,18,,,0,105,,3642,18,,,0,105,,3643,18,,,0,105,,3644,18,,,0
2500,'EventOn',628,,3648,18,,,0,75,,3646,18,,,0,40,,3649,18,,,0,69,,3675,9,0,6,0,6,,3647,18,,,0,36,,3650,18,,,0,74,,3651,18,,,0,75,,3652,18,,,0,35,,3653,18,,,0,75,,3654,18,,,0,35,,3655,18,,,0,75,,3656,18,,,0,35,,3657,18,,,0,75,,3658,18,,,0,75,,3659,18,,,0,35,,3660,18,,,0,81,,3661,18,,,0,26,,3678,9,,,0,52,,3662,18,,,0,36,,3663,18,,,0,75,,3664,18,,,0,35,,3665,18,,,0,75,,3666,18,,,0,35,,3667,18,,,0,145,,3668,18,,,0,105,,3669,18,,,0,105,,3670,18,,,0,105,,3671,18,,,0,105,,3672,18,,,0
2500,'KerOffPriveOff',628,,3683,18,,,0,75,,3681,18,,,0,40,,3684,18,,,0,75,,3682,18,,,0,36,,3685,18,,,0,74,,3686,18,,,0,75,,3687,18,,,0,35,,3688,18,,,0,75,,3689,18,,,0,35,,3690,18,,,0,75,,3691,18,,,0,35,,3692,18,,,0,75,,3693,18,,,0,75,,3694,18,,,0,35,,3695,18,,,0,81,,3696,18,,,0,26,,3711,9,,,0,52,,3697,18,,,0,36,,3698,18,,,0,75,,3699,18,,,0,35,,3700,18,,,0,75,,3701,18,,,0,35,,3702,18,,,0,145,,3703,18,,,0,105,,3704,18,,,0,105,,3705,18,,,0,105,,3706,18,,,0,105,,3707,18,,,0
2500,'Samedi',658,,3713,18,,,0,145,,3719,18,,,0,105,,3726,18,,,0,105,,3714,18,,,0,105,,3720,18,,,0,105,,3727,18,,,0,105,,3715,18,,,0,105,,3721,18,,,0,105,,3728,18,,,0,105,,3716,18,,,0,105,,3722,18,,,0,105,,3729,18,,,0,105,,3717,18,,,0,145,,3723,18,,,0,105,,3730,18,,,0,105,,3718,18,,,0,105,,3724,18,,,0
