1300,'CsRoyOff',624,,2737,16,,,0,35,,2726,16,,,0,83,,2743,16,,,0,74,,2732,16,,,0,34,,2738,16,,,0,74,,2727,16,,,0,35,,2744,16,,,0,75,,2733,16,,,0,76,,2739,16,,,0,35,,2728,16,,,0,75,,2745,16,,,0,34,,2734,16,,,0,75,,2740,16,,,0,75,,2729,16,,,0,35,,2746,16,,,0,80,,2735,16,,,0,38,,2741,16,,,0,77,,2730,16,,,0,75,,2747,16,,,0,34,,2736,16,,,0,75,,2742,16,,,0,35,,2731,16,,,0,105,,2752,16,,,0,145,,2751,16,,,0,105,,2750,16,,,0,105,,2749,16,,,0,105,,2748,16,,,0
1300,'CsRoyOffKerOff',624,,2764,16,,,0,35,,2753,16,,,0,83,,2770,16,,,0,74,,2759,16,,,0,34,,2765,16,,,0,74,,2754,16,,,0,35,,2771,16,,,0,75,,2760,16,,,0,76,,2766,16,,,0,35,,2755,16,,,0,75,,2772,16,,,0,34,,2761,16,,,0,75,,2767,16,,,0,75,,2756,16,,,0,35,,2773,16,,,0,80,,2762,16,,,0,38,,2768,16,,,0,77,,2757,16,,,0,75,,2774,16,,,0,34,,2763,16,,,0,75,,2769,16,,,0,35,,2758,16,,,0,105,,2779,16,,,0,145,,2778,16,,,0,105,,2777,16,,,0,105,,2776,16,,,0,105,,2775,16,,,0
1300,'Dimanche',923,,2783,16,,,0,105,,2784,16,,,0,105,,2785,16,,,0,105,,2786,16,,,0,105,,2787,16,,,0,105,,2788,16,,,0,105,,2789,16,,,0,105,,2782,16,,,0,145,,2780,16,,,0,105,,2781,16,,,0
1300,'EventOff',624,,2801,16,,,0,35,,2790,16,,,0,83,,2807,16,,,0,74,,2796,16,,,0,34,,2802,16,,,0,74,,2791,16,,,0,35,,2808,16,,,0,75,,2797,16,,,0,76,,2803,16,,,0,35,,2792,16,,,0,75,,2809,16,,,0,34,,2798,16,,,0,75,,2804,16,,,0,75,,2793,16,,,0,35,,2810,16,,,0,80,,2799,16,,,0,38,,2805,16,,,0,77,,2794,16,,,0,75,,2811,16,,,0,34,,2800,16,,,0,75,,2806,16,,,0,35,,2795,16,,,0,105,,2816,16,,,0,145,,2815,16,,,0,105,,2814,16,,,0,105,,2813,16,,,0,105,,2812,16,,,0
1300,'EventOn',624,,2828,16,,,0,35,,2817,16,,,0,83,,2834,16,,,0,74,,2823,16,,,0,34,,2829,16,,,0,74,,2818,16,,,0,35,,2835,16,,,0,75,,2824,16,,,0,76,,2830,16,,,0,35,,2819,16,,,0,75,,2836,16,,,0,34,,2825,16,,,0,75,,2831,16,,,0,75,,2820,16,,,0,35,,2837,16,,,0,80,,2826,16,,,0,38,,2832,16,,,0,52,,2846,16,,,0,25,,2821,16,,,0,75,,2838,16,,,0,34,,2827,16,,,0,75,,2833,16,,,0,35,,2822,16,,,0,105,,2843,16,,,0,145,,2842,16,,,0,105,,2841,16,,,0,105,,2840,16,,,0,105,,2839,16,,,0
1300,'KerOffPriveOff',624,,2858,16,,,0,35,,2847,16,,,0,83,,2864,16,,,0,74,,2853,16,,,0,34,,2859,16,,,0,74,,2848,16,,,0,35,,2865,16,,,0,75,,2854,16,,,0,76,,2860,16,,,0,35,,2849,16,,,0,75,,2866,16,,,0,34,,2855,16,,,0,75,,2861,16,,,0,75,,2850,16,,,0,35,,2867,16,,,0,80,,2856,16,,,0,38,,2862,16,,,0,52,,2876,16,,,0,25,,2851,16,,,0,75,,2868,16,,,0,34,,2857,16,,,0,75,,2863,16,,,0,35,,2852,16,,,0,105,,2873,16,,,0,145,,2872,16,,,0,105,,2871,16,,,0,105,,2870,16,,,0,105,,2869,16,,,0
1300,'Samedi',653,,2885,16,,,0,105,,2877,16,,,0,145,,2886,16,,,0,106,,2878,16,,,0,105,,2887,16,,,0,105,,2879,16,,,0,105,,2888,16,,,0,105,,2880,16,,,0,105,,2889,16,,,0,105,,2881,16,,,0,105,,2890,16,,,0,105,,2882,16,,,0,105,,2891,16,,,0,105,,2883,16,,,0,145,,2892,16,,,0,105,,2884,16,,,0,104,,2893,16,,,0
2500,'CsRoyOff',621,,3548,9,,,0,35,,3546,9,,,0,80,,3549,9,,,0,75,,3547,9,,,0,36,,3550,9,,,0,74,,3551,9,,,0,35,,3552,9,,,0,75,,3553,9,,,0,75,,3554,9,,,0,35,,3555,9,,,0,75,,3556,9,,,0,35,,3557,9,,,0,75,,3558,9,,,0,75,,3559,9,,,0,35,,3560,9,,,0,80,,3561,9,,,0,38,,3562,9,,,0,77,,3563,9,,,0,75,,3564,9,,,0,35,,3565,9,,,0,75,,3566,9,,,0,35,,3567,9,,,0,105,,3568,9,,,0,145,,3569,9,,,0,105,,3570,9,,,0,105,,3571,9,,,0,105,,3572,9,,,0
2500,'CsRoyOffKerOff',621,,3579,9,,,0,35,,3577,9,,,0,80,,3580,9,,,0,75,,3578,9,,,0,36,,3581,9,,,0,74,,3582,9,,,0,35,,3583,9,,,0,75,,3584,9,,,0,75,,3585,9,,,0,35,,3586,9,,,0,75,,3587,9,,,0,35,,3588,9,,,0,75,,3589,9,,,0,75,,3590,9,,,0,35,,3591,9,,,0,80,,3592,9,,,0,38,,3593,9,,,0,77,,3594,9,,,0,75,,3595,9,,,0,35,,3596,9,,,0,75,,3597,9,,,0,35,,3598,9,,,0,105,,3599,9,,,0,145,,3600,9,,,0,105,,3601,9,,,0,105,,3602,9,,,0,105,,3603,9,,,0
2500,'Dimanche',921,,3610,9,,,0,105,,3611,9,,,0,105,,3612,9,,,0,105,,3613,9,,,0,105,,3614,9,,,0,105,,3615,9,,,0,105,,3616,9,,,0,105,,3608,9,,,0,145,,3609,9,,,0,105,,3607,9,,,0
2500,'EventOff',621,,3620,9,,,0,35,,3618,9,,,0,80,,3621,9,,,0,75,,3619,9,,,0,36,,3622,9,,,0,74,,3623,9,,,0,35,,3624,9,,,0,75,,3625,9,,,0,75,,3626,9,,,0,35,,3627,9,,,0,75,,3628,9,,,0,35,,3629,9,,,0,75,,3630,9,,,0,75,,3631,9,,,0,35,,3632,9,,,0,80,,3633,9,,,0,38,,3634,9,,,0,77,,3635,9,,,0,75,,3636,9,,,0,35,,3637,9,,,0,75,,3638,9,,,0,35,,3639,9,,,0,105,,3640,9,,,0,145,,3641,9,,,0,105,,3642,9,,,0,105,,3643,9,,,0,105,,3644,9,,,0
2500,'EventOn',621,,3648,9,,,0,35,,3646,9,,,0,80,,3649,9,,,0,75,,3647,9,,,0,36,,3650,9,,,0,74,,3651,9,,,0,35,,3652,9,,,0,75,,3653,9,,,0,75,,3654,9,,,0,35,,3655,9,,,0,75,,3656,9,,,0,35,,3657,9,,,0,75,,3658,9,,,0,75,,3659,9,,,0,35,,3660,9,,,0,80,,3661,9,,,0,38,,3662,9,,,0,77,,3663,9,,,0,75,,3664,9,,,0,35,,3665,9,,,0,75,,3666,9,,,0,35,,3667,9,,,0,105,,3668,9,,,0,145,,3669,9,,,0,105,,3670,9,,,0,105,,3671,9,,,0,105,,3672,9,,,0
2500,'KerOffPriveOff',621,,3683,9,,,0,35,,3681,9,,,0,80,,3684,9,,,0,75,,3682,9,,,0,36,,3685,9,,,0,74,,3686,9,,,0,35,,3687,9,,,0,75,,3688,9,,,0,75,,3689,9,,,0,35,,3690,9,,,0,75,,3691,9,,,0,35,,3692,9,,,0,75,,3693,9,,,0,75,,3694,9,,,0,35,,3695,9,,,0,80,,3696,9,,,0,38,,3697,9,,,0,77,,3698,9,,,0,75,,3699,9,,,0,35,,3700,9,,,0,75,,3701,9,,,0,35,,3702,9,,,0,105,,3703,9,,,0,145,,3704,9,,,0,105,,3705,9,,,0,105,,3706,9,,,0,105,,3707,9,,,0
2500,'Samedi',651,,3713,9,,,0,105,,3719,9,,,0,145,,3726,9,,,0,105,,3714,9,,,0,105,,3720,9,,,0,105,,3727,9,,,0,105,,3715,9,,,0,105,,3721,9,,,0,105,,3728,9,,,0,105,,3716,9,,,0,105,,3722,9,,,0,105,,3729,9,,,0,105,,3717,9,,,0,105,,3723,9,,,0,145,,3730,9,,,0,105,,3718,9,,,0,105,,3724,9,,,0
