901,'CsRoyOff',614,,1744,12,,,0,24,,1758,12,,,0,68,,1762,13,0,5,0,6,,1763,13,0,6,0,3,,1745,12,,,0,39,,1757,12,,,0,74,,1746,12,,,0,76,,1759,12,,,0,35,,1747,12,,,0,110,,1748,12,,,0,151,,1749,12,,,0,109,,1750,12,,,0,111,,1751,12,,,0,36,,1756,12,,,0,76,,1752,12,,,0,79,,1755,12,,,0,37,,1753,12,,,0,77,,1760,12,,,0,75,,1754,12,,,0,110,,1761,12,,,0
901,'CsRoyOffKerOff',614,,1764,12,,,0,24,,1778,12,,,0,68,,1782,13,0,5,0,9,,1765,12,,,0,39,,1777,12,,,0,74,,1766,12,,,0,76,,1779,12,,,0,35,,1767,12,,,0,110,,1768,12,,,0,151,,1769,12,,,0,109,,1770,12,,,0,111,,1771,12,,,0,36,,1776,12,,,0,76,,1772,12,,,0,79,,1775,12,,,0,37,,1773,12,,,0,77,,1780,12,,,0,75,,1774,12,,,0,110,,1781,12,,,0
901,'EventOff',614,,1783,12,,,0,24,,1797,12,,,0,77,,1784,12,,,0,39,,1796,12,,,0,74,,1785,12,,,0,76,,1798,12,,,0,35,,1786,12,,,0,110,,1787,12,,,0,151,,1788,12,,,0,109,,1789,12,,,0,111,,1790,12,,,0,36,,1795,12,,,0,76,,1791,12,,,0,79,,1794,12,,,0,37,,1792,12,,,0,77,,1799,12,,,0,75,,1793,12,,,0,110,,1800,12,,,0
901,'EventOn',614,,1801,12,,,0,24,,1815,12,,,0,68,,1819,13,0,5,0,6,,1820,13,0,6,0,3,,1802,12,,,0,39,,1814,12,,,0,74,,1803,12,,,0,76,,1816,12,,,0,35,,1804,12,,,0,110,,1805,12,,,0,151,,1806,12,,,0,109,,1807,12,,,0,111,,1808,12,,,0,36,,1813,12,,,0,76,,1809,12,,,0,79,,1812,12,,,0,37,,1810,12,,,0,77,,1817,12,,,0,75,,1811,12,,,0,110,,1818,12,,,0
901,'KerOffPriveOff',614,,1821,12,,,0,24,,1835,12,,,0,77,,1822,12,,,0,39,,1834,12,,,0,74,,1823,12,,,0,76,,1836,12,,,0,35,,1824,12,,,0,110,,1825,12,,,0,151,,1826,12,,,0,109,,1827,12,,,0,111,,1828,12,,,0,36,,1833,12,,,0,76,,1829,12,,,0,79,,1832,12,,,0,37,,1830,12,,,0,77,,1837,12,,,0,75,,1831,12,,,0,110,,1838,12,,,0
8901,'CsRoyOff',2015,,4880,12,,,0,105,,4879,12,,,0,105,,4878,12,,,0,105,,4877,12,,,0
8901,'CsRoyOffKerOff',2015,,4884,12,,,0,105,,4883,12,,,0,105,,4882,12,,,0,105,,4881,12,,,0
8901,'Dimanche',833,,4886,12,,,0,105,,4888,12,,,0,106,,4890,12,,,0,105,,4891,12,,,0,105,,4892,12,,,0,105,,4893,12,,,0,145,,4894,12,,,0,105,,4895,12,,,0,105,,4885,12,,,0,104,,4889,12,,,0,101,,4887,12,,,0
8901,'EventOff',2015,,4899,12,,,0,105,,4898,12,,,0,105,,4897,12,,,0,105,,4896,12,,,0
8901,'EventOn',2015,,4903,12,,,0,105,,4902,12,,,0,105,,4901,12,,,0,105,,4900,12,,,0
8901,'KerOffPriveOff',2015,,4907,12,,,0,105,,4906,12,,,0,105,,4905,12,,,0,105,,4904,12,,,0
8901,'Samedi',708,,4916,12,,,0,105,,4908,12,,,0,106,,4917,12,,,0,105,,4909,12,,,0,105,,4918,12,,,0,105,,4910,12,,,0,104,,4919,12,,,0,105,,4911,12,,,0,105,,4920,12,,,0,106,,4912,12,,,0,104,,4921,12,,,0,145,,4913,12,,,0,105,,4922,12,,,0,105,,4914,12,,,0,105,,4923,12,,,0,105,,4915,12,,,0
