6000,'CsRoyOff',628,,4484,15,,,0,82,,4474,15,,,0,31,,4485,15,,,0,80,,4475,15,,,0,35,,4486,15,,,0,74,,4476,15,,,0,76,,4487,15,,,0,34,,4477,15,,,0,75,,4488,15,,,0,34,,4478,15,,,0,76,,4489,15,,,0,75,,4479,15,,,0,28,,4490,15,,,0,77,,4501,15,,,0,25,,4480,15,,,0,80,,4491,15,,,0,38,,4481,15,,,0,78,,4492,15,,,0,74,,4482,15,,,0,36,,4493,15,,,0,75,,4483,15,,,0,35,,4494,15,,,0,78,,4495,15,,,0,105,,4500,15,,,0,105,,4499,15,,,0,105,,4498,15,,,0,105,,4496,15,,,0,101,,4497,15,0,14 15,0
6000,'CsRoyOffKerOff',628,,4513,15,,,0,82,,4503,15,,,0,31,,4514,15,,,0,80,,4504,15,,,0,35,,4515,15,,,0,74,,4505,15,,,0,76,,4516,15,,,0,34,,4506,15,,,0,75,,4517,15,,,0,34,,4507,15,,,0,76,,4518,15,,,0,75,,4508,15,,,0,28,,4519,15,,,0,77,,4530,15,,,0,25,,4509,15,,,0,80,,4520,15,,,0,38,,4510,15,,,0,78,,4521,15,,,0,74,,4511,15,,,0,36,,4522,15,,,0,75,,4512,15,,,0,35,,4523,15,,,0,78,,4524,15,,,0,105,,4529,15,,,0,105,,4528,15,,,0,105,,4527,15,,,0,105,,4525,15,,,0,101,,4526,15,0,14 15,0
6000,'Dimanche',851,,4531,15,,,0,105,,4532,15,,,0,144,,4534,15,,,0,106,,4536,15,,,0,104,,4537,15,,,0,105,,4538,15,,,0,105,,4539,15,,,0,104,,4540,15,,,0,106,,4535,15,,,0,105,,4533,15,,,0
6000,'EventOff',628,,4552,15,,,0,82,,4542,15,,,0,31,,4553,15,,,0,80,,4543,15,,,0,35,,4554,15,,,0,74,,4544,15,,,0,76,,4555,15,,,0,34,,4545,15,,,0,75,,4556,15,,,0,34,,4546,15,,,0,76,,4557,15,,,0,75,,4547,15,,,0,28,,4558,15,,,0,77,,4569,15,,,0,25,,4548,15,,,0,80,,4559,15,,,0,38,,4549,15,,,0,78,,4560,15,,,0,74,,4550,15,,,0,36,,4561,15,,,0,75,,4551,15,,,0,35,,4562,15,,,0,78,,4563,15,,,0,105,,4568,15,,,0,105,,4567,15,,,0,105,,4566,15,,,0,105,,4564,15,,,0,101,,4565,15,0,14 15,0
6000,'EventOn',628,,4581,15,,,0,82,,4571,15,,,0,31,,4582,15,,,0,80,,4572,15,,,0,35,,4583,15,,,0,74,,4573,15,,,0,76,,4584,15,,,0,34,,4574,15,,,0,75,,4585,15,,,0,34,,4575,15,,,0,76,,4586,15,,,0,75,,4576,15,,,0,28,,4587,15,,,0,77,,4598,15,,,0,25,,4577,15,,,0,80,,4588,15,,,0,38,,4578,15,,,0,78,,4589,15,,,0,74,,4579,15,,,0,36,,4590,15,,,0,75,,4580,15,,,0,35,,4591,15,,,0,78,,4592,15,,,0,105,,4597,15,,,0,105,,4596,15,,,0,105,,4595,15,,,0,105,,4593,15,,,0,101,,4594,15,0,14 15,0
6000,'KerOffPriveOff',628,,4613,15,,,0,82,,4603,15,,,0,31,,4614,15,,,0,80,,4604,15,,,0,35,,4615,15,,,0,74,,4605,15,,,0,76,,4616,15,,,0,34,,4606,15,,,0,75,,4617,15,,,0,34,,4607,15,,,0,76,,4618,15,,,0,75,,4608,15,,,0,28,,4619,15,,,0,77,,4630,15,,,0,25,,4609,15,,,0,80,,4620,15,,,0,38,,4610,15,,,0,78,,4621,15,,,0,74,,4611,15,,,0,36,,4622,15,,,0,75,,4612,15,,,0,35,,4623,15,,,0,78,,4624,15,,,0,105,,4629,15,,,0,105,,4628,15,,,0,105,,4627,15,,,0,105,,4625,15,,,0,101,,4626,15,0,14 15,0
6000,'Samedi',621,,4639,15,,,0,104,,4645,15,,,0,105,,4634,15,,,0,105,,4640,15,,,0,106,,4646,15,,,0,104,,4635,15,,,0,105,,4641,15,,,0,106,,4647,15,,,0,145,,4636,15,,,0,105,,4642,15,,,0,104,,4648,15,,,0,105,,4637,15,,,0,105,,4643,15,,,0,105,,4649,15,,,0,105,,4638,15,,,0,105,,4644,15,,,0,105,,4650,15,,,0,100,,4651,15,0,14 15,0
111800500,'CsRoyOff',1550,,4937,13,,,0
111800500,'CsRoyOffKerOff',1550,,4938,13,,,0
111800500,'EventOn',1550,,4940,13,,,0
