801,'CsRoyOff',621,,1503,20,,,0,80,,1492,20,,,0,36,,1504,20,,,0,81,,1493,20,,,0,33,,1505,20,,,0,74,,1494,20,,,0,75,,1506,20,,,0,35,,1495,20,,,0,75,,1507,20,,,0,36,,1496,20,,,0,75,,1508,20,,,0,35,,1497,20,,,0,75,,1509,20,,,0,75,,1498,20,,,0,35,,1510,20,,,0,79,,1499,20,,,0,37,,1511,20,,,0,78,,1500,20,,,0,78,,1512,20,,,0,33,,1501,20,,,0,74,,1513,20,,,0,34,,1502,20,,,0,74,,1514,20,,,0,106,,1518,20,,,0,105,,1517,20,,,0,105,,1515,20,,,0,105,,1516,20,,,0
801,'CsRoyOffKerOff',621,,1530,20,,,0,80,,1519,20,,,0,36,,1531,20,,,0,81,,1520,20,,,0,33,,1532,20,,,0,74,,1521,20,,,0,75,,1533,20,,,0,35,,1522,20,,,0,75,,1534,20,,,0,36,,1523,20,,,0,75,,1535,20,,,0,35,,1524,20,,,0,75,,1536,20,,,0,75,,1525,20,,,0,35,,1537,20,,,0,79,,1526,20,,,0,37,,1538,20,,,0,78,,1527,20,,,0,78,,1539,20,,,0,33,,1528,20,,,0,74,,1540,20,,,0,34,,1529,20,,,0,74,,1541,20,,,0,106,,1545,20,,,0,105,,1544,20,,,0,105,,1542,20,,,0,105,,1543,20,,,0
801,'Dimanche',853,,1547,20,,,0,105,,1548,20,,,0,145,,1549,20,,,0,105,,1552,20,,,0,105,,1551,20,,,0,105,,1553,20,,,0,104,,1554,20,,,0,105,,1555,20,,,0,105,,1550,20,,,0,105,,1546,20,,,0
801,'EventOff',621,,1567,20,,,0,80,,1556,20,,,0,36,,1568,20,,,0,81,,1557,20,,,0,33,,1569,20,,,0,74,,1558,20,,,0,75,,1570,20,,,0,35,,1559,20,,,0,75,,1571,20,,,0,36,,1560,20,,,0,75,,1572,20,,,0,35,,1561,20,,,0,75,,1573,20,,,0,75,,1562,20,,,0,35,,1574,20,,,0,79,,1563,20,,,0,37,,1575,20,,,0,78,,1564,20,,,0,78,,1576,20,,,0,33,,1565,20,,,0,74,,1577,20,,,0,34,,1566,20,,,0,74,,1578,20,,,0,106,,1582,20,,,0,105,,1581,20,,,0,105,,1579,20,,,0,105,,1580,20,,,0
801,'EventOn',621,,1594,20,,,0,80,,1583,20,,,0,36,,1595,20,,,0,81,,1584,20,,,0,33,,1596,20,,,0,74,,1585,20,,,0,75,,1597,20,,,0,35,,1586,20,,,0,75,,1598,20,,,0,36,,1587,20,,,0,75,,1599,20,,,0,35,,1588,20,,,0,75,,1600,20,,,0,75,,1589,20,,,0,35,,1601,20,,,0,79,,1590,20,,,0,37,,1602,20,,,0,78,,1591,20,,,0,78,,1603,20,,,0,33,,1592,20,,,0,74,,1604,20,,,0,34,,1593,20,,,0,74,,1605,20,,,0,106,,1609,20,,,0,105,,1608,20,,,0,105,,1606,20,,,0,105,,1607,20,,,0
801,'KerOffPriveOff',621,,1621,20,,,0,80,,1610,20,,,0,36,,1622,20,,,0,81,,1611,20,,,0,33,,1623,20,,,0,74,,1612,20,,,0,75,,1624,20,,,0,35,,1613,20,,,0,75,,1625,20,,,0,36,,1614,20,,,0,75,,1626,20,,,0,35,,1615,20,,,0,75,,1627,20,,,0,75,,1616,20,,,0,35,,1628,20,,,0,79,,1617,20,,,0,37,,1629,20,,,0,78,,1618,20,,,0,78,,1630,20,,,0,33,,1619,20,,,0,74,,1631,20,,,0,34,,1620,20,,,0,74,,1632,20,,,0,106,,1636,20,,,0,105,,1635,20,,,0,105,,1633,20,,,0,105,,1634,20,,,0
801,'Samedi',621,,1637,20,,,0,105,,1638,20,,,0,106,,1639,20,,,0,106,,1640,20,,,0,106,,1641,20,,,0,105,,1642,20,,,0,105,,1643,20,,,0,105,,1644,20,,,0,144,,1645,20,,,0,105,,1646,20,,,0,105,,1647,20,,,0,105,,1648,20,,,0,105,,1649,20,,,0,105,,1650,20,,,0,105,,1651,20,,,0,104,,1652,20,,,0,104,,1653,20,,,0
1701,'CsRoyOff',625,,3441,12,,,0,32,,3442,12,,,0,81,,3443,12,,,0,75,,3444,12,,,0,35,,3445,12,,,0,74,,3446,12,,,0,35,,3447,12,,,0,75,,3448,12,,,0,76,,3449,12,,,0,35,,3450,12,,,0,75,,3451,12,,,0,35,,3452,12,,,0,75,,3453,12,,,0,75,,3454,12,,,0,35,,3455,12,,,0,80,,3456,12,,,0,39,,3457,12,,,0,77,,3458,12,,,0,75,,3459,12,,,0,33,,3460,12,,,0,75,,3461,12,,,0
1701,'CsRoyOffKerOff',625,,3462,12,,,0,32,,3463,12,,,0,81,,3464,12,,,0,75,,3465,12,,,0,35,,3466,12,,,0,74,,3467,12,,,0,35,,3468,12,,,0,75,,3469,12,,,0,76,,3470,12,,,0,35,,3471,12,,,0,75,,3472,12,,,0,35,,3473,12,,,0,75,,3474,12,,,0,75,,3475,12,,,0,35,,3476,12,,,0,80,,3477,12,,,0,39,,3478,12,,,0,77,,3479,12,,,0,75,,3480,12,,,0,33,,3481,12,,,0,75,,3482,12,,,0
1701,'EventOff',625,,3483,12,,,0,32,,3484,12,,,0,81,,3485,12,,,0,75,,3486,12,,,0,35,,3487,12,,,0,74,,3488,12,,,0,35,,3489,12,,,0,75,,3490,12,,,0,76,,3491,12,,,0,35,,3492,12,,,0,75,,3493,12,,,0,35,,3494,12,,,0,75,,3495,12,,,0,75,,3496,12,,,0,35,,3497,12,,,0,80,,3498,12,,,0,39,,3499,12,,,0,77,,3500,12,,,0,75,,3501,12,,,0,33,,3502,12,,,0,75,,3503,12,,,0
1701,'EventOn',625,,3504,12,,,0,32,,3505,12,,,0,81,,3506,12,,,0,75,,3507,12,,,0,35,,3508,12,,,0,74,,3509,12,,,0,35,,3510,12,,,0,75,,3511,12,,,0,76,,3512,12,,,0,35,,3513,12,,,0,75,,3514,12,,,0,35,,3515,12,,,0,75,,3516,12,,,0,75,,3517,12,,,0,35,,3518,12,,,0,80,,3519,12,,,0,39,,3520,12,,,0,77,,3521,12,,,0,75,,3522,12,,,0,33,,3523,12,,,0,75,,3524,12,,,0
1701,'KerOffPriveOff',625,,3525,12,,,0,32,,3526,12,,,0,81,,3527,12,,,0,75,,3528,12,,,0,35,,3529,12,,,0,74,,3530,12,,,0,35,,3531,12,,,0,75,,3532,12,,,0,76,,3533,12,,,0,35,,3534,12,,,0,75,,3535,12,,,0,35,,3536,12,,,0,75,,3537,12,,,0,75,,3538,12,,,0,35,,3539,12,,,0,80,,3540,12,,,0,39,,3541,12,,,0,77,,3542,12,,,0,75,,3543,12,,,0,33,,3544,12,,,0,75,,3545,12,,,0
