1300,'EventOn',1535,,2845,1,,,0
1300,'KerOffPriveOff',1535,,2875,1,,,0
1301,'EventOn',830,,3009,14,4,,0
1301,'KerOffPriveOff',830,,3038,14,4,,0
2500,'EventOn',1535,,3680,1,,,0
2500,'KerOffPriveOff',1535,,3712,1,,,0
2501,'EventOn',742,,3850,31,4,,0
2501,'KerOffPriveOff',742,,3880,31,4,,0
2600,'EventOn',1535,,4017,1,,,0
2600,'KerOffPriveOff',1535,,4045,1,,,0
6000,'EventOn',824,,4599,8,4,,0
6000,'KerOffPriveOff',824,,4631,8,4,,0
6001,'EventOn',1545,,4775,1,,,0
6001,'KerOffPriveOff',1545,,4806,1,,,0
160900100,'EventOn',1535,,4946,1,,,0
160900100,'KerOffPriveOff',1535,,4947,1,,,0
160900101,'EventOn',800,,4948,26,4,,0
160900101,'KerOffPriveOff',800,,4949,26,4,,0
19200100000,'CsRoyOff',755,,4998,22,4,,0
19200100000,'CsRoyOffKerOff',755,,4999,22,4,,0
19200100000,'EventOn',755,,5000,22,4,,0
19200100000,'KerOffPriveOff',755,,5001,22,4,,0
19200100001,'CsRoyOff',1540,5,5002,2,,,0
19200100001,'CsRoyOffKerOff',1540,5,5003,2,,,0
19200100001,'EventOn',1540,5,5004,2,,,0
19200100001,'KerOffPriveOff',1540,5,5005,2,,,0
