801,'CsRoyOff',635,,1503,38,,,0,80,,1492,38,,,0,35,,1504,38,,,0,81,,1493,38,,,0,74,,1505,38,,,0,34,,1494,38,,,0,75,,1506,38,,,0,35,,1495,38,,,0,75,,1507,38,,,0,77,,1496,38,,,0,34,,1508,38,,,0,75,,1497,38,,,0,35,,1509,38,,,0,75,,1498,38,,,0,35,,1510,38,,,0,80,,1499,38,,,0,78,,1511,38,,,0,37,,1500,38,,,0,76,,1512,38,,,0,74,,1501,38,,,0,34,,1513,38,,,0,74,,1502,38,,,0,34,,1514,38,,,0,104,,1518,38,,,0,105,,1517,38,,,0,105,,1515,38,,,0,145,,1516,38,,,0
801,'CsRoyOffKerOff',635,,1530,38,,,0,80,,1519,38,,,0,35,,1531,38,,,0,81,,1520,38,,,0,74,,1532,38,,,0,34,,1521,38,,,0,75,,1533,38,,,0,35,,1522,38,,,0,75,,1534,38,,,0,77,,1523,38,,,0,34,,1535,38,,,0,75,,1524,38,,,0,35,,1536,38,,,0,75,,1525,38,,,0,35,,1537,38,,,0,80,,1526,38,,,0,78,,1538,38,,,0,37,,1527,38,,,0,76,,1539,38,,,0,74,,1528,38,,,0,34,,1540,38,,,0,74,,1529,38,,,0,34,,1541,38,,,0,104,,1545,38,,,0,105,,1544,38,,,0,105,,1542,38,,,0,145,,1543,38,,,0
801,'Dimanche',906,,1547,38,,,0,105,,1548,38,,,0,105,,1549,38,,,0,104,,1552,38,,,0,105,,1551,38,,,0,105,,1553,38,,,0,105,,1554,38,,,0,105,,1555,38,,,0,105,,1550,38,,,0,105,,1546,38,,,0
801,'EventOff',635,,1567,38,,,0,80,,1556,38,,,0,35,,1568,38,,,0,81,,1557,38,,,0,74,,1569,38,,,0,34,,1558,38,,,0,75,,1570,38,,,0,35,,1559,38,,,0,75,,1571,38,,,0,77,,1560,38,,,0,34,,1572,38,,,0,75,,1561,38,,,0,35,,1573,38,,,0,75,,1562,38,,,0,35,,1574,38,,,0,80,,1563,38,,,0,78,,1575,38,,,0,37,,1564,38,,,0,76,,1576,38,,,0,74,,1565,38,,,0,34,,1577,38,,,0,74,,1566,38,,,0,34,,1578,38,,,0,104,,1582,38,,,0,105,,1581,38,,,0,105,,1579,38,,,0,145,,1580,38,,,0
801,'EventOn',635,,1594,38,,,0,80,,1583,38,,,0,35,,1595,38,,,0,81,,1584,38,,,0,74,,1596,38,,,0,34,,1585,38,,,0,75,,1597,38,,,0,35,,1586,38,,,0,75,,1598,38,,,0,77,,1587,38,,,0,34,,1599,38,,,0,75,,1588,38,,,0,35,,1600,38,,,0,75,,1589,38,,,0,35,,1601,38,,,0,80,,1590,38,,,0,78,,1602,38,,,0,37,,1591,38,,,0,76,,1603,38,,,0,74,,1592,38,,,0,34,,1604,38,,,0,74,,1593,38,,,0,34,,1605,38,,,0,104,,1609,38,,,0,105,,1608,38,,,0,105,,1606,38,,,0,145,,1607,38,,,0
801,'KerOffPriveOff',635,,1621,38,,,0,80,,1610,38,,,0,35,,1622,38,,,0,81,,1611,38,,,0,74,,1623,38,,,0,34,,1612,38,,,0,75,,1624,38,,,0,35,,1613,38,,,0,75,,1625,38,,,0,77,,1614,38,,,0,34,,1626,38,,,0,75,,1615,38,,,0,35,,1627,38,,,0,75,,1616,38,,,0,35,,1628,38,,,0,80,,1617,38,,,0,78,,1629,38,,,0,37,,1618,38,,,0,76,,1630,38,,,0,74,,1619,38,,,0,34,,1631,38,,,0,74,,1620,38,,,0,34,,1632,38,,,0,104,,1636,38,,,0,105,,1635,38,,,0,105,,1633,38,,,0,145,,1634,38,,,0
801,'Samedi',634,,1637,38,,,0,106,,1638,38,,,0,106,,1639,38,,,0,105,,1640,38,,,0,106,,1641,38,,,0,144,,1642,38,,,0,105,,1643,38,,,0,105,,1644,38,,,0,104,,1645,38,,,0,106,,1646,38,,,0,105,,1647,38,,,0,105,,1648,38,,,0,105,,1649,38,,,0,106,,1650,38,,,0,105,,1651,38,,,0,105,,1652,38,,,0,103,,1653,38,,,0
1200,'CsRoyOff',655,,2509,10,,,0,155,,2510,10,,,0,110,,2511,10,,,0,110,,2512,10,,,0,110,,2513,10,,,0,110,,2514,10,,,0,150,,2515,10,,,0,115,,2516,10,,,0,118,,2517,10,,,0,107,,2518,10,,,0,110,,2519,10,,,0,105,,2523,10,,,0,145,,2522,10,,,0,105,,2521,10,,,0,105,,2520,10,,,0,105,,2524,10,,,0
1200,'CsRoyOffKerOff',655,,2526,10,,,0,155,,2527,10,,,0,110,,2528,10,,,0,110,,2529,10,,,0,110,,2530,10,,,0,110,,2531,10,,,0,150,,2532,10,,,0,115,,2533,10,,,0,118,,2534,10,,,0,107,,2535,10,,,0,110,,2536,10,,,0,105,,2540,10,,,0,145,,2539,10,,,0,105,,2538,10,,,0,105,,2537,10,,,0,105,,2541,10,,,0
1200,'Dimanche',920,,2544,10,,,0,105,,2546,10,,,0,105,,2547,10,,,0,105,,2548,10,,,0,105,,2549,10,,,0,105,,2550,10,,,0,105,,2551,10,,,0,105,,2552,10,,,0,145,,2545,10,,,0,105,,2543,10,,,0
1200,'EventOff',655,,2553,10,,,0,155,,2554,10,,,0,110,,2555,10,,,0,110,,2556,10,,,0,110,,2557,10,,,0,110,,2558,10,,,0,150,,2559,10,,,0,115,,2560,10,,,0,118,,2561,10,,,0,107,,2562,10,,,0,110,,2563,10,,,0,105,,2567,10,,,0,145,,2566,10,,,0,105,,2565,10,,,0,105,,2564,10,,,0,105,,2568,10,,,0
1200,'EventOn',655,,2569,10,,,0,155,,2570,10,,,0,110,,2571,10,,,0,110,,2572,10,,,0,110,,2573,10,,,0,110,,2574,10,,,0,150,,2575,10,,,0,115,,2576,10,,,0,118,,2577,10,,,0,107,,2578,10,,,0,110,,2579,10,,,0,105,,2583,10,,,0,145,,2582,10,,,0,105,,2581,10,,,0,105,,2580,10,,,0,105,,2584,10,,,0
1200,'KerOffPriveOff',655,,2586,10,,,0,155,,2587,10,,,0,110,,2588,10,,,0,110,,2589,10,,,0,110,,2590,10,,,0,110,,2591,10,,,0,150,,2592,10,,,0,115,,2593,10,,,0,118,,2594,10,,,0,107,,2595,10,,,0,110,,2596,10,,,0,105,,2600,10,,,0,145,,2599,10,,,0,105,,2598,10,,,0,105,,2597,10,,,0,105,,2601,10,,,0
1200,'Samedi',650,,2602,10,,,0,105,,2603,10,,,0,145,,2604,10,,,0,105,,2605,10,,,0,105,,2606,10,,,0,105,,2607,10,,,0,106,,2608,10,,,0,105,,2609,10,,,0,105,,2610,10,,,0,104,,2611,10,,,0,105,,2612,10,,,0,105,,2613,10,,,0,105,,2614,10,,,0,105,,2615,10,,,0,145,,2616,10,,,0,105,,2617,10,,,0,105,,2618,10,,,0
