1200,'CsRoyOff',702,,2509,16,,,0,116,,2510,16,,,0,110,,2511,16,,,0,110,,2512,16,,,0,110,,2513,16,,,0,110,,2514,16,,,0,149,,2515,16,,,0,115,,2516,16,,,0,81,,2525,5,,,0,38,,2517,16,,,0,107,,2518,16,,,0,110,,2519,16,,,0,145,,2523,16,,,0,105,,2522,16,,,0,105,,2521,16,,,0,105,,2520,16,,,0,104,,2524,16,,,0
1200,'CsRoyOffKerOff',702,,2526,16,,,0,116,,2527,16,,,0,110,,2528,16,,,0,110,,2529,16,,,0,110,,2530,16,,,0,110,,2531,16,,,0,149,,2532,16,,,0,115,,2533,16,,,0,81,,2542,5,,,0,38,,2534,16,,,0,107,,2535,16,,,0,110,,2536,16,,,0,145,,2540,16,,,0,105,,2539,16,,,0,105,,2538,16,,,0,105,,2537,16,,,0,104,,2541,16,,,0
1200,'Dimanche',928,,2544,16,,,0,104,,2546,16,,,0,106,,2547,16,,,0,104,,2548,16,,,0,105,,2549,16,,,0,105,,2550,16,,,0,105,,2551,16,,,0,145,,2552,16,,,0,106,,2545,16,,,0,105,,2543,16,,,0
1200,'EventOff',702,,2553,16,,,0,116,,2554,16,,,0,110,,2555,16,,,0,110,,2556,16,,,0,110,,2557,16,,,0,110,,2558,16,,,0,149,,2559,16,,,0,115,,2560,16,,,0,119,,2561,16,,,0,107,,2562,16,,,0,110,,2563,16,,,0,145,,2567,16,,,0,105,,2566,16,,,0,105,,2565,16,,,0,105,,2564,16,,,0,104,,2568,16,,,0
1200,'EventOn',702,,2569,16,,,0,116,,2570,16,,,0,110,,2571,16,,,0,110,,2572,16,,,0,110,,2573,16,,,0,110,,2574,16,,,0,149,,2575,16,,,0,115,,2576,16,,,0,81,,2585,5,,,0,38,,2577,16,,,0,107,,2578,16,,,0,110,,2579,16,,,0,145,,2583,16,,,0,105,,2582,16,,,0,105,,2581,16,,,0,105,,2580,16,,,0,104,,2584,16,,,0
1200,'KerOffPriveOff',702,,2586,16,,,0,116,,2587,16,,,0,110,,2588,16,,,0,110,,2589,16,,,0,110,,2590,16,,,0,110,,2591,16,,,0,149,,2592,16,,,0,115,,2593,16,,,0,119,,2594,16,,,0,107,,2595,16,,,0,110,,2596,16,,,0,145,,2600,16,,,0,105,,2599,16,,,0,105,,2598,16,,,0,105,,2597,16,,,0,104,,2601,16,,,0
1200,'Samedi',657,,2602,16,,,0,145,,2603,16,,,0,105,,2604,16,,,0,106,,2605,16,,,0,105,,2606,16,,,0,105,,2607,16,,,0,106,,2608,16,,,0,105,,2609,16,,,0,105,,2610,16,,,0,104,,2611,16,,,0,104,,2612,16,,,0,105,,2613,16,,,0,105,,2614,16,,,0,145,,2615,16,,,0,105,,2616,16,,,0,105,,2617,16,,,0,105,,2618,16,,,0
1701,'CsRoyOff',619,,3441,5,,,0,32,,3442,5,,,0,80,,3443,5,,,0,75,,3444,5,,,0,36,,3445,5,,,0,74,,3446,5,,,0,35,,3447,5,,,0,75,,3448,5,,,0,76,,3449,5,,,0,35,,3450,5,,,0,75,,3451,5,,,0,35,,3452,5,,,0,75,,3453,5,,,0,35,,3454,5,,,0,75,,3455,5,,,0,80,,3456,5,,,0,38,,3457,5,,,0,77,,3458,5,,,0,75,,3459,5,,,0,33,,3460,5,,,0,76,,3461,5,,,0
1701,'CsRoyOffKerOff',619,,3462,5,,,0,32,,3463,5,,,0,80,,3464,5,,,0,75,,3465,5,,,0,36,,3466,5,,,0,74,,3467,5,,,0,35,,3468,5,,,0,75,,3469,5,,,0,76,,3470,5,,,0,35,,3471,5,,,0,75,,3472,5,,,0,35,,3473,5,,,0,75,,3474,5,,,0,35,,3475,5,,,0,75,,3476,5,,,0,80,,3477,5,,,0,38,,3478,5,,,0,77,,3479,5,,,0,75,,3480,5,,,0,33,,3481,5,,,0,76,,3482,5,,,0
1701,'EventOff',619,,3483,5,,,0,32,,3484,5,,,0,80,,3485,5,,,0,75,,3486,5,,,0,36,,3487,5,,,0,74,,3488,5,,,0,35,,3489,5,,,0,75,,3490,5,,,0,76,,3491,5,,,0,35,,3492,5,,,0,75,,3493,5,,,0,35,,3494,5,,,0,75,,3495,5,,,0,35,,3496,5,,,0,75,,3497,5,,,0,80,,3498,5,,,0,38,,3499,5,,,0,77,,3500,5,,,0,75,,3501,5,,,0,33,,3502,5,,,0,76,,3503,5,,,0
1701,'EventOn',619,,3504,5,,,0,32,,3505,5,,,0,80,,3506,5,,,0,75,,3507,5,,,0,36,,3508,5,,,0,74,,3509,5,,,0,35,,3510,5,,,0,75,,3511,5,,,0,76,,3512,5,,,0,35,,3513,5,,,0,75,,3514,5,,,0,35,,3515,5,,,0,75,,3516,5,,,0,35,,3517,5,,,0,75,,3518,5,,,0,80,,3519,5,,,0,38,,3520,5,,,0,77,,3521,5,,,0,75,,3522,5,,,0,33,,3523,5,,,0,76,,3524,5,,,0
1701,'KerOffPriveOff',619,,3525,5,,,0,32,,3526,5,,,0,80,,3527,5,,,0,75,,3528,5,,,0,36,,3529,5,,,0,74,,3530,5,,,0,35,,3531,5,,,0,75,,3532,5,,,0,76,,3533,5,,,0,35,,3534,5,,,0,75,,3535,5,,,0,35,,3536,5,,,0,75,,3537,5,,,0,35,,3538,5,,,0,75,,3539,5,,,0,80,,3540,5,,,0,38,,3541,5,,,0,77,,3542,5,,,0,75,,3543,5,,,0,33,,3544,5,,,0,76,,3545,5,,,0
6000,'CsRoyOff',614,,4473,7,,,0,27,,4484,26,,,0,81,,4474,26,,,0,33,,4485,26,,,0,79,,4475,26,,,0,75,,4486,26,,,0,33,,4476,26,,,0,76,,4487,26,,,0,34,,4477,26,,,0,76,,4488,26,,,0,73,,4478,26,,,0,36,,4489,26,,,0,75,,4479,26,,,0,28,,4490,26,,,0,78,,4501,26,,,0,25,,4480,26,,,0,80,,4491,26,,,0,81,,4481,26,,,0,39,,4492,26,,,0,71,,4482,26,,,0,34,,4493,26,,,0,75,,4483,26,,,0,35,,4494,26,,,0,78,,4495,26,,,0,105,,4500,26,,,0,105,,4499,26,,,0,105,,4498,26,,,0,105,,4496,26,,,0
6000,'CsRoyOffKerOff',614,,4502,7,,,0,27,,4513,26,,,0,81,,4503,26,,,0,33,,4514,26,,,0,79,,4504,26,,,0,75,,4515,26,,,0,33,,4505,26,,,0,76,,4516,26,,,0,34,,4506,26,,,0,76,,4517,26,,,0,73,,4507,26,,,0,36,,4518,26,,,0,75,,4508,26,,,0,28,,4519,26,,,0,78,,4530,26,,,0,25,,4509,26,,,0,80,,4520,26,,,0,81,,4510,26,,,0,39,,4521,26,,,0,71,,4511,26,,,0,34,,4522,26,,,0,75,,4512,26,,,0,35,,4523,26,,,0,78,,4524,26,,,0,105,,4529,26,,,0,105,,4528,26,,,0,105,,4527,26,,,0,105,,4525,26,,,0
6000,'Dimanche',903,,4531,26,,,0,105,,4532,26,,,0,104,,4534,26,,,0,105,,4536,26,,,0,105,,4537,26,,,0,105,,4538,26,,,0,105,,4539,26,,,0,105,,4540,26,,,0,106,,4535,26,,,0,103,,4533,26,,,0
6000,'EventOff',614,,4541,7,,,0,27,,4552,26,,,0,81,,4542,26,,,0,33,,4553,26,,,0,79,,4543,26,,,0,75,,4554,26,,,0,33,,4544,26,,,0,76,,4555,26,,,0,34,,4545,26,,,0,76,,4556,26,,,0,73,,4546,26,,,0,36,,4557,26,,,0,75,,4547,26,,,0,28,,4558,26,,,0,78,,4569,26,,,0,25,,4548,26,,,0,80,,4559,26,,,0,81,,4549,26,,,0,39,,4560,26,,,0,71,,4550,26,,,0,34,,4561,26,,,0,75,,4551,26,,,0,35,,4562,26,,,0,78,,4563,26,,,0,105,,4568,26,,,0,105,,4567,26,,,0,105,,4566,26,,,0,105,,4564,26,,,0
6000,'EventOn',614,,4570,7,,,0,27,,4581,26,,,0,81,,4571,26,,,0,33,,4582,26,,,0,79,,4572,26,,,0,75,,4583,26,,,0,33,,4573,26,,,0,76,,4584,26,,,0,34,,4574,26,,,0,76,,4585,26,,,0,73,,4575,26,,,0,36,,4586,26,,,0,75,,4576,26,,,0,28,,4587,26,,,0,78,,4598,26,,,0,25,,4577,26,,,0,80,,4588,26,,,0,81,,4578,26,,,0,39,,4589,26,,,0,71,,4579,26,,,0,34,,4590,26,,,0,75,,4580,26,,,0,35,,4591,26,,,0,78,,4592,26,,,0,105,,4597,26,,,0,105,,4596,26,,,0,105,,4595,26,,,0,105,,4593,26,,,0
6000,'KerOffPriveOff',614,,4602,7,,,0,27,,4613,26,,,0,81,,4603,26,,,0,33,,4614,26,,,0,79,,4604,26,,,0,75,,4615,26,,,0,33,,4605,26,,,0,76,,4616,26,,,0,34,,4606,26,,,0,76,,4617,26,,,0,73,,4607,26,,,0,36,,4618,26,,,0,75,,4608,26,,,0,28,,4619,26,,,0,78,,4630,26,,,0,25,,4609,26,,,0,80,,4620,26,,,0,81,,4610,26,,,0,39,,4621,26,,,0,71,,4611,26,,,0,34,,4622,26,,,0,75,,4612,26,,,0,35,,4623,26,,,0,78,,4624,26,,,0,105,,4629,26,,,0,105,,4628,26,,,0,105,,4627,26,,,0,105,,4625,26,,,0
6000,'Samedi',633,,4639,26,,,0,104,,4645,26,,,0,105,,4634,26,,,0,105,,4640,26,,,0,105,,4646,26,,,0,105,,4635,26,,,0,146,,4641,26,,,0,105,,4647,26,,,0,105,,4636,26,,,0,105,,4642,26,,,0,104,,4648,26,,,0,105,,4637,26,,,0,105,,4643,26,,,0,105,,4649,26,,,0,105,,4638,26,,,0,105,,4644,26,,,0,105,,4650,26,,,0
111800500,'CsRoyOff',723,,4936,7,,,0,880,,4937,24,,,0
111800500,'CsRoyOffKerOff',1603,,4938,24,,,0
111800500,'EventOn',723,,4939,7,,,0,880,,4940,24,,,0
19200300000,'CsRoyOff',727,,5009,7,0,11 18,0
19200300000,'CsRoyOffKerOff',727,,5011,7,0,11 18,0
19200300000,'EventOn',727,,5013,7,0,11 18,0
