2500,'CsRoyOff',611,,3573,8,,,0,29,,3548,35,,,0,72,,3575,8,0,21,0,3,,3546,35,,,0,40,,3549,35,,,0,75,,3547,35,,,0,76,,3550,35,,,0,34,,3551,35,,,0,75,,3552,35,,,0,35,,3553,35,,,0,75,,3554,35,,,0,75,,3555,35,,,0,35,,3556,35,,,0,75,,3557,35,,,0,35,,3558,35,,,0,75,,3559,35,,,0,35,,3560,35,,,0,81,,3561,35,,,0,22,,3576,8,,,0,56,,3562,35,,,0,36,,3563,35,,,0,75,,3564,35,,,0,75,,3565,35,,,0,35,,3566,35,,,0,75,,3567,35,,,0,105,,3568,35,,,0,105,,3569,35,,,0,105,,3570,35,,,0,105,,3571,35,,,0,105,,3572,35,,,0
2500,'CsRoyOffKerOff',611,,3604,8,,,0,29,,3579,35,,,0,72,,3605,8,0,21,0,3,,3577,35,,,0,40,,3580,35,,,0,75,,3578,35,,,0,76,,3581,35,,,0,34,,3582,35,,,0,75,,3583,35,,,0,35,,3584,35,,,0,75,,3585,35,,,0,75,,3586,35,,,0,35,,3587,35,,,0,75,,3588,35,,,0,35,,3589,35,,,0,75,,3590,35,,,0,35,,3591,35,,,0,81,,3592,35,,,0,22,,3606,8,,,0,56,,3593,35,,,0,36,,3594,35,,,0,75,,3595,35,,,0,75,,3596,35,,,0,35,,3597,35,,,0,75,,3598,35,,,0,105,,3599,35,,,0,105,,3600,35,,,0,105,,3601,35,,,0,105,,3602,35,,,0,105,,3603,35,,,0
2500,'Dimanche',836,,3617,8,,,0,104,,3610,35,,,0,105,,3611,35,,,0,105,,3612,35,,,0,105,,3613,35,,,0,145,,3614,35,,,0,105,,3615,35,,,0,105,,3616,35,,,0,105,,3608,35,,,0,105,,3609,35,,,0,105,,3607,35,,,0
2500,'EventOff',611,,3645,8,,,0,29,,3620,35,,,0,75,,3618,35,,,0,40,,3621,35,,,0,75,,3619,35,,,0,76,,3622,35,,,0,34,,3623,35,,,0,75,,3624,35,,,0,35,,3625,35,,,0,75,,3626,35,,,0,75,,3627,35,,,0,35,,3628,35,,,0,75,,3629,35,,,0,35,,3630,35,,,0,75,,3631,35,,,0,35,,3632,35,,,0,81,,3633,35,,,0,78,,3634,35,,,0,36,,3635,35,,,0,75,,3636,35,,,0,75,,3637,35,,,0,35,,3638,35,,,0,75,,3639,35,,,0,105,,3640,35,,,0,105,,3641,35,,,0,105,,3642,35,,,0,105,,3643,35,,,0,105,,3644,35,,,0
2500,'EventOn',611,,3673,8,,,0,29,,3648,35,,,0,72,,3677,8,0,21,0,2,,3674,8,0,9,0,1,,3646,35,,,0,10,,3676,8,0,10,0,30,,3649,35,,,0,75,,3647,35,,,0,76,,3650,35,,,0,34,,3651,35,,,0,75,,3652,35,,,0,35,,3653,35,,,0,75,,3654,35,,,0,75,,3655,35,,,0,35,,3656,35,,,0,75,,3657,35,,,0,35,,3658,35,,,0,75,,3659,35,,,0,35,,3660,35,,,0,81,,3661,35,,,0,19,,3680,9,,,0,3,,3679,8,,,0,45,,3678,27,,,0,11,,3662,35,,,0,36,,3663,35,,,0,75,,3664,35,,,0,75,,3665,35,,,0,35,,3666,35,,,0,75,,3667,35,,,0,105,,3668,35,,,0,105,,3669,35,,,0,105,,3670,35,,,0,105,,3671,35,,,0,105,,3672,35,,,0
2500,'KerOffPriveOff',611,,3708,8,,,0,29,,3683,35,,,0,74,,3709,8,0,9,0,1,,3681,35,,,0,10,,3710,8,0,10,0,30,,3684,35,,,0,75,,3682,35,,,0,76,,3685,35,,,0,34,,3686,35,,,0,75,,3687,35,,,0,35,,3688,35,,,0,75,,3689,35,,,0,75,,3690,35,,,0,35,,3691,35,,,0,75,,3692,35,,,0,35,,3693,35,,,0,75,,3694,35,,,0,35,,3695,35,,,0,81,,3696,35,,,0,19,,3712,9,,,0,48,,3711,27,,,0,11,,3697,35,,,0,36,,3698,35,,,0,75,,3699,35,,,0,75,,3700,35,,,0,35,,3701,35,,,0,75,,3702,35,,,0,105,,3703,35,,,0,105,,3704,35,,,0,105,,3705,35,,,0,105,,3706,35,,,0,105,,3707,35,,,0
2500,'Samedi',604,,3725,8,,,0,106,,3713,35,,,0,105,,3719,35,,,0,105,,3726,35,,,0,105,,3714,35,,,0,105,,3720,35,,,0,105,,3727,35,,,0,105,,3715,35,,,0,105,,3721,35,,,0,105,,3728,35,,,0,105,,3716,35,,,0,145,,3722,35,,,0,105,,3729,35,,,0,105,,3717,35,,,0,105,,3723,35,,,0,105,,3730,35,,,0,105,,3718,35,,,0,105,,3724,35,,,0
3080200000,'EventOn',759,,4974,8,,,0
3080200000,'KerOffPriveOff',759,,4975,8,,,0
3080200001,'EventOn',1602,,4976,10,,,0
3080200001,'KerOffPriveOff',1602,,4977,10,,,0
3080400000,'EventOn',808,,4982,28,,,0
3080400000,'KerOffPriveOff',808,,4983,28,,,0
3080400001,'EventOn',1601,,4984,9,,,0
3080400001,'KerOffPriveOff',1601,,4985,9,,,0
