2501,'CsRoyOff',634,,3731,29,,,0,74,,3733,29,,,0,40,,3732,29,,,0,77,,3734,29,,,0,33,,3752,29,,,0,74,,3735,29,,,0,75,,3736,29,,,0,35,,3737,29,,,0,75,,3738,29,,,0,35,,3739,29,,,0,75,,3740,29,,,0,75,,3741,29,,,0,35,,3742,29,,,0,75,,3743,29,,,0,35,,3744,29,,,0,78,,3745,29,,,0,79,,3746,29,,,0,38,,3747,29,,,0,76,,3748,29,,,0,35,,3749,29,,,0,75,,3750,29,,,0,73,,3751,29,,,0,35,,3753,29,,,0,104,,3754,29,,,0,105,,3755,29,,,0,105,,3756,29,,,0,105,,3757,29,,,0
2501,'CsRoyOffKerOff',634,,3759,29,,,0,74,,3761,29,,,0,40,,3760,29,,,0,77,,3762,29,,,0,33,,3780,29,,,0,74,,3763,29,,,0,75,,3764,29,,,0,35,,3765,29,,,0,75,,3766,29,,,0,35,,3767,29,,,0,75,,3768,29,,,0,75,,3769,29,,,0,35,,3770,29,,,0,75,,3771,29,,,0,35,,3772,29,,,0,78,,3773,29,,,0,79,,3774,29,,,0,38,,3775,29,,,0,76,,3776,29,,,0,35,,3777,29,,,0,75,,3778,29,,,0,73,,3779,29,,,0,35,,3781,29,,,0,104,,3782,29,,,0,105,,3783,29,,,0,105,,3784,29,,,0,105,,3785,29,,,0
2501,'Dimanche',900,,3788,29,,,0,105,,3789,29,,,0,105,,3790,29,,,0,105,,3791,29,,,0,105,,3792,29,,,0,105,,3793,29,,,0,105,,3794,29,,,0,105,,3795,29,,,0,105,,3787,29,,,0,105,,3786,29,,,0
2501,'EventOff',634,,3796,29,,,0,74,,3798,29,,,0,40,,3797,29,,,0,77,,3799,29,,,0,33,,3817,29,,,0,74,,3800,29,,,0,75,,3801,29,,,0,35,,3802,29,,,0,75,,3803,29,,,0,35,,3804,29,,,0,75,,3805,29,,,0,75,,3806,29,,,0,35,,3807,29,,,0,75,,3808,29,,,0,35,,3809,29,,,0,78,,3810,29,,,0,79,,3811,29,,,0,38,,3812,29,,,0,76,,3813,29,,,0,35,,3814,29,,,0,75,,3815,29,,,0,73,,3816,29,,,0,35,,3818,29,,,0,104,,3819,29,,,0,105,,3820,29,,,0,105,,3821,29,,,0,105,,3822,29,,,0
2501,'EventOn',634,,3823,29,,,0,74,,3825,29,,,0,31,,3850,29,0,9,0,9,,3824,29,,,0,52,,3851,29,0,10,0,25,,3826,29,,,0,33,,3844,29,,,0,74,,3827,29,,,0,75,,3828,29,,,0,35,,3829,29,,,0,75,,3830,29,,,0,35,,3831,29,,,0,75,,3832,29,,,0,75,,3833,29,,,0,35,,3834,29,,,0,75,,3835,29,,,0,35,,3836,29,,,0,78,,3837,29,,,0,79,,3838,29,,,0,38,,3839,29,,,0,76,,3840,29,,,0,35,,3841,29,,,0,75,,3842,29,,,0,73,,3843,29,,,0,35,,3845,29,,,0,104,,3846,29,,,0,105,,3847,29,,,0,105,,3848,29,,,0,105,,3849,29,,,0
2501,'KerOffPriveOff',634,,3853,29,,,0,74,,3855,29,,,0,31,,3880,29,0,9,0,9,,3854,29,,,0,52,,3881,29,0,10,0,25,,3856,29,,,0,33,,3874,29,,,0,74,,3857,29,,,0,75,,3858,29,,,0,35,,3859,29,,,0,75,,3860,29,,,0,35,,3861,29,,,0,75,,3862,29,,,0,75,,3863,29,,,0,35,,3864,29,,,0,75,,3865,29,,,0,35,,3866,29,,,0,78,,3867,29,,,0,79,,3868,29,,,0,38,,3869,29,,,0,76,,3870,29,,,0,35,,3871,29,,,0,75,,3872,29,,,0,73,,3873,29,,,0,35,,3875,29,,,0,104,,3876,29,,,0,105,,3877,29,,,0,105,,3878,29,,,0,105,,3879,29,,,0
2501,'Samedi',630,,3893,29,,,0,104,,3882,29,,,0,105,,3888,29,,,0,105,,3894,29,,,0,105,,3883,29,,,0,105,,3889,29,,,0,105,,3895,29,,,0,146,,3884,29,,,0,105,,3890,29,,,0,105,,3896,29,,,0,105,,3885,29,,,0,104,,3891,29,,,0,105,,3897,29,,,0,105,,3886,29,,,0,105,,3892,29,,,0,105,,3898,29,,,0,105,,3887,29,,,0
5000,'CsRoyOff',640,,4263,5,,,0,65,,4262,5,,,0,16,,4218,5,,,0,15,,4219,5,,,0,21,,4220,5,,,0,58,,4221,5,,,0,18,,4222,5,,,0,18,,4223,5,,,0,56,,4224,5,,,0,15,,4225,5,,,0,20,,4226,5,,,0,15,,4227,5,,,0,59,,4228,5,,,0,15,,4229,5,,,0,20,,4230,5,,,0,55,,4231,5,,,0,20,,4232,5,,,0,15,,4233,5,,,0,60,,4234,5,,,0,15,,4235,5,,,0,20,,4236,5,,,0,15,,4237,5,,,0,60,,4238,5,,,0,15,,4239,5,,,0,19,,4240,5,,,0,55,,4241,5,,,0,20,,4242,5,,,0,15,,4243,5,,,0,21,,4244,5,,,0,55,,4245,5,,,0,23,,4246,5,,,0,19,,4247,5,,,0,60,,4248,5,,,0,18,,4249,5,,,0,21,,4250,5,,,0,56,,4251,5,,,0,20,,4252,5,,,0,16,,4253,5,,,0,58,,4254,5,,,0,16,,4255,5,,,0,19,,4256,5,,,0,15,,4257,5,,,0,168,,4258,5,,,0,105,,4259,5,,,0,105,,4260,5,,,0,105,,4261,5,,,0
5000,'CsRoyOffKerOff',640,,4309,5,,,0,65,,4308,5,,,0,16,,4264,5,,,0,15,,4265,5,,,0,21,,4266,5,,,0,58,,4267,5,,,0,18,,4268,5,,,0,18,,4269,5,,,0,56,,4270,5,,,0,15,,4271,5,,,0,20,,4272,5,,,0,15,,4273,5,,,0,59,,4274,5,,,0,15,,4275,5,,,0,20,,4276,5,,,0,55,,4277,5,,,0,20,,4278,5,,,0,15,,4279,5,,,0,60,,4280,5,,,0,15,,4281,5,,,0,20,,4282,5,,,0,15,,4283,5,,,0,60,,4284,5,,,0,15,,4285,5,,,0,19,,4286,5,,,0,55,,4287,5,,,0,20,,4288,5,,,0,15,,4289,5,,,0,21,,4290,5,,,0,55,,4291,5,,,0,23,,4292,5,,,0,19,,4293,5,,,0,60,,4294,5,,,0,18,,4295,5,,,0,21,,4296,5,,,0,56,,4297,5,,,0,20,,4298,5,,,0,16,,4299,5,,,0,58,,4300,5,,,0,16,,4301,5,,,0,19,,4302,5,,,0,15,,4303,5,,,0,168,,4304,5,,,0,105,,4305,5,,,0,105,,4306,5,,,0,105,,4307,5,,,0
5000,'Dimanche',944,,4310,5,,,0,105,,4313,5,,,0,105,,4315,5,,,0,105,,4314,5,,,0,145,,4316,5,,,0,105,,4317,5,,,0,106,,4318,5,,,0,105,,4311,5,,,0,105,,4312,5,,,0
5000,'EventOff',640,,4364,5,,,0,65,,4363,5,,,0,16,,4319,5,,,0,15,,4320,5,,,0,21,,4321,5,,,0,58,,4322,5,,,0,18,,4323,5,,,0,18,,4324,5,,,0,56,,4325,5,,,0,15,,4326,5,,,0,20,,4327,5,,,0,15,,4328,5,,,0,59,,4329,5,,,0,15,,4330,5,,,0,20,,4331,5,,,0,55,,4332,5,,,0,20,,4333,5,,,0,15,,4334,5,,,0,60,,4335,5,,,0,15,,4336,5,,,0,20,,4337,5,,,0,15,,4338,5,,,0,60,,4339,5,,,0,15,,4340,5,,,0,19,,4341,5,,,0,55,,4342,5,,,0,20,,4343,5,,,0,15,,4344,5,,,0,21,,4345,5,,,0,55,,4346,5,,,0,23,,4347,5,,,0,19,,4348,5,,,0,60,,4349,5,,,0,18,,4350,5,,,0,21,,4351,5,,,0,56,,4352,5,,,0,20,,4353,5,,,0,16,,4354,5,,,0,58,,4355,5,,,0,16,,4356,5,,,0,19,,4357,5,,,0,15,,4358,5,,,0,168,,4359,5,,,0,105,,4360,5,,,0,105,,4361,5,,,0,105,,4362,5,,,0
5000,'EventOn',640,,4410,5,,,0,65,,4409,5,,,0,16,,4365,5,,,0,15,,4366,5,,,0,21,,4367,5,,,0,58,,4368,5,,,0,18,,4369,5,,,0,18,,4370,5,,,0,56,,4371,5,,,0,15,,4372,5,,,0,20,,4373,5,,,0,15,,4374,5,,,0,59,,4375,5,,,0,15,,4376,5,,,0,20,,4377,5,,,0,55,,4378,5,,,0,20,,4379,5,,,0,15,,4380,5,,,0,60,,4381,5,,,0,15,,4382,5,,,0,20,,4383,5,,,0,15,,4384,5,,,0,60,,4385,5,,,0,15,,4386,5,,,0,19,,4387,5,,,0,55,,4388,5,,,0,20,,4389,5,,,0,15,,4390,5,,,0,21,,4391,5,,,0,55,,4392,5,,,0,23,,4393,5,,,0,19,,4394,5,,,0,60,,4395,5,,,0,18,,4396,5,,,0,21,,4397,5,,,0,56,,4398,5,,,0,20,,4399,5,,,0,16,,4400,5,,,0,58,,4401,5,,,0,16,,4402,5,,,0,19,,4403,5,,,0,15,,4404,5,,,0,168,,4405,5,,,0,105,,4406,5,,,0,105,,4407,5,,,0,105,,4408,5,,,0
5000,'KerOffPriveOff',640,,4456,5,,,0,65,,4455,5,,,0,16,,4411,5,,,0,15,,4412,5,,,0,21,,4413,5,,,0,58,,4414,5,,,0,18,,4415,5,,,0,18,,4416,5,,,0,56,,4417,5,,,0,15,,4418,5,,,0,20,,4419,5,,,0,15,,4420,5,,,0,59,,4421,5,,,0,15,,4422,5,,,0,20,,4423,5,,,0,55,,4424,5,,,0,20,,4425,5,,,0,15,,4426,5,,,0,60,,4427,5,,,0,15,,4428,5,,,0,20,,4429,5,,,0,15,,4430,5,,,0,60,,4431,5,,,0,15,,4432,5,,,0,19,,4433,5,,,0,55,,4434,5,,,0,20,,4435,5,,,0,15,,4436,5,,,0,21,,4437,5,,,0,55,,4438,5,,,0,23,,4439,5,,,0,19,,4440,5,,,0,60,,4441,5,,,0,18,,4442,5,,,0,21,,4443,5,,,0,56,,4444,5,,,0,20,,4445,5,,,0,16,,4446,5,,,0,58,,4447,5,,,0,16,,4448,5,,,0,19,,4449,5,,,0,15,,4450,5,,,0,168,,4451,5,,,0,105,,4452,5,,,0,105,,4453,5,,,0,105,,4454,5,,,0
5000,'Samedi',714,,4464,5,,,0,106,,4463,5,,,0,104,,4462,5,,,0,105,,4461,5,,,0,105,,4469,5,,,0,105,,4468,5,,,0,105,,4467,5,,,0,105,,4466,5,,,0,106,,4465,5,,,0,145,,4472,5,,,0,105,,4470,5,,,0,105,,4471,5,,,0,105,,4457,5,,,0,105,,4458,5,,,0,105,,4459,5,,,0,105,,4460,5,,,0
