901,'CsRoyOff',609,,1744,2,,,0,24,,1758,2,,,0,67,,1762,3,0,5,0,5,,1763,3,0,6,0,4,,1745,2,,,0,40,,1757,2,,,0,74,,1746,2,,,0,36,,1759,2,,,0,75,,1747,2,,,0,110,,1748,2,,,0,111,,1749,2,,,0,149,,1750,2,,,0,111,,1751,2,,,0,35,,1756,2,,,0,76,,1752,2,,,0,79,,1755,2,,,0,37,,1753,2,,,0,77,,1760,2,,,0,36,,1754,2,,,0,150,,1761,2,,,0
901,'CsRoyOffKerOff',609,,1764,2,,,0,24,,1778,2,,,0,67,,1782,3,0,5,0,9,,1765,2,,,0,40,,1777,2,,,0,74,,1766,2,,,0,36,,1779,2,,,0,75,,1767,2,,,0,110,,1768,2,,,0,111,,1769,2,,,0,149,,1770,2,,,0,111,,1771,2,,,0,35,,1776,2,,,0,76,,1772,2,,,0,79,,1775,2,,,0,37,,1773,2,,,0,77,,1780,2,,,0,36,,1774,2,,,0,150,,1781,2,,,0
901,'EventOff',609,,1783,2,,,0,24,,1797,2,,,0,76,,1784,2,,,0,40,,1796,2,,,0,74,,1785,2,,,0,36,,1798,2,,,0,75,,1786,2,,,0,110,,1787,2,,,0,111,,1788,2,,,0,149,,1789,2,,,0,111,,1790,2,,,0,35,,1795,2,,,0,76,,1791,2,,,0,79,,1794,2,,,0,37,,1792,2,,,0,77,,1799,2,,,0,36,,1793,2,,,0,150,,1800,2,,,0
901,'EventOn',609,,1801,2,,,0,24,,1815,2,,,0,67,,1819,3,0,5,0,5,,1820,3,0,6,0,4,,1802,2,,,0,40,,1814,2,,,0,74,,1803,2,,,0,36,,1816,2,,,0,75,,1804,2,,,0,110,,1805,2,,,0,111,,1806,2,,,0,149,,1807,2,,,0,111,,1808,2,,,0,35,,1813,2,,,0,76,,1809,2,,,0,79,,1812,2,,,0,37,,1810,2,,,0,77,,1817,2,,,0,36,,1811,2,,,0,150,,1818,2,,,0
901,'KerOffPriveOff',609,,1821,2,,,0,24,,1835,2,,,0,76,,1822,2,,,0,40,,1834,2,,,0,74,,1823,2,,,0,36,,1836,2,,,0,75,,1824,2,,,0,110,,1825,2,,,0,111,,1826,2,,,0,149,,1827,2,,,0,111,,1828,2,,,0,35,,1833,2,,,0,76,,1829,2,,,0,79,,1832,2,,,0,37,,1830,2,,,0,77,,1837,2,,,0,36,,1831,2,,,0,150,,1838,2,,,0
8901,'CsRoyOff',2010,,4880,2,,,0,105,,4879,2,,,0,105,,4878,2,,,0,105,,4877,2,,,0
8901,'CsRoyOffKerOff',2010,,4884,2,,,0,105,,4883,2,,,0,105,,4882,2,,,0,105,,4881,2,,,0
8901,'Dimanche',827,,4886,2,,,0,105,,4888,2,,,0,106,,4890,2,,,0,105,,4891,2,,,0,105,,4892,2,,,0,105,,4893,2,,,0,105,,4894,2,,,0,145,,4895,2,,,0,105,,4885,2,,,0,104,,4889,2,,,0,101,,4887,2,,,0
8901,'EventOff',2010,,4899,2,,,0,105,,4898,2,,,0,105,,4897,2,,,0,105,,4896,2,,,0
8901,'EventOn',2010,,4903,2,,,0,105,,4902,2,,,0,105,,4901,2,,,0,105,,4900,2,,,0
8901,'KerOffPriveOff',2010,,4907,2,,,0,105,,4906,2,,,0,105,,4905,2,,,0,105,,4904,2,,,0
8901,'Samedi',703,,4916,2,,,0,105,,4908,2,,,0,106,,4917,2,,,0,105,,4909,2,,,0,105,,4918,2,,,0,105,,4910,2,,,0,104,,4919,2,,,0,105,,4911,2,,,0,105,,4920,2,,,0,106,,4912,2,,,0,104,,4921,2,,,0,105,,4913,2,,,0,145,,4922,2,,,0,105,,4914,2,,,0,105,,4923,2,,,0,105,,4915,2,,,0
