1400,'CsRoyOff',645,,3062,20,,,0,70,,3063,20,,,0,30,,3061,20,,,0,100,,3060,20,,,0
1400,'CsRoyOffKerOff',645,,3069,20,,,0,70,,3070,20,,,0,30,,3068,20,,,0,100,,3067,20,,,0
1400,'EventOff',645,,3076,20,,,0,70,,3077,20,,,0,30,,3075,20,,,0,100,,3074,20,,,0
1400,'EventOn',645,,3083,20,,,0,70,,3084,20,,,0,30,,3082,20,,,0,100,,3081,20,,,0
1400,'KerOffPriveOff',645,,3090,20,,,0,70,,3091,20,,,0,30,,3089,20,,,0,100,,3088,20,,,0
1401,'CsRoyOff',1552,,3094,17,,,0,100,,3093,17,,,0,99,,3092,17,,,0
1401,'CsRoyOffKerOff',1552,,3100,17,,,0,100,,3099,17,,,0,99,,3098,17,,,0
1401,'EventOff',1552,,3106,17,,,0,100,,3105,17,,,0,99,,3104,17,,,0
1401,'EventOn',1552,,3112,17,,,0,100,,3111,17,,,0,99,,3110,17,,,0
1401,'KerOffPriveOff',1552,,3118,17,,,0,100,,3117,17,,,0,99,,3116,17,,,0
