2500,'CsRoyOff',613,,3573,12,,,0,29,,3548,39,,,0,75,,3546,39,,,0,10,,3575,22,0,21,0,30,,3549,39,,,0,75,,3547,39,,,0,75,,3550,39,,,0,34,,3551,39,,,0,75,,3552,39,,,0,35,,3553,39,,,0,75,,3554,39,,,0,75,,3555,39,,,0,35,,3556,39,,,0,75,,3557,39,,,0,35,,3558,39,,,0,75,,3559,39,,,0,35,,3560,39,,,0,81,,3561,39,,,0,71,,3576,22,,,0,7,,3562,39,,,0,36,,3563,39,,,0,75,,3564,39,,,0,75,,3565,39,,,0,35,,3566,39,,,0,75,,3567,39,,,0,105,,3568,39,,,0,105,,3569,39,,,0,105,,3570,39,,,0,105,,3571,39,,,0,105,,3572,39,,,0
2500,'CsRoyOffKerOff',613,,3604,12,,,0,29,,3579,39,,,0,75,,3577,39,,,0,10,,3605,22,0,21,0,30,,3580,39,,,0,75,,3578,39,,,0,75,,3581,39,,,0,34,,3582,39,,,0,75,,3583,39,,,0,35,,3584,39,,,0,75,,3585,39,,,0,75,,3586,39,,,0,35,,3587,39,,,0,75,,3588,39,,,0,35,,3589,39,,,0,75,,3590,39,,,0,35,,3591,39,,,0,81,,3592,39,,,0,71,,3606,22,,,0,7,,3593,39,,,0,36,,3594,39,,,0,75,,3595,39,,,0,75,,3596,39,,,0,35,,3597,39,,,0,75,,3598,39,,,0,105,,3599,39,,,0,105,,3600,39,,,0,105,,3601,39,,,0,105,,3602,39,,,0,105,,3603,39,,,0
2500,'Dimanche',837,,3617,12,,,0,104,,3610,39,,,0,105,,3611,39,,,0,105,,3612,39,,,0,105,,3613,39,,,0,145,,3614,39,,,0,105,,3615,39,,,0,105,,3616,39,,,0,105,,3608,39,,,0,105,,3609,39,,,0,105,,3607,39,,,0
2500,'EventOff',613,,3645,12,,,0,29,,3620,39,,,0,75,,3618,39,,,0,40,,3621,39,,,0,75,,3619,39,,,0,75,,3622,39,,,0,34,,3623,39,,,0,75,,3624,39,,,0,35,,3625,39,,,0,75,,3626,39,,,0,75,,3627,39,,,0,35,,3628,39,,,0,75,,3629,39,,,0,35,,3630,39,,,0,75,,3631,39,,,0,35,,3632,39,,,0,81,,3633,39,,,0,78,,3634,39,,,0,36,,3635,39,,,0,75,,3636,39,,,0,75,,3637,39,,,0,35,,3638,39,,,0,75,,3639,39,,,0,105,,3640,39,,,0,105,,3641,39,,,0,105,,3642,39,,,0,105,,3643,39,,,0,105,,3644,39,,,0
2500,'EventOn',613,,3673,12,,,0,29,,3648,39,,,0,74,,3674,12,0,9,0,1,,3646,39,,,0,10,,3677,22,0,21,0,30,,3649,39,,,0,75,,3647,39,,,0,75,,3650,39,,,0,34,,3651,39,,,0,75,,3652,39,,,0,35,,3653,39,,,0,75,,3654,39,,,0,75,,3655,39,,,0,35,,3656,39,,,0,75,,3657,39,,,0,35,,3658,39,,,0,75,,3659,39,,,0,35,,3660,39,,,0,81,,3661,39,,,0,19,,3680,13,,,0,52,,3679,22,,,0,5,,3678,41,,,0,2,,3662,39,,,0,36,,3663,39,,,0,75,,3664,39,,,0,75,,3665,39,,,0,35,,3666,39,,,0,75,,3667,39,,,0,105,,3668,39,,,0,105,,3669,39,,,0,105,,3670,39,,,0,105,,3671,39,,,0,105,,3672,39,,,0
2500,'KerOffPriveOff',613,,3708,12,,,0,29,,3683,39,,,0,74,,3709,12,0,9,0,1,,3681,39,,,0,40,,3684,39,,,0,75,,3682,39,,,0,75,,3685,39,,,0,34,,3686,39,,,0,75,,3687,39,,,0,35,,3688,39,,,0,75,,3689,39,,,0,75,,3690,39,,,0,35,,3691,39,,,0,75,,3692,39,,,0,35,,3693,39,,,0,75,,3694,39,,,0,35,,3695,39,,,0,81,,3696,39,,,0,19,,3712,13,,,0,57,,3711,41,,,0,2,,3697,39,,,0,36,,3698,39,,,0,75,,3699,39,,,0,75,,3700,39,,,0,35,,3701,39,,,0,75,,3702,39,,,0,105,,3703,39,,,0,105,,3704,39,,,0,105,,3705,39,,,0,105,,3706,39,,,0,105,,3707,39,,,0
2500,'Samedi',605,,3725,12,,,0,106,,3713,39,,,0,105,,3719,39,,,0,105,,3726,39,,,0,105,,3714,39,,,0,105,,3720,39,,,0,105,,3727,39,,,0,105,,3715,39,,,0,105,,3721,39,,,0,105,,3728,39,,,0,105,,3716,39,,,0,145,,3722,39,,,0,105,,3729,39,,,0,105,,3717,39,,,0,105,,3723,39,,,0,105,,3730,39,,,0,105,,3718,39,,,0,105,,3724,39,,,0
3080300000,'EventOn',804,,4978,4,,,0
3080300000,'KerOffPriveOff',804,,4979,4,,,0
3080300001,'EventOn',1602,,4980,6,,,0
3080300001,'KerOffPriveOff',1602,,4981,6,,,0
3080400000,'EventOn',809,,4982,32,,,0
3080400000,'KerOffPriveOff',809,,4983,32,,,0
3080400001,'EventOn',1602,,4984,13,,,0
3080400001,'KerOffPriveOff',1602,,4985,13,,,0
