501,'CsRoyOff',624,,840,8,,,0,79,,837,8,,,0,35,,827,8,,,0,77,,823,8,,,0,35,,833,8,,,0,76,,841,8,,,0,74,,831,8,,,0,35,,828,8,,,0,74,,824,8,,,0,35,,834,8,,,0,75,,842,8,,,0,35,,832,8,,,0,75,,829,8,,,0,75,,825,8,,,0,34,,835,8,,,0,76,,843,8,,,0,38,,839,8,,,0,78,,830,8,,,0,80,,826,8,,,0,35,,836,8,,,0,75,,844,8,,,0,35,,838,8,,,0,75,,849,8,,,0,97,,848,8,,,0,105,,847,8,,,0,105,,846,8,,,0,105,,845,8,,,0
501,'CsRoyOffKerOff',624,,868,8,,,0,79,,865,8,,,0,35,,855,8,,,0,77,,851,8,,,0,35,,861,8,,,0,76,,869,8,,,0,74,,859,8,,,0,35,,856,8,,,0,74,,852,8,,,0,35,,862,8,,,0,75,,870,8,,,0,35,,860,8,,,0,75,,857,8,,,0,75,,853,8,,,0,34,,863,8,,,0,76,,871,8,,,0,38,,867,8,,,0,78,,858,8,,,0,80,,854,8,,,0,35,,864,8,,,0,75,,872,8,,,0,35,,866,8,,,0,75,,877,8,,,0,97,,876,8,,,0,105,,875,8,,,0,105,,874,8,,,0,105,,873,8,,,0
501,'Dimanche',847,,882,8,,,0,105,,881,8,,,0,105,,883,8,,,0,145,,885,8,,,0,105,,884,8,,,0,106,,886,8,,,0,105,,887,8,,,0,105,,888,8,,,0,105,,879,8,,,0,105,,880,8,,,0
501,'EventOff',624,,906,8,,,0,79,,903,8,,,0,35,,893,8,,,0,77,,889,8,,,0,35,,899,8,,,0,76,,907,8,,,0,74,,897,8,,,0,35,,894,8,,,0,74,,890,8,,,0,35,,900,8,,,0,75,,908,8,,,0,35,,898,8,,,0,75,,895,8,,,0,75,,891,8,,,0,34,,901,8,,,0,76,,909,8,,,0,38,,905,8,,,0,78,,896,8,,,0,80,,892,8,,,0,35,,902,8,,,0,75,,910,8,,,0,35,,904,8,,,0,75,,915,8,,,0,97,,914,8,,,0,105,,913,8,,,0,105,,912,8,,,0,105,,911,8,,,0
501,'EventOn',624,,933,8,,,0,79,,930,8,,,0,35,,920,8,,,0,77,,916,8,,,0,35,,926,8,,,0,76,,934,8,,,0,74,,924,8,,,0,35,,921,8,,,0,74,,917,8,,,0,35,,927,8,,,0,75,,935,8,,,0,35,,925,8,,,0,75,,922,8,,,0,75,,918,8,,,0,34,,928,8,,,0,76,,936,8,,,0,38,,932,8,,,0,78,,923,8,,,0,80,,919,8,,,0,35,,929,8,,,0,75,,937,8,,,0,35,,931,8,,,0,75,,942,8,,,0,97,,941,8,,,0,105,,940,8,,,0,105,,939,8,,,0,105,,938,8,,,0
501,'KerOffPriveOff',624,,961,8,,,0,79,,958,8,,,0,35,,948,8,,,0,77,,944,8,,,0,35,,954,8,,,0,76,,962,8,,,0,74,,952,8,,,0,35,,949,8,,,0,74,,945,8,,,0,35,,955,8,,,0,75,,963,8,,,0,35,,953,8,,,0,75,,950,8,,,0,75,,946,8,,,0,34,,956,8,,,0,76,,964,8,,,0,38,,960,8,,,0,78,,951,8,,,0,80,,947,8,,,0,35,,957,8,,,0,75,,965,8,,,0,35,,959,8,,,0,75,,970,8,,,0,97,,969,8,,,0,105,,968,8,,,0,105,,967,8,,,0,105,,966,8,,,0
501,'Samedi',617,,971,8,,,0,105,,977,8,,,0,105,,983,8,,,0,105,,972,8,,,0,105,,978,8,,,0,105,,984,8,,,0,105,,973,8,,,0,106,,979,8,,,0,105,,985,8,,,0,145,,974,8,,,0,105,,980,8,,,0,105,,986,8,,,0,104,,975,8,,,0,105,,981,8,,,0,105,,987,8,,,0,105,,976,8,,,0,105,,982,8,,,0
2501,'CsRoyOff',636,,3731,31,,,0,74,,3733,31,,,0,40,,3732,31,,,0,77,,3734,31,,,0,73,,3752,31,,,0,34,,3735,31,,,0,75,,3736,31,,,0,35,,3737,31,,,0,75,,3738,31,,,0,35,,3739,31,,,0,75,,3740,31,,,0,75,,3741,31,,,0,35,,3742,31,,,0,75,,3743,31,,,0,35,,3744,31,,,0,78,,3745,31,,,0,79,,3746,31,,,0,38,,3747,31,,,0,76,,3748,31,,,0,35,,3749,31,,,0,75,,3750,31,,,0,73,,3751,31,,,0,35,,3753,31,,,0,104,,3754,31,,,0,105,,3755,31,,,0,105,,3756,31,,,0,105,,3757,31,,,0
2501,'CsRoyOffKerOff',636,,3759,31,,,0,74,,3761,31,,,0,40,,3760,31,,,0,77,,3762,31,,,0,73,,3780,31,,,0,34,,3763,31,,,0,75,,3764,31,,,0,35,,3765,31,,,0,75,,3766,31,,,0,35,,3767,31,,,0,75,,3768,31,,,0,75,,3769,31,,,0,35,,3770,31,,,0,75,,3771,31,,,0,35,,3772,31,,,0,78,,3773,31,,,0,79,,3774,31,,,0,38,,3775,31,,,0,76,,3776,31,,,0,35,,3777,31,,,0,75,,3778,31,,,0,73,,3779,31,,,0,35,,3781,31,,,0,104,,3782,31,,,0,105,,3783,31,,,0,105,,3784,31,,,0,105,,3785,31,,,0
2501,'Dimanche',902,,3788,31,,,0,105,,3789,31,,,0,105,,3790,31,,,0,105,,3791,31,,,0,105,,3792,31,,,0,105,,3793,31,,,0,105,,3794,31,,,0,105,,3795,31,,,0,105,,3787,31,,,0,105,,3786,31,,,0
2501,'EventOff',636,,3796,31,,,0,74,,3798,31,,,0,40,,3797,31,,,0,77,,3799,31,,,0,73,,3817,31,,,0,34,,3800,31,,,0,75,,3801,31,,,0,35,,3802,31,,,0,75,,3803,31,,,0,35,,3804,31,,,0,75,,3805,31,,,0,75,,3806,31,,,0,35,,3807,31,,,0,75,,3808,31,,,0,35,,3809,31,,,0,78,,3810,31,,,0,79,,3811,31,,,0,38,,3812,31,,,0,76,,3813,31,,,0,35,,3814,31,,,0,75,,3815,31,,,0,73,,3816,31,,,0,35,,3818,31,,,0,104,,3819,31,,,0,105,,3820,31,,,0,105,,3821,31,,,0,105,,3822,31,,,0
2501,'EventOn',636,,3823,31,,,0,74,,3825,31,,,0,40,,3824,31,,,0,52,,3851,31,0,10,0,25,,3826,31,,,0,73,,3844,31,,,0,34,,3827,31,,,0,75,,3828,31,,,0,35,,3829,31,,,0,75,,3830,31,,,0,35,,3831,31,,,0,75,,3832,31,,,0,75,,3833,31,,,0,35,,3834,31,,,0,75,,3835,31,,,0,35,,3836,31,,,0,78,,3837,31,,,0,79,,3838,31,,,0,38,,3839,31,,,0,76,,3840,31,,,0,35,,3841,31,,,0,75,,3842,31,,,0,73,,3843,31,,,0,35,,3845,31,,,0,104,,3846,31,,,0,105,,3847,31,,,0,105,,3848,31,,,0,105,,3849,31,,,0
2501,'KerOffPriveOff',636,,3853,31,,,0,74,,3855,31,,,0,40,,3854,31,,,0,52,,3881,31,0,10,0,25,,3856,31,,,0,73,,3874,31,,,0,34,,3857,31,,,0,75,,3858,31,,,0,35,,3859,31,,,0,75,,3860,31,,,0,35,,3861,31,,,0,75,,3862,31,,,0,75,,3863,31,,,0,35,,3864,31,,,0,75,,3865,31,,,0,35,,3866,31,,,0,78,,3867,31,,,0,79,,3868,31,,,0,38,,3869,31,,,0,76,,3870,31,,,0,35,,3871,31,,,0,75,,3872,31,,,0,73,,3873,31,,,0,35,,3875,31,,,0,104,,3876,31,,,0,105,,3877,31,,,0,105,,3878,31,,,0,105,,3879,31,,,0
2501,'Samedi',632,,3893,31,,,0,104,,3882,31,,,0,105,,3888,31,,,0,105,,3894,31,,,0,105,,3883,31,,,0,105,,3889,31,,,0,145,,3895,31,,,0,106,,3884,31,,,0,105,,3890,31,,,0,105,,3896,31,,,0,105,,3885,31,,,0,104,,3891,31,,,0,105,,3897,31,,,0,105,,3886,31,,,0,105,,3892,31,,,0,105,,3898,31,,,0,105,,3887,31,,,0
6000,'CsRoyOff',624,,4484,8,,,0,82,,4474,8,,,0,31,,4485,8,,,0,80,,4475,8,,,0,35,,4486,8,,,0,74,,4476,8,,,0,76,,4487,8,,,0,34,,4477,8,,,0,75,,4488,8,,,0,33,,4478,8,,,0,76,,4489,8,,,0,35,,4479,8,,,0,68,,4490,8,,,0,77,,4501,8,,,0,25,,4480,8,,,0,80,,4491,8,,,0,38,,4481,8,,,0,78,,4492,8,,,0,34,,4482,8,,,0,76,,4493,8,,,0,75,,4483,8,,,0,35,,4494,8,,,0,78,,4495,8,,,0,105,,4500,8,,,0,105,,4499,8,,,0,105,,4498,8,,,0,105,,4496,8,,,0,101,,4497,8,0,14 15,0
6000,'CsRoyOffKerOff',624,,4513,8,,,0,82,,4503,8,,,0,31,,4514,8,,,0,80,,4504,8,,,0,35,,4515,8,,,0,74,,4505,8,,,0,76,,4516,8,,,0,34,,4506,8,,,0,75,,4517,8,,,0,33,,4507,8,,,0,76,,4518,8,,,0,35,,4508,8,,,0,68,,4519,8,,,0,77,,4530,8,,,0,25,,4509,8,,,0,80,,4520,8,,,0,38,,4510,8,,,0,78,,4521,8,,,0,34,,4511,8,,,0,76,,4522,8,,,0,75,,4512,8,,,0,35,,4523,8,,,0,78,,4524,8,,,0,105,,4529,8,,,0,105,,4528,8,,,0,105,,4527,8,,,0,105,,4525,8,,,0,101,,4526,8,0,14 15,0
6000,'Dimanche',846,,4531,8,,,0,105,,4532,8,,,0,104,,4534,8,,,0,147,,4536,8,,,0,104,,4537,8,,,0,104,,4538,8,,,0,105,,4539,8,,,0,104,,4540,8,,,0,106,,4535,8,,,0,105,,4533,8,,,0
6000,'EventOff',624,,4552,8,,,0,82,,4542,8,,,0,31,,4553,8,,,0,80,,4543,8,,,0,35,,4554,8,,,0,74,,4544,8,,,0,76,,4555,8,,,0,34,,4545,8,,,0,75,,4556,8,,,0,33,,4546,8,,,0,76,,4557,8,,,0,35,,4547,8,,,0,68,,4558,8,,,0,77,,4569,8,,,0,25,,4548,8,,,0,80,,4559,8,,,0,38,,4549,8,,,0,78,,4560,8,,,0,34,,4550,8,,,0,76,,4561,8,,,0,75,,4551,8,,,0,35,,4562,8,,,0,78,,4563,8,,,0,105,,4568,8,,,0,105,,4567,8,,,0,105,,4566,8,,,0,105,,4564,8,,,0,101,,4565,8,0,14 15,0
6000,'EventOn',624,,4581,8,,,0,82,,4571,8,,,0,31,,4582,8,,,0,80,,4572,8,,,0,35,,4583,8,,,0,74,,4573,8,,,0,76,,4584,8,,,0,34,,4574,8,,,0,75,,4585,8,,,0,33,,4575,8,,,0,76,,4586,8,,,0,35,,4576,8,,,0,68,,4587,8,,,0,77,,4598,8,,,0,25,,4577,8,,,0,80,,4588,8,,,0,38,,4578,8,,,0,78,,4589,8,,,0,34,,4579,8,,,0,76,,4590,8,,,0,75,,4580,8,,,0,35,,4591,8,,,0,78,,4592,8,,,0,105,,4597,8,,,0,105,,4596,8,,,0,105,,4595,8,,,0,105,,4593,8,,,0,101,,4594,8,0,14 15,0
6000,'KerOffPriveOff',624,,4613,8,,,0,82,,4603,8,,,0,31,,4614,8,,,0,80,,4604,8,,,0,35,,4615,8,,,0,74,,4605,8,,,0,76,,4616,8,,,0,34,,4606,8,,,0,75,,4617,8,,,0,33,,4607,8,,,0,76,,4618,8,,,0,35,,4608,8,,,0,68,,4619,8,,,0,77,,4630,8,,,0,25,,4609,8,,,0,80,,4620,8,,,0,38,,4610,8,,,0,78,,4621,8,,,0,34,,4611,8,,,0,76,,4622,8,,,0,75,,4612,8,,,0,35,,4623,8,,,0,78,,4624,8,,,0,105,,4629,8,,,0,105,,4628,8,,,0,105,,4627,8,,,0,105,,4625,8,,,0,101,,4626,8,0,14 15,0
6000,'Samedi',616,,4639,8,,,0,104,,4645,8,,,0,105,,4634,8,,,0,105,,4640,8,,,0,106,,4646,8,,,0,105,,4635,8,,,0,105,,4641,8,,,0,106,,4647,8,,,0,104,,4636,8,,,0,145,,4642,8,,,0,104,,4648,8,,,0,105,,4637,8,,,0,105,,4643,8,,,0,105,,4649,8,,,0,105,,4638,8,,,0,105,,4644,8,,,0,105,,4650,8,,,0,100,,4651,8,0,14 15,0
111800500,'CsRoyOff',1546,,4937,6,,,0
111800500,'CsRoyOffKerOff',1546,,4938,6,,,0
111800500,'EventOn',1546,,4940,6,,,0
