900,'CsRoyOff',704,,1654,44,4,,0,40,,1668,44,4,,0,75,,1655,44,4,,0,36,,1665,44,4,,0,75,,1656,44,4,,0,75,,1669,44,4,,0,35,,1657,44,4,,0,112,,1658,44,4,,0,150,,1659,44,4,,0,111,,1660,44,4,,0,35,,1666,44,4,,0,76,,1661,44,4,,0,79,,1667,44,4,,0,28,,1672,40,0,5,0,2,,1671,43,,,0,7,,1662,44,4,,0,77,,1670,44,4,,0,36,,1663,44,4,,0,147,,1664,44,4,,0
900,'CsRoyOffKerOff',704,,1673,44,4,,0,40,,1687,44,4,,0,75,,1674,44,4,,0,36,,1684,44,4,,0,75,,1675,44,4,,0,75,,1688,44,4,,0,35,,1676,44,4,,0,112,,1677,44,4,,0,150,,1678,44,4,,0,111,,1679,44,4,,0,35,,1685,44,4,,0,76,,1680,44,4,,0,79,,1686,44,4,,0,28,,1690,40,0,5,0,9,,1681,44,4,,0,77,,1689,44,4,,0,36,,1682,44,4,,0,147,,1683,44,4,,0
900,'EventOff',704,,1691,44,4,,0,40,,1705,44,4,,0,75,,1692,44,4,,0,36,,1702,44,4,,0,75,,1693,44,4,,0,75,,1706,44,4,,0,35,,1694,44,4,,0,112,,1695,44,4,,0,150,,1696,44,4,,0,111,,1697,44,4,,0,35,,1703,44,4,,0,76,,1698,44,4,,0,79,,1704,44,4,,0,37,,1699,44,4,,0,77,,1707,44,4,,0,36,,1700,44,4,,0,147,,1701,44,4,,0
900,'EventOn',704,,1708,44,4,,0,40,,1722,44,4,,0,75,,1709,44,4,,0,36,,1719,44,4,,0,75,,1710,44,4,,0,75,,1723,44,4,,0,35,,1711,44,4,,0,112,,1712,44,4,,0,150,,1713,44,4,,0,111,,1714,44,4,,0,35,,1720,44,4,,0,76,,1715,44,4,,0,79,,1721,44,4,,0,28,,1726,40,0,5,0,2,,1725,43,,,0,7,,1716,44,4,,0,77,,1724,44,4,,0,36,,1717,44,4,,0,147,,1718,44,4,,0
900,'KerOffPriveOff',704,,1727,44,4,,0,40,,1741,44,4,,0,75,,1728,44,4,,0,36,,1738,44,4,,0,75,,1729,44,4,,0,75,,1742,44,4,,0,35,,1730,44,4,,0,112,,1731,44,4,,0,150,,1732,44,4,,0,111,,1733,44,4,,0,35,,1739,44,4,,0,76,,1734,44,4,,0,79,,1740,44,4,,0,37,,1735,44,4,,0,77,,1743,44,4,,0,36,,1736,44,4,,0,147,,1737,44,4,,0
901,'CsRoyOff',609,,1744,1,,,0,24,,1758,1,,,0,67,,1762,2,0,5,0,5,,1763,2,0,6,0,4,,1745,1,,,0,40,,1757,1,,,0,74,,1746,1,,,0,36,,1759,1,,,0,75,,1747,1,,,0,110,,1748,1,,,0,111,,1749,1,,,0,149,,1750,1,,,0,111,,1751,1,,,0,35,,1756,1,,,0,76,,1752,1,,,0,79,,1755,1,,,0,37,,1753,1,,,0,77,,1760,1,,,0,36,,1754,1,,,0,150,,1761,1,,,0
901,'CsRoyOffKerOff',609,,1764,1,,,0,24,,1778,1,,,0,67,,1782,2,0,5,0,9,,1765,1,,,0,40,,1777,1,,,0,74,,1766,1,,,0,36,,1779,1,,,0,75,,1767,1,,,0,110,,1768,1,,,0,111,,1769,1,,,0,149,,1770,1,,,0,111,,1771,1,,,0,35,,1776,1,,,0,76,,1772,1,,,0,79,,1775,1,,,0,37,,1773,1,,,0,77,,1780,1,,,0,36,,1774,1,,,0,150,,1781,1,,,0
901,'EventOff',609,,1783,1,,,0,24,,1797,1,,,0,76,,1784,1,,,0,40,,1796,1,,,0,74,,1785,1,,,0,36,,1798,1,,,0,75,,1786,1,,,0,110,,1787,1,,,0,111,,1788,1,,,0,149,,1789,1,,,0,111,,1790,1,,,0,35,,1795,1,,,0,76,,1791,1,,,0,79,,1794,1,,,0,37,,1792,1,,,0,77,,1799,1,,,0,36,,1793,1,,,0,150,,1800,1,,,0
901,'EventOn',609,,1801,1,,,0,24,,1815,1,,,0,67,,1819,2,0,5,0,5,,1820,2,0,6,0,4,,1802,1,,,0,40,,1814,1,,,0,74,,1803,1,,,0,36,,1816,1,,,0,75,,1804,1,,,0,110,,1805,1,,,0,111,,1806,1,,,0,149,,1807,1,,,0,111,,1808,1,,,0,35,,1813,1,,,0,76,,1809,1,,,0,79,,1812,1,,,0,37,,1810,1,,,0,77,,1817,1,,,0,36,,1811,1,,,0,150,,1818,1,,,0
901,'KerOffPriveOff',609,,1821,1,,,0,24,,1835,1,,,0,76,,1822,1,,,0,40,,1834,1,,,0,74,,1823,1,,,0,36,,1836,1,,,0,75,,1824,1,,,0,110,,1825,1,,,0,111,,1826,1,,,0,149,,1827,1,,,0,111,,1828,1,,,0,35,,1833,1,,,0,76,,1829,1,,,0,79,,1832,1,,,0,37,,1830,1,,,0,77,,1837,1,,,0,36,,1831,1,,,0,150,,1838,1,,,0
8900,'CsRoyOff',1959,,4827,45,4,,0,100,,4829,45,4,,0,145,,4828,45,4,,0,107,,4826,45,4,,0,103,,4825,45,4,,0
8900,'CsRoyOffKerOff',1959,,4832,45,4,,0,100,,4834,45,4,,0,145,,4833,45,4,,0,107,,4831,45,4,,0,103,,4830,45,4,,0
8900,'Dimanche',918,,4836,45,4,,0,105,,4838,45,4,,0,107,,4839,45,4,,0,105,,4840,45,4,,0,105,,4842,45,4,,0,105,,4841,45,4,,0,105,,4843,45,4,,0,105,,4844,45,4,,0,104,,4835,45,4,,0,144,,4837,45,4,,0
8900,'EventOff',1959,,4847,45,4,,0,100,,4849,45,4,,0,145,,4848,45,4,,0,107,,4846,45,4,,0,103,,4845,45,4,,0
8900,'EventOn',1959,,4852,45,4,,0,100,,4854,45,4,,0,145,,4853,45,4,,0,107,,4851,45,4,,0,103,,4850,45,4,,0
8900,'KerOffPriveOff',1959,,4857,45,4,,0,100,,4859,45,4,,0,145,,4858,45,4,,0,107,,4856,45,4,,0,103,,4855,45,4,,0
8900,'Samedi',651,,4876,45,4,,0,103,,4860,45,4,,0,105,,4868,45,4,,0,147,,4861,45,4,,0,105,,4869,45,4,,0,105,,4862,45,4,,0,105,,4870,45,4,,0,104,,4863,45,4,,0,104,,4871,45,4,,0,106,,4864,45,4,,0,106,,4872,45,4,,0,104,,4865,45,4,,0,105,,4873,45,4,,0,105,,4866,45,4,,0,104,,4874,45,4,,0,145,,4867,45,4,,0,105,,4875,45,4,,0
8901,'CsRoyOff',2010,,4880,1,,,0,105,,4879,1,,,0,105,,4878,1,,,0,105,,4877,1,,,0
8901,'CsRoyOffKerOff',2010,,4884,1,,,0,105,,4883,1,,,0,105,,4882,1,,,0,105,,4881,1,,,0
8901,'Dimanche',827,,4886,1,,,0,105,,4888,1,,,0,106,,4890,1,,,0,105,,4891,1,,,0,105,,4892,1,,,0,105,,4893,1,,,0,105,,4894,1,,,0,145,,4895,1,,,0,105,,4885,1,,,0,104,,4889,1,,,0,101,,4887,1,,,0
8901,'EventOff',2010,,4899,1,,,0,105,,4898,1,,,0,105,,4897,1,,,0,105,,4896,1,,,0
8901,'EventOn',2010,,4903,1,,,0,105,,4902,1,,,0,105,,4901,1,,,0,105,,4900,1,,,0
8901,'KerOffPriveOff',2010,,4907,1,,,0,105,,4906,1,,,0,105,,4905,1,,,0,105,,4904,1,,,0
8901,'Samedi',703,,4916,1,,,0,105,,4908,1,,,0,106,,4917,1,,,0,105,,4909,1,,,0,105,,4918,1,,,0,105,,4910,1,,,0,104,,4919,1,,,0,105,,4911,1,,,0,105,,4920,1,,,0,106,,4912,1,,,0,104,,4921,1,,,0,105,,4913,1,,,0,145,,4922,1,,,0,105,,4914,1,,,0,105,,4923,1,,,0,105,,4915,1,,,0
