2500,'CsRoyOff',607,,3573,2,,,0,29,,3548,29,,,0,70,,3575,2,0,21,0,5,,3546,29,,,0,40,,3549,29,,,0,75,,3547,29,,,0,76,,3550,29,,,0,34,,3551,29,,,0,75,,3552,29,,,0,35,,3553,29,,,0,75,,3554,29,,,0,35,,3555,29,,,0,75,,3556,29,,,0,75,,3557,29,,,0,35,,3558,29,,,0,75,,3559,29,,,0,35,,3560,29,,,0,81,,3561,29,,,0,21,,3576,2,,,0,57,,3562,29,,,0,36,,3563,29,,,0,75,,3564,29,,,0,35,,3565,29,,,0,75,,3566,29,,,0,75,,3567,29,,,0,105,,3568,29,,,0,105,,3569,29,,,0,105,,3570,29,,,0,105,,3571,29,,,0,105,,3572,29,,,0
2500,'CsRoyOffKerOff',607,,3604,2,,,0,29,,3579,29,,,0,70,,3605,2,0,21,0,5,,3577,29,,,0,40,,3580,29,,,0,75,,3578,29,,,0,76,,3581,29,,,0,34,,3582,29,,,0,75,,3583,29,,,0,35,,3584,29,,,0,75,,3585,29,,,0,35,,3586,29,,,0,75,,3587,29,,,0,75,,3588,29,,,0,35,,3589,29,,,0,75,,3590,29,,,0,35,,3591,29,,,0,81,,3592,29,,,0,21,,3606,2,,,0,57,,3593,29,,,0,36,,3594,29,,,0,75,,3595,29,,,0,35,,3596,29,,,0,75,,3597,29,,,0,75,,3598,29,,,0,105,,3599,29,,,0,105,,3600,29,,,0,105,,3601,29,,,0,105,,3602,29,,,0,105,,3603,29,,,0
2500,'Dimanche',832,,3617,2,,,0,104,,3610,29,,,0,105,,3611,29,,,0,105,,3612,29,,,0,105,,3613,29,,,0,105,,3614,29,,,0,145,,3615,29,,,0,105,,3616,29,,,0,105,,3608,29,,,0,105,,3609,29,,,0,105,,3607,29,,,0
2500,'EventOff',607,,3645,2,,,0,29,,3620,29,,,0,75,,3618,29,,,0,40,,3621,29,,,0,75,,3619,29,,,0,76,,3622,29,,,0,34,,3623,29,,,0,75,,3624,29,,,0,35,,3625,29,,,0,75,,3626,29,,,0,35,,3627,29,,,0,75,,3628,29,,,0,75,,3629,29,,,0,35,,3630,29,,,0,75,,3631,29,,,0,35,,3632,29,,,0,81,,3633,29,,,0,78,,3634,29,,,0,36,,3635,29,,,0,75,,3636,29,,,0,35,,3637,29,,,0,75,,3638,29,,,0,75,,3639,29,,,0,105,,3640,29,,,0,105,,3641,29,,,0,105,,3642,29,,,0,105,,3643,29,,,0,105,,3644,29,,,0
2500,'EventOn',607,,3673,2,,,0,29,,3648,29,,,0,70,,3677,2,0,21,0,4,,3674,2,0,9,0,1,,3646,29,,,0,9,,3676,2,0,10,0,31,,3649,29,,,0,75,,3647,29,,,0,76,,3650,29,,,0,34,,3651,29,,,0,75,,3652,29,,,0,35,,3653,29,,,0,75,,3654,29,,,0,35,,3655,29,,,0,75,,3656,29,,,0,75,,3657,29,,,0,35,,3658,29,,,0,75,,3659,29,,,0,35,,3660,29,,,0,81,,3661,29,,,0,18,,3680,3,,,0,3,,3679,2,,,0,5,,3678,21,,,0,52,,3662,29,,,0,36,,3663,29,,,0,75,,3664,29,,,0,35,,3665,29,,,0,75,,3666,29,,,0,75,,3667,29,,,0,105,,3668,29,,,0,105,,3669,29,,,0,105,,3670,29,,,0,105,,3671,29,,,0,105,,3672,29,,,0
2500,'KerOffPriveOff',607,,3708,2,,,0,29,,3683,29,,,0,74,,3709,2,0,9,0,1,,3681,29,,,0,9,,3710,2,0,10,0,31,,3684,29,,,0,75,,3682,29,,,0,76,,3685,29,,,0,34,,3686,29,,,0,75,,3687,29,,,0,35,,3688,29,,,0,75,,3689,29,,,0,35,,3690,29,,,0,75,,3691,29,,,0,75,,3692,29,,,0,35,,3693,29,,,0,75,,3694,29,,,0,35,,3695,29,,,0,81,,3696,29,,,0,18,,3712,3,,,0,8,,3711,21,,,0,52,,3697,29,,,0,36,,3698,29,,,0,75,,3699,29,,,0,35,,3700,29,,,0,75,,3701,29,,,0,75,,3702,29,,,0,105,,3703,29,,,0,105,,3704,29,,,0,105,,3705,29,,,0,105,,3706,29,,,0,105,,3707,29,,,0
2500,'Samedi',600,,3725,2,,,0,106,,3713,29,,,0,105,,3719,29,,,0,105,,3726,29,,,0,105,,3714,29,,,0,105,,3720,29,,,0,105,,3727,29,,,0,105,,3715,29,,,0,105,,3721,29,,,0,105,,3728,29,,,0,105,,3716,29,,,0,105,,3722,29,,,0,145,,3729,29,,,0,105,,3717,29,,,0,105,,3723,29,,,0,105,,3730,29,,,0,105,,3718,29,,,0,105,,3724,29,,,0
3080200000,'EventOn',754,,4974,2,,,0
3080200000,'KerOffPriveOff',754,,4975,2,,,0
3080200001,'EventOn',1559,,4976,4,,,0
3080200001,'KerOffPriveOff',1559,,4977,4,,,0
3080300000,'EventOn',801,,4978,2,,,0
3080300000,'KerOffPriveOff',801,,4979,2,,,0
3080300001,'EventOn',1559,,4980,4,,,0
3080300001,'KerOffPriveOff',1559,,4981,4,,,0
3080400000,'EventOn',804,,4982,22,,,0
3080400000,'KerOffPriveOff',804,,4983,22,,,0
3080400001,'EventOn',1600,,4984,3,,,0
3080400001,'KerOffPriveOff',1600,,4985,3,,,0
