800,'CsRoyOff',632,,1330,23,,,0,75,,1341,23,,,0,42,,1331,23,,,0,75,,1342,23,,,0,34,,1332,23,,,0,74,,1343,23,,,0,75,,1333,23,,,0,35,,1344,23,,,0,76,,1334,23,,,0,35,,1345,23,,,0,75,,1335,23,,,0,75,,1346,23,,,0,35,,1336,23,,,0,75,,1347,23,,,0,36,,1337,23,,,0,80,,1348,23,,,0,79,,1338,23,,,0,37,,1349,23,,,0,75,,1339,23,,,0,33,,1350,23,,,0,75,,1340,23,,,0,74,,1351,23,,,0,105,,1356,23,,,0,105,,1355,23,,,0,105,,1352,23,,,0,105,,1353,23,,,0,105,,1354,23,,,0
800,'CsRoyOffKerOff',632,,1357,23,,,0,75,,1368,23,,,0,42,,1358,23,,,0,75,,1369,23,,,0,34,,1359,23,,,0,74,,1370,23,,,0,75,,1360,23,,,0,35,,1371,23,,,0,76,,1361,23,,,0,35,,1372,23,,,0,75,,1362,23,,,0,75,,1373,23,,,0,35,,1363,23,,,0,75,,1374,23,,,0,36,,1364,23,,,0,80,,1375,23,,,0,79,,1365,23,,,0,37,,1376,23,,,0,75,,1366,23,,,0,33,,1377,23,,,0,75,,1367,23,,,0,74,,1378,23,,,0,105,,1383,23,,,0,105,,1382,23,,,0,105,,1379,23,,,0,105,,1380,23,,,0,105,,1381,23,,,0
800,'Dimanche',933,,1386,23,,,0,105,,1387,23,,,0,105,,1389,23,,,0,105,,1390,23,,,0,105,,1391,23,,,0,105,,1392,23,,,0,145,,1393,23,,,0,105,,1388,23,,,0,105,,1384,23,,,0,105,,1385,23,,,0
800,'EventOff',632,,1394,23,,,0,75,,1405,23,,,0,42,,1395,23,,,0,75,,1406,23,,,0,34,,1396,23,,,0,74,,1407,23,,,0,75,,1397,23,,,0,35,,1408,23,,,0,76,,1398,23,,,0,35,,1409,23,,,0,75,,1399,23,,,0,75,,1410,23,,,0,35,,1400,23,,,0,75,,1411,23,,,0,36,,1401,23,,,0,80,,1412,23,,,0,79,,1402,23,,,0,37,,1413,23,,,0,75,,1403,23,,,0,33,,1414,23,,,0,75,,1404,23,,,0,74,,1415,23,,,0,105,,1420,23,,,0,105,,1419,23,,,0,105,,1416,23,,,0,105,,1417,23,,,0,105,,1418,23,,,0
800,'EventOn',632,,1421,23,,,0,75,,1432,23,,,0,42,,1422,23,,,0,75,,1433,23,,,0,34,,1423,23,,,0,74,,1434,23,,,0,75,,1424,23,,,0,35,,1435,23,,,0,76,,1425,23,,,0,35,,1436,23,,,0,75,,1426,23,,,0,75,,1437,23,,,0,35,,1427,23,,,0,75,,1438,23,,,0,36,,1428,23,,,0,80,,1439,23,,,0,79,,1429,23,,,0,37,,1440,23,,,0,75,,1430,23,,,0,33,,1441,23,,,0,75,,1431,23,,,0,74,,1442,23,,,0,105,,1447,23,,,0,105,,1446,23,,,0,105,,1443,23,,,0,105,,1444,23,,,0,105,,1445,23,,,0
800,'KerOffPriveOff',632,,1448,23,,,0,75,,1459,23,,,0,42,,1449,23,,,0,75,,1460,23,,,0,34,,1450,23,,,0,74,,1461,23,,,0,75,,1451,23,,,0,35,,1462,23,,,0,76,,1452,23,,,0,35,,1463,23,,,0,75,,1453,23,,,0,75,,1464,23,,,0,35,,1454,23,,,0,75,,1465,23,,,0,36,,1455,23,,,0,80,,1466,23,,,0,79,,1456,23,,,0,37,,1467,23,,,0,75,,1457,23,,,0,33,,1468,23,,,0,75,,1458,23,,,0,74,,1469,23,,,0,105,,1474,23,,,0,105,,1473,23,,,0,105,,1470,23,,,0,105,,1471,23,,,0,105,,1472,23,,,0
800,'Samedi',701,,1475,23,,,0,105,,1476,23,,,0,106,,1477,23,,,0,106,,1478,23,,,0,105,,1479,23,,,0,105,,1480,23,,,0,105,,1481,23,,,0,105,,1482,23,,,0,105,,1483,23,,,0,105,,1484,23,,,0,105,,1485,23,,,0,105,,1486,23,,,0,145,,1487,23,,,0,105,,1488,23,,,0,104,,1489,23,,,0,104,,1490,23,,,0,105,,1491,23,,,0
1700,'CsRoyOff',632,,3336,4,,,0,80,,3337,4,,,0,37,,3338,4,,,0,79,,3339,4,,,0,74,,3340,4,,,0,35,,3341,4,,,0,75,,3342,4,,,0,35,,3343,4,,,0,75,,3344,4,,,0,36,,3345,4,,,0,75,,3346,4,,,0,75,,3347,4,,,0,35,,3348,4,,,0,75,,3349,4,,,0,37,,3350,4,,,0,78,,3351,4,,,0,77,,3352,4,,,0,37,,3353,4,,,0,70,,3354,4,,,0,40,,3355,4,,,0,73,,3356,4,,,0
1700,'CsRoyOffKerOff',632,,3357,4,,,0,80,,3358,4,,,0,37,,3359,4,,,0,79,,3360,4,,,0,74,,3361,4,,,0,35,,3362,4,,,0,75,,3363,4,,,0,35,,3364,4,,,0,75,,3365,4,,,0,36,,3366,4,,,0,75,,3367,4,,,0,75,,3368,4,,,0,35,,3369,4,,,0,75,,3370,4,,,0,37,,3371,4,,,0,78,,3372,4,,,0,77,,3373,4,,,0,37,,3374,4,,,0,70,,3375,4,,,0,40,,3376,4,,,0,73,,3377,4,,,0
1700,'EventOff',632,,3378,4,,,0,80,,3379,4,,,0,37,,3380,4,,,0,79,,3381,4,,,0,74,,3382,4,,,0,35,,3383,4,,,0,75,,3384,4,,,0,35,,3385,4,,,0,75,,3386,4,,,0,36,,3387,4,,,0,75,,3388,4,,,0,75,,3389,4,,,0,35,,3390,4,,,0,75,,3391,4,,,0,37,,3392,4,,,0,78,,3393,4,,,0,77,,3394,4,,,0,37,,3395,4,,,0,70,,3396,4,,,0,40,,3397,4,,,0,73,,3398,4,,,0
1700,'EventOn',632,,3399,4,,,0,80,,3400,4,,,0,37,,3401,4,,,0,79,,3402,4,,,0,74,,3403,4,,,0,35,,3404,4,,,0,75,,3405,4,,,0,35,,3406,4,,,0,75,,3407,4,,,0,36,,3408,4,,,0,75,,3409,4,,,0,75,,3410,4,,,0,35,,3411,4,,,0,75,,3412,4,,,0,37,,3413,4,,,0,78,,3414,4,,,0,77,,3415,4,,,0,37,,3416,4,,,0,70,,3417,4,,,0,40,,3418,4,,,0,73,,3419,4,,,0
1700,'KerOffPriveOff',632,,3420,4,,,0,80,,3421,4,,,0,37,,3422,4,,,0,79,,3423,4,,,0,74,,3424,4,,,0,35,,3425,4,,,0,75,,3426,4,,,0,35,,3427,4,,,0,75,,3428,4,,,0,36,,3429,4,,,0,75,,3430,4,,,0,75,,3431,4,,,0,35,,3432,4,,,0,75,,3433,4,,,0,37,,3434,4,,,0,78,,3435,4,,,0,77,,3436,4,,,0,37,,3437,4,,,0,70,,3438,4,,,0,40,,3439,4,,,0,73,,3440,4,,,0
