900,'CsRoyOff',654,,1654,24,0,20,0,80,,1668,24,0,20,0,75,,1655,24,0,20,0,36,,1665,24,0,20,0,75,,1656,24,0,20,0,35,,1669,24,0,20,0,75,,1657,24,0,20,0,111,,1658,24,0,20,0,110,,1659,24,0,20,0,151,,1660,24,0,20,0,35,,1666,24,0,20,0,76,,1661,24,0,20,0,39,,1667,24,0,20,0,67,,1672,15,0,5,0,2,,1671,18,,,0,8,,1662,24,0,20,0,77,,1670,24,0,20,0,36,,1663,24,0,20,0,107,,1664,24,0,20,0
900,'CsRoyOffKerOff',654,,1673,24,0,20,0,80,,1687,24,0,20,0,75,,1674,24,0,20,0,36,,1684,24,0,20,0,75,,1675,24,0,20,0,35,,1688,24,0,20,0,75,,1676,24,0,20,0,111,,1677,24,0,20,0,110,,1678,24,0,20,0,151,,1679,24,0,20,0,35,,1685,24,0,20,0,76,,1680,24,0,20,0,39,,1686,24,0,20,0,67,,1690,15,0,5,0,10,,1681,24,0,20,0,77,,1689,24,0,20,0,36,,1682,24,0,20,0,107,,1683,24,0,20,0
900,'EventOff',654,,1691,24,0,20,0,80,,1705,24,0,20,0,75,,1692,24,0,20,0,36,,1702,24,0,20,0,75,,1693,24,0,20,0,35,,1706,24,0,20,0,75,,1694,24,0,20,0,111,,1695,24,0,20,0,110,,1696,24,0,20,0,151,,1697,24,0,20,0,35,,1703,24,0,20,0,76,,1698,24,0,20,0,39,,1704,24,0,20,0,77,,1699,24,0,20,0,77,,1707,24,0,20,0,36,,1700,24,0,20,0,107,,1701,24,0,20,0
900,'EventOn',654,,1708,24,0,20,0,80,,1722,24,0,20,0,75,,1709,24,0,20,0,36,,1719,24,0,20,0,75,,1710,24,0,20,0,35,,1723,24,0,20,0,75,,1711,24,0,20,0,111,,1712,24,0,20,0,110,,1713,24,0,20,0,151,,1714,24,0,20,0,35,,1720,24,0,20,0,76,,1715,24,0,20,0,39,,1721,24,0,20,0,67,,1726,15,0,5,0,2,,1725,18,,,0,8,,1716,24,0,20,0,77,,1724,24,0,20,0,36,,1717,24,0,20,0,107,,1718,24,0,20,0
900,'KerOffPriveOff',654,,1727,24,0,20,0,80,,1741,24,0,20,0,75,,1728,24,0,20,0,36,,1738,24,0,20,0,75,,1729,24,0,20,0,35,,1742,24,0,20,0,75,,1730,24,0,20,0,111,,1731,24,0,20,0,110,,1732,24,0,20,0,151,,1733,24,0,20,0,35,,1739,24,0,20,0,76,,1734,24,0,20,0,39,,1740,24,0,20,0,77,,1735,24,0,20,0,77,,1743,24,0,20,0,36,,1736,24,0,20,0,107,,1737,24,0,20,0
8900,'CsRoyOff',1948,,4827,25,,,0,100,,4829,25,,,0,105,,4828,25,,,0,147,,4826,25,,,0,103,,4825,25,,,0
8900,'CsRoyOffKerOff',1948,,4832,25,,,0,100,,4834,25,,,0,105,,4833,25,,,0,147,,4831,25,,,0,103,,4830,25,,,0
8900,'Dimanche',907,,4836,25,,,0,105,,4838,25,,,0,107,,4839,25,,,0,105,,4840,25,,,0,105,,4842,25,,,0,105,,4841,25,,,0,105,,4843,25,,,0,105,,4844,25,,,0,105,,4835,25,,,0,104,,4837,25,,,0
8900,'EventOff',1948,,4847,25,,,0,100,,4849,25,,,0,105,,4848,25,,,0,147,,4846,25,,,0,103,,4845,25,,,0
8900,'EventOn',1948,,4852,25,,,0,100,,4854,25,,,0,105,,4853,25,,,0,147,,4851,25,,,0,103,,4850,25,,,0
8900,'KerOffPriveOff',1948,,4857,25,,,0,100,,4859,25,,,0,105,,4858,25,,,0,147,,4856,25,,,0,103,,4855,25,,,0
8900,'Samedi',640,,4876,25,,,0,103,,4860,25,,,0,105,,4868,25,,,0,107,,4861,25,,,0,145,,4869,25,,,0,105,,4862,25,,,0,105,,4870,25,,,0,104,,4863,25,,,0,104,,4871,25,,,0,106,,4864,25,,,0,106,,4872,25,,,0,104,,4865,25,,,0,105,,4873,25,,,0,105,,4866,25,,,0,104,,4874,25,,,0,105,,4867,25,,,0,105,,4875,25,,,0
