801,'CsRoyOff',631,,1503,31,,,0,80,,1492,31,,,0,35,,1504,31,,,0,81,,1493,31,,,0,74,,1505,31,,,0,34,,1494,31,,,0,75,,1506,31,,,0,35,,1495,31,,,0,75,,1507,31,,,0,36,,1496,31,,,0,75,,1508,31,,,0,75,,1497,31,,,0,35,,1509,31,,,0,75,,1498,31,,,0,35,,1510,31,,,0,80,,1499,31,,,0,77,,1511,31,,,0,37,,1500,31,,,0,77,,1512,31,,,0,34,,1501,31,,,0,74,,1513,31,,,0,74,,1502,31,,,0,34,,1514,31,,,0,105,,1518,31,,,0,105,,1517,31,,,0,105,,1515,31,,,0,105,,1516,31,,,0
801,'CsRoyOffKerOff',631,,1530,31,,,0,80,,1519,31,,,0,35,,1531,31,,,0,81,,1520,31,,,0,74,,1532,31,,,0,34,,1521,31,,,0,75,,1533,31,,,0,35,,1522,31,,,0,75,,1534,31,,,0,36,,1523,31,,,0,75,,1535,31,,,0,75,,1524,31,,,0,35,,1536,31,,,0,75,,1525,31,,,0,35,,1537,31,,,0,80,,1526,31,,,0,77,,1538,31,,,0,37,,1527,31,,,0,77,,1539,31,,,0,34,,1528,31,,,0,74,,1540,31,,,0,74,,1529,31,,,0,34,,1541,31,,,0,105,,1545,31,,,0,105,,1544,31,,,0,105,,1542,31,,,0,105,,1543,31,,,0
801,'Dimanche',902,,1547,31,,,0,105,,1548,31,,,0,105,,1549,31,,,0,104,,1552,31,,,0,105,,1551,31,,,0,105,,1553,31,,,0,105,,1554,31,,,0,105,,1555,31,,,0,105,,1550,31,,,0,105,,1546,31,,,0
801,'EventOff',631,,1567,31,,,0,80,,1556,31,,,0,35,,1568,31,,,0,81,,1557,31,,,0,74,,1569,31,,,0,34,,1558,31,,,0,75,,1570,31,,,0,35,,1559,31,,,0,75,,1571,31,,,0,36,,1560,31,,,0,75,,1572,31,,,0,75,,1561,31,,,0,35,,1573,31,,,0,75,,1562,31,,,0,35,,1574,31,,,0,80,,1563,31,,,0,77,,1575,31,,,0,37,,1564,31,,,0,77,,1576,31,,,0,34,,1565,31,,,0,74,,1577,31,,,0,74,,1566,31,,,0,34,,1578,31,,,0,105,,1582,31,,,0,105,,1581,31,,,0,105,,1579,31,,,0,105,,1580,31,,,0
801,'EventOn',631,,1594,31,,,0,80,,1583,31,,,0,35,,1595,31,,,0,81,,1584,31,,,0,74,,1596,31,,,0,34,,1585,31,,,0,75,,1597,31,,,0,35,,1586,31,,,0,75,,1598,31,,,0,36,,1587,31,,,0,75,,1599,31,,,0,75,,1588,31,,,0,35,,1600,31,,,0,75,,1589,31,,,0,35,,1601,31,,,0,80,,1590,31,,,0,77,,1602,31,,,0,37,,1591,31,,,0,77,,1603,31,,,0,34,,1592,31,,,0,74,,1604,31,,,0,74,,1593,31,,,0,34,,1605,31,,,0,105,,1609,31,,,0,105,,1608,31,,,0,105,,1606,31,,,0,105,,1607,31,,,0
801,'KerOffPriveOff',631,,1621,31,,,0,80,,1610,31,,,0,35,,1622,31,,,0,81,,1611,31,,,0,74,,1623,31,,,0,34,,1612,31,,,0,75,,1624,31,,,0,35,,1613,31,,,0,75,,1625,31,,,0,36,,1614,31,,,0,75,,1626,31,,,0,75,,1615,31,,,0,35,,1627,31,,,0,75,,1616,31,,,0,35,,1628,31,,,0,80,,1617,31,,,0,77,,1629,31,,,0,37,,1618,31,,,0,77,,1630,31,,,0,34,,1619,31,,,0,74,,1631,31,,,0,74,,1620,31,,,0,34,,1632,31,,,0,105,,1636,31,,,0,105,,1635,31,,,0,105,,1633,31,,,0,105,,1634,31,,,0
801,'Samedi',631,,1637,31,,,0,105,,1638,31,,,0,106,,1639,31,,,0,105,,1640,31,,,0,106,,1641,31,,,0,104,,1642,31,,,0,145,,1643,31,,,0,105,,1644,31,,,0,104,,1645,31,,,0,106,,1646,31,,,0,105,,1647,31,,,0,105,,1648,31,,,0,105,,1649,31,,,0,106,,1650,31,,,0,105,,1651,31,,,0,105,,1652,31,,,0,103,,1653,31,,,0
1200,'CsRoyOff',651,,2509,3,,,0,155,,2510,3,,,0,110,,2511,3,,,0,110,,2512,3,,,0,110,,2513,3,,,0,109,,2514,3,,,0,110,,2515,3,,,0,155,,2516,3,,,0,118,,2517,3,,,0,108,,2518,3,,,0,110,,2519,3,,,0,105,,2523,3,,,0,105,,2522,3,,,0,145,,2521,3,,,0,105,,2520,3,,,0,105,,2524,3,,,0
1200,'CsRoyOffKerOff',651,,2526,3,,,0,155,,2527,3,,,0,110,,2528,3,,,0,110,,2529,3,,,0,110,,2530,3,,,0,109,,2531,3,,,0,110,,2532,3,,,0,155,,2533,3,,,0,118,,2534,3,,,0,108,,2535,3,,,0,110,,2536,3,,,0,105,,2540,3,,,0,105,,2539,3,,,0,145,,2538,3,,,0,105,,2537,3,,,0,105,,2541,3,,,0
1200,'Dimanche',916,,2544,3,,,0,105,,2546,3,,,0,105,,2547,3,,,0,105,,2548,3,,,0,104,,2549,3,,,0,105,,2550,3,,,0,105,,2551,3,,,0,106,,2552,3,,,0,105,,2545,3,,,0,145,,2543,3,,,0
1200,'EventOff',651,,2553,3,,,0,155,,2554,3,,,0,110,,2555,3,,,0,110,,2556,3,,,0,110,,2557,3,,,0,109,,2558,3,,,0,110,,2559,3,,,0,155,,2560,3,,,0,118,,2561,3,,,0,108,,2562,3,,,0,110,,2563,3,,,0,105,,2567,3,,,0,105,,2566,3,,,0,145,,2565,3,,,0,105,,2564,3,,,0,105,,2568,3,,,0
1200,'EventOn',651,,2569,3,,,0,155,,2570,3,,,0,110,,2571,3,,,0,110,,2572,3,,,0,110,,2573,3,,,0,109,,2574,3,,,0,110,,2575,3,,,0,155,,2576,3,,,0,118,,2577,3,,,0,108,,2578,3,,,0,110,,2579,3,,,0,105,,2583,3,,,0,105,,2582,3,,,0,145,,2581,3,,,0,105,,2580,3,,,0,105,,2584,3,,,0
1200,'KerOffPriveOff',651,,2586,3,,,0,155,,2587,3,,,0,110,,2588,3,,,0,110,,2589,3,,,0,110,,2590,3,,,0,109,,2591,3,,,0,110,,2592,3,,,0,155,,2593,3,,,0,118,,2594,3,,,0,108,,2595,3,,,0,110,,2596,3,,,0,105,,2600,3,,,0,105,,2599,3,,,0,145,,2598,3,,,0,105,,2597,3,,,0,105,,2601,3,,,0
1200,'Samedi',646,,2602,3,,,0,105,,2603,3,,,0,105,,2604,3,,,0,145,,2605,3,,,0,104,,2606,3,,,0,105,,2607,3,,,0,106,,2608,3,,,0,105,,2609,3,,,0,105,,2610,3,,,0,104,,2611,3,,,0,106,,2612,3,,,0,105,,2613,3,,,0,105,,2614,3,,,0,105,,2615,3,,,0,105,,2616,3,,,0,145,,2617,3,,,0,105,,2618,3,,,0
