900,'CsRoyOff',659,,1654,34,0,20,0,80,,1668,34,0,20,0,75,,1655,34,0,20,0,36,,1665,34,0,20,0,75,,1656,34,0,20,0,75,,1669,34,0,20,0,35,,1657,34,0,20,0,111,,1658,34,0,20,0,110,,1659,34,0,20,0,151,,1660,34,0,20,0,35,,1666,34,0,20,0,76,,1661,34,0,20,0,39,,1667,34,0,20,0,77,,1662,34,0,20,0,77,,1670,34,0,20,0,36,,1663,34,0,20,0,107,,1664,34,0,20,0
900,'CsRoyOffKerOff',659,,1673,34,0,20,0,80,,1687,34,0,20,0,75,,1674,34,0,20,0,36,,1684,34,0,20,0,75,,1675,34,0,20,0,75,,1688,34,0,20,0,35,,1676,34,0,20,0,111,,1677,34,0,20,0,110,,1678,34,0,20,0,151,,1679,34,0,20,0,35,,1685,34,0,20,0,76,,1680,34,0,20,0,39,,1686,34,0,20,0,77,,1681,34,0,20,0,77,,1689,34,0,20,0,36,,1682,34,0,20,0,107,,1683,34,0,20,0
900,'EventOff',659,,1691,34,0,20,0,80,,1705,34,0,20,0,75,,1692,34,0,20,0,36,,1702,34,0,20,0,75,,1693,34,0,20,0,75,,1706,34,0,20,0,35,,1694,34,0,20,0,111,,1695,34,0,20,0,110,,1696,34,0,20,0,151,,1697,34,0,20,0,35,,1703,34,0,20,0,76,,1698,34,0,20,0,39,,1704,34,0,20,0,77,,1699,34,0,20,0,77,,1707,34,0,20,0,36,,1700,34,0,20,0,107,,1701,34,0,20,0
900,'EventOn',659,,1708,34,0,20,0,80,,1722,34,0,20,0,75,,1709,34,0,20,0,36,,1719,34,0,20,0,75,,1710,34,0,20,0,75,,1723,34,0,20,0,35,,1711,34,0,20,0,111,,1712,34,0,20,0,110,,1713,34,0,20,0,151,,1714,34,0,20,0,35,,1720,34,0,20,0,76,,1715,34,0,20,0,39,,1721,34,0,20,0,77,,1716,34,0,20,0,77,,1724,34,0,20,0,36,,1717,34,0,20,0,107,,1718,34,0,20,0
900,'KerOffPriveOff',659,,1727,34,0,20,0,80,,1741,34,0,20,0,75,,1728,34,0,20,0,36,,1738,34,0,20,0,75,,1729,34,0,20,0,75,,1742,34,0,20,0,35,,1730,34,0,20,0,111,,1731,34,0,20,0,110,,1732,34,0,20,0,151,,1733,34,0,20,0,35,,1739,34,0,20,0,76,,1734,34,0,20,0,39,,1740,34,0,20,0,77,,1735,34,0,20,0,77,,1743,34,0,20,0,36,,1736,34,0,20,0,107,,1737,34,0,20,0
8900,'CsRoyOff',1953,,4827,35,,,0,100,,4829,35,,,0,105,,4828,35,,,0,147,,4826,35,,,0,103,,4825,35,,,0
8900,'CsRoyOffKerOff',1953,,4832,35,,,0,100,,4834,35,,,0,105,,4833,35,,,0,147,,4831,35,,,0,103,,4830,35,,,0
8900,'Dimanche',913,,4836,35,,,0,105,,4838,35,,,0,107,,4839,35,,,0,105,,4840,35,,,0,105,,4842,35,,,0,105,,4841,35,,,0,105,,4843,35,,,0,105,,4844,35,,,0,104,,4835,35,,,0,104,,4837,35,,,0
8900,'EventOff',1953,,4847,35,,,0,100,,4849,35,,,0,105,,4848,35,,,0,147,,4846,35,,,0,103,,4845,35,,,0
8900,'EventOn',1953,,4852,35,,,0,100,,4854,35,,,0,105,,4853,35,,,0,147,,4851,35,,,0,103,,4850,35,,,0
8900,'KerOffPriveOff',1953,,4857,35,,,0,100,,4859,35,,,0,105,,4858,35,,,0,147,,4856,35,,,0,103,,4855,35,,,0
8900,'Samedi',645,,4876,35,,,0,103,,4860,35,,,0,105,,4868,35,,,0,147,,4861,35,,,0,105,,4869,35,,,0,105,,4862,35,,,0,105,,4870,35,,,0,104,,4863,35,,,0,104,,4871,35,,,0,106,,4864,35,,,0,106,,4872,35,,,0,104,,4865,35,,,0,105,,4873,35,,,0,105,,4866,35,,,0,104,,4874,35,,,0,105,,4867,35,,,0,145,,4875,35,,,0
