1601,'CsRoyOff',641,,3244,31,,,0,115,,3229,31,,,0,150,,3230,31,,,0,110,,3231,31,,,0,110,,3232,31,,,0,110,,3233,31,,,0,110,,3234,31,,,0,110,,3235,31,,,0,156,,3236,31,,,0,116,,3237,31,,,0,109,,3238,31,,,0,107,,3239,31,,,0,100,,3240,31,,,0,105,,3241,31,,,0,105,,3243,31,,,0,105,,3242,31,,,0
1601,'CsRoyOffKerOff',641,,3260,31,,,0,115,,3245,31,,,0,150,,3246,31,,,0,110,,3247,31,,,0,110,,3248,31,,,0,110,,3249,31,,,0,110,,3250,31,,,0,110,,3251,31,,,0,156,,3252,31,,,0,116,,3253,31,,,0,109,,3254,31,,,0,107,,3255,31,,,0,100,,3256,31,,,0,105,,3257,31,,,0,105,,3259,31,,,0,105,,3258,31,,,0
1601,'Dimanche',905,,3269,31,,,0,105,,3262,31,,,0,105,,3263,31,,,0,105,,3264,31,,,0,105,,3265,31,,,0,105,,3266,31,,,0,106,,3267,31,,,0,105,,3268,31,,,0,104,,3261,31,,,0,105,,3270,31,,,0
1601,'EventOff',641,,3286,31,,,0,115,,3271,31,,,0,150,,3272,31,,,0,110,,3273,31,,,0,110,,3274,31,,,0,110,,3275,31,,,0,110,,3276,31,,,0,110,,3277,31,,,0,156,,3278,31,,,0,116,,3279,31,,,0,109,,3280,31,,,0,107,,3281,31,,,0,100,,3282,31,,,0,105,,3283,31,,,0,105,,3285,31,,,0,105,,3284,31,,,0
1601,'EventOn',641,,3302,31,,,0,115,,3287,31,,,0,150,,3288,31,,,0,110,,3289,31,,,0,110,,3290,31,,,0,110,,3291,31,,,0,110,,3292,31,,,0,110,,3293,31,,,0,156,,3294,31,,,0,116,,3295,31,,,0,109,,3296,31,,,0,107,,3297,31,,,0,100,,3298,31,,,0,105,,3299,31,,,0,105,,3301,31,,,0,105,,3300,31,,,0
1601,'KerOffPriveOff',641,,3318,31,,,0,115,,3303,31,,,0,150,,3304,31,,,0,110,,3305,31,,,0,110,,3306,31,,,0,110,,3307,31,,,0,110,,3308,31,,,0,110,,3309,31,,,0,156,,3310,31,,,0,116,,3311,31,,,0,109,,3312,31,,,0,107,,3313,31,,,0,100,,3314,31,,,0,105,,3315,31,,,0,105,,3317,31,,,0,105,,3316,31,,,0
1601,'Samedi',635,,3334,31,,,0,105,,3335,31,,,0,105,,3327,31,,,0,105,,3319,31,,,0,105,,3320,31,,,0,145,,3321,31,,,0,105,,3322,31,,,0,104,,3323,31,,,0,105,,3324,31,,,0,105,,3325,31,,,0,106,,3326,31,,,0,105,,3328,31,,,0,105,,3329,31,,,0,105,,3330,31,,,0,105,,3331,31,,,0,105,,3332,31,,,0,105,,3333,31,,,0
2501,'CsRoyOff',626,,3731,19,,,0,74,,3733,19,,,0,39,,3732,19,,,0,77,,3734,19,,,0,34,,3752,19,,,0,74,,3735,19,,,0,35,,3736,19,,,0,75,,3737,19,,,0,75,,3738,19,,,0,35,,3739,19,,,0,75,,3740,19,,,0,35,,3741,19,,,0,75,,3742,19,,,0,75,,3743,19,,,0,35,,3744,19,,,0,78,,3745,19,,,0,20,,3758,14,0,7 8,0,19,,3746,19,,,0,78,,3747,19,,,0,76,,3748,19,,,0,35,,3749,19,,,0,75,,3750,19,,,0,33,,3751,19,,,0,75,,3753,19,,,0,104,,3754,19,,,0,105,,3755,19,,,0,105,,3756,19,,,0,105,,3757,19,,,0
2501,'CsRoyOffKerOff',626,,3759,19,,,0,74,,3761,19,,,0,39,,3760,19,,,0,77,,3762,19,,,0,34,,3780,19,,,0,74,,3763,19,,,0,35,,3764,19,,,0,75,,3765,19,,,0,75,,3766,19,,,0,35,,3767,19,,,0,75,,3768,19,,,0,35,,3769,19,,,0,75,,3770,19,,,0,75,,3771,19,,,0,35,,3772,19,,,0,78,,3773,19,,,0,39,,3774,19,,,0,78,,3775,19,,,0,76,,3776,19,,,0,35,,3777,19,,,0,75,,3778,19,,,0,33,,3779,19,,,0,75,,3781,19,,,0,104,,3782,19,,,0,105,,3783,19,,,0,105,,3784,19,,,0,105,,3785,19,,,0
2501,'Dimanche',852,,3788,19,,,0,105,,3789,19,,,0,145,,3790,19,,,0,105,,3791,19,,,0,105,,3792,19,,,0,105,,3793,19,,,0,105,,3794,19,,,0,105,,3795,19,,,0,105,,3787,19,,,0,105,,3786,19,,,0
2501,'EventOff',626,,3796,19,,,0,74,,3798,19,,,0,39,,3797,19,,,0,77,,3799,19,,,0,34,,3817,19,,,0,74,,3800,19,,,0,35,,3801,19,,,0,75,,3802,19,,,0,75,,3803,19,,,0,35,,3804,19,,,0,75,,3805,19,,,0,35,,3806,19,,,0,75,,3807,19,,,0,75,,3808,19,,,0,35,,3809,19,,,0,78,,3810,19,,,0,39,,3811,19,,,0,78,,3812,19,,,0,76,,3813,19,,,0,35,,3814,19,,,0,75,,3815,19,,,0,33,,3816,19,,,0,75,,3818,19,,,0,104,,3819,19,,,0,105,,3820,19,,,0,105,,3821,19,,,0,105,,3822,19,,,0
2501,'EventOn',626,,3823,19,,,0,74,,3825,19,,,0,31,,3850,19,0,9,0,8,,3824,19,,,0,12,,3851,19,0,10,0,65,,3826,19,,,0,34,,3844,19,,,0,74,,3827,19,,,0,35,,3828,19,,,0,75,,3829,19,,,0,75,,3830,19,,,0,35,,3831,19,,,0,75,,3832,19,,,0,35,,3833,19,,,0,75,,3834,19,,,0,75,,3835,19,,,0,35,,3836,19,,,0,78,,3837,19,,,0,20,,3852,14,0,7 8,0,19,,3838,19,,,0,78,,3839,19,,,0,76,,3840,19,,,0,35,,3841,19,,,0,75,,3842,19,,,0,33,,3843,19,,,0,75,,3845,19,,,0,104,,3846,19,,,0,105,,3847,19,,,0,105,,3848,19,,,0,105,,3849,19,,,0
2501,'KerOffPriveOff',626,,3853,19,,,0,74,,3855,19,,,0,31,,3880,19,0,9,0,8,,3854,19,,,0,12,,3881,19,0,10,0,65,,3856,19,,,0,34,,3874,19,,,0,74,,3857,19,,,0,35,,3858,19,,,0,75,,3859,19,,,0,75,,3860,19,,,0,35,,3861,19,,,0,75,,3862,19,,,0,35,,3863,19,,,0,75,,3864,19,,,0,75,,3865,19,,,0,35,,3866,19,,,0,78,,3867,19,,,0,39,,3868,19,,,0,78,,3869,19,,,0,76,,3870,19,,,0,35,,3871,19,,,0,75,,3872,19,,,0,33,,3873,19,,,0,75,,3875,19,,,0,104,,3876,19,,,0,105,,3877,19,,,0,105,,3878,19,,,0,105,,3879,19,,,0
2501,'Samedi',622,,3893,19,,,0,104,,3882,19,,,0,105,,3888,19,,,0,105,,3894,19,,,0,105,,3883,19,,,0,105,,3889,19,,,0,105,,3895,19,,,0,105,,3884,19,,,0,145,,3890,19,,,0,105,,3896,19,,,0,105,,3885,19,,,0,105,,3891,19,,,0,105,,3897,19,,,0,105,,3886,19,,,0,105,,3892,19,,,0,105,,3898,19,,,0,105,,3887,19,,,0
