2501,'CsRoyOff',617,,3731,3,,,0,34,,3733,3,,,0,78,,3732,3,,,0,77,,3734,3,,,0,35,,3752,3,,,0,74,,3735,3,,,0,35,,3736,3,,,0,75,,3737,3,,,0,75,,3738,3,,,0,35,,3739,3,,,0,75,,3740,3,,,0,35,,3741,3,,,0,75,,3742,3,,,0,35,,3743,3,,,0,75,,3744,3,,,0,78,,3745,3,,,0,38,,3746,3,,,0,78,,3747,3,,,0,77,,3748,3,,,0,35,,3749,3,,,0,75,,3750,3,,,0,33,,3751,3,,,0,75,,3753,3,,,0,104,,3754,3,,,0,105,,3755,3,,,0,105,,3756,3,,,0,105,,3757,3,,,0
2501,'CsRoyOffKerOff',617,,3759,3,,,0,34,,3761,3,,,0,78,,3760,3,,,0,77,,3762,3,,,0,35,,3780,3,,,0,74,,3763,3,,,0,35,,3764,3,,,0,75,,3765,3,,,0,75,,3766,3,,,0,35,,3767,3,,,0,75,,3768,3,,,0,35,,3769,3,,,0,75,,3770,3,,,0,35,,3771,3,,,0,75,,3772,3,,,0,78,,3773,3,,,0,38,,3774,3,,,0,78,,3775,3,,,0,77,,3776,3,,,0,35,,3777,3,,,0,75,,3778,3,,,0,33,,3779,3,,,0,75,,3781,3,,,0,104,,3782,3,,,0,105,,3783,3,,,0,105,,3784,3,,,0,105,,3785,3,,,0
2501,'Dimanche',843,,3788,3,,,0,105,,3789,3,,,0,105,,3790,3,,,0,105,,3791,3,,,0,145,,3792,3,,,0,105,,3793,3,,,0,105,,3794,3,,,0,105,,3795,3,,,0,105,,3787,3,,,0,105,,3786,3,,,0
2501,'EventOff',617,,3796,3,,,0,34,,3798,3,,,0,78,,3797,3,,,0,77,,3799,3,,,0,35,,3817,3,,,0,74,,3800,3,,,0,35,,3801,3,,,0,75,,3802,3,,,0,75,,3803,3,,,0,35,,3804,3,,,0,75,,3805,3,,,0,35,,3806,3,,,0,75,,3807,3,,,0,35,,3808,3,,,0,75,,3809,3,,,0,78,,3810,3,,,0,38,,3811,3,,,0,78,,3812,3,,,0,77,,3813,3,,,0,35,,3814,3,,,0,75,,3815,3,,,0,33,,3816,3,,,0,75,,3818,3,,,0,104,,3819,3,,,0,105,,3820,3,,,0,105,,3821,3,,,0,105,,3822,3,,,0
2501,'EventOn',617,,3823,3,,,0,34,,3825,3,,,0,70,,3850,3,0,9,0,8,,3824,3,,,0,12,,3851,3,0,10,0,65,,3826,3,,,0,35,,3844,3,,,0,74,,3827,3,,,0,35,,3828,3,,,0,75,,3829,3,,,0,75,,3830,3,,,0,35,,3831,3,,,0,75,,3832,3,,,0,35,,3833,3,,,0,75,,3834,3,,,0,35,,3835,3,,,0,75,,3836,3,,,0,78,,3837,3,,,0,38,,3838,3,,,0,78,,3839,3,,,0,77,,3840,3,,,0,35,,3841,3,,,0,75,,3842,3,,,0,33,,3843,3,,,0,75,,3845,3,,,0,104,,3846,3,,,0,105,,3847,3,,,0,105,,3848,3,,,0,105,,3849,3,,,0
2501,'KerOffPriveOff',617,,3853,3,,,0,34,,3855,3,,,0,70,,3880,3,0,9,0,8,,3854,3,,,0,12,,3881,3,0,10,0,65,,3856,3,,,0,35,,3874,3,,,0,74,,3857,3,,,0,35,,3858,3,,,0,75,,3859,3,,,0,75,,3860,3,,,0,35,,3861,3,,,0,75,,3862,3,,,0,35,,3863,3,,,0,75,,3864,3,,,0,35,,3865,3,,,0,75,,3866,3,,,0,78,,3867,3,,,0,38,,3868,3,,,0,78,,3869,3,,,0,77,,3870,3,,,0,35,,3871,3,,,0,75,,3872,3,,,0,33,,3873,3,,,0,75,,3875,3,,,0,104,,3876,3,,,0,105,,3877,3,,,0,105,,3878,3,,,0,105,,3879,3,,,0
2501,'Samedi',613,,3893,3,,,0,104,,3882,3,,,0,105,,3888,3,,,0,105,,3894,3,,,0,105,,3883,3,,,0,105,,3889,3,,,0,105,,3895,3,,,0,105,,3884,3,,,0,105,,3890,3,,,0,105,,3896,3,,,0,145,,3885,3,,,0,105,,3891,3,,,0,105,,3897,3,,,0,105,,3886,3,,,0,105,,3892,3,,,0,105,,3898,3,,,0,105,,3887,3,,,0
190300200,'CsRoyOff',731,,4950,3,,,0
190300200,'CsRoyOffKerOff',731,,4951,3,,,0
190300200,'EventOn',731,,4952,3,,,0
3080200001,'EventOn',1614,,4976,24,,,0
3080200001,'KerOffPriveOff',1614,,4977,24,,,0
3080300000,'EventOn',808,,4978,9,,,0
3080300000,'KerOffPriveOff',808,,4979,9,,,0
