1300,'CsRoyOff',633,,2737,25,,,0,75,,2726,25,,,0,43,,2743,25,,,0,74,,2732,25,,,0,34,,2738,25,,,0,74,,2727,25,,,0,75,,2744,25,,,0,35,,2733,25,,,0,76,,2739,25,,,0,35,,2728,25,,,0,75,,2745,25,,,0,74,,2734,25,,,0,35,,2740,25,,,0,75,,2729,25,,,0,35,,2746,25,,,0,80,,2735,25,,,0,78,,2741,25,,,0,37,,2730,25,,,0,75,,2747,25,,,0,34,,2736,25,,,0,75,,2742,25,,,0,75,,2731,25,,,0,105,,2752,25,,,0,105,,2751,25,,,0,105,,2750,25,,,0,105,,2749,25,,,0,105,,2748,25,,,0
1300,'CsRoyOffKerOff',633,,2764,25,,,0,75,,2753,25,,,0,43,,2770,25,,,0,74,,2759,25,,,0,34,,2765,25,,,0,74,,2754,25,,,0,75,,2771,25,,,0,35,,2760,25,,,0,76,,2766,25,,,0,35,,2755,25,,,0,75,,2772,25,,,0,74,,2761,25,,,0,35,,2767,25,,,0,75,,2756,25,,,0,35,,2773,25,,,0,80,,2762,25,,,0,78,,2768,25,,,0,37,,2757,25,,,0,75,,2774,25,,,0,34,,2763,25,,,0,75,,2769,25,,,0,75,,2758,25,,,0,105,,2779,25,,,0,105,,2778,25,,,0,105,,2777,25,,,0,105,,2776,25,,,0,105,,2775,25,,,0
1300,'Dimanche',932,,2783,25,,,0,105,,2784,25,,,0,105,,2785,25,,,0,105,,2786,25,,,0,105,,2787,25,,,0,105,,2788,25,,,0,145,,2789,25,,,0,105,,2782,25,,,0,105,,2780,25,,,0,105,,2781,25,,,0
1300,'EventOff',633,,2801,25,,,0,75,,2790,25,,,0,43,,2807,25,,,0,74,,2796,25,,,0,34,,2802,25,,,0,74,,2791,25,,,0,75,,2808,25,,,0,35,,2797,25,,,0,76,,2803,25,,,0,35,,2792,25,,,0,75,,2809,25,,,0,74,,2798,25,,,0,35,,2804,25,,,0,75,,2793,25,,,0,35,,2810,25,,,0,80,,2799,25,,,0,78,,2805,25,,,0,37,,2794,25,,,0,75,,2811,25,,,0,34,,2800,25,,,0,75,,2806,25,,,0,75,,2795,25,,,0,105,,2816,25,,,0,105,,2815,25,,,0,105,,2814,25,,,0,105,,2813,25,,,0,105,,2812,25,,,0
1300,'EventOn',633,,2828,25,,,0,75,,2817,25,,,0,43,,2834,25,,,0,74,,2823,25,,,0,34,,2829,25,,,0,74,,2818,25,,,0,75,,2835,25,,,0,35,,2824,25,,,0,76,,2830,25,,,0,35,,2819,25,,,0,75,,2836,25,,,0,74,,2825,25,,,0,35,,2831,25,,,0,75,,2820,25,,,0,35,,2837,25,,,0,80,,2826,25,,,0,78,,2832,25,,,0,12,,2846,25,,,0,25,,2821,25,,,0,75,,2838,25,,,0,34,,2827,25,,,0,75,,2833,25,,,0,75,,2822,25,,,0,105,,2843,25,,,0,105,,2842,25,,,0,105,,2841,25,,,0,105,,2840,25,,,0,105,,2839,25,,,0
1300,'KerOffPriveOff',633,,2858,25,,,0,75,,2847,25,,,0,43,,2864,25,,,0,74,,2853,25,,,0,34,,2859,25,,,0,74,,2848,25,,,0,75,,2865,25,,,0,35,,2854,25,,,0,76,,2860,25,,,0,35,,2849,25,,,0,75,,2866,25,,,0,74,,2855,25,,,0,35,,2861,25,,,0,75,,2850,25,,,0,35,,2867,25,,,0,80,,2856,25,,,0,78,,2862,25,,,0,12,,2876,25,,,0,25,,2851,25,,,0,75,,2868,25,,,0,34,,2857,25,,,0,75,,2863,25,,,0,75,,2852,25,,,0,105,,2873,25,,,0,105,,2872,25,,,0,105,,2871,25,,,0,105,,2870,25,,,0,105,,2869,25,,,0
1300,'Samedi',701,,2885,25,,,0,106,,2877,25,,,0,105,,2886,25,,,0,106,,2878,25,,,0,105,,2887,25,,,0,105,,2879,25,,,0,105,,2888,25,,,0,105,,2880,25,,,0,105,,2889,25,,,0,105,,2881,25,,,0,105,,2890,25,,,0,105,,2882,25,,,0,145,,2891,25,,,0,105,,2883,25,,,0,105,,2892,25,,,0,105,,2884,25,,,0,104,,2893,25,,,0
2501,'CsRoyOff',624,,3731,16,,,0,34,,3733,16,,,0,79,,3732,16,,,0,77,,3734,16,,,0,34,,3752,16,,,0,74,,3735,16,,,0,35,,3736,16,,,0,75,,3737,16,,,0,75,,3738,16,,,0,35,,3739,16,,,0,75,,3740,16,,,0,35,,3741,16,,,0,75,,3742,16,,,0,75,,3743,16,,,0,35,,3744,16,,,0,78,,3745,16,,,0,21,,3758,11,0,7 8,0,18,,3746,16,,,0,78,,3747,16,,,0,76,,3748,16,,,0,35,,3749,16,,,0,75,,3750,16,,,0,33,,3751,16,,,0,75,,3753,16,,,0,104,,3754,16,,,0,105,,3755,16,,,0,105,,3756,16,,,0,105,,3757,16,,,0
2501,'CsRoyOffKerOff',624,,3759,16,,,0,34,,3761,16,,,0,79,,3760,16,,,0,77,,3762,16,,,0,34,,3780,16,,,0,74,,3763,16,,,0,35,,3764,16,,,0,75,,3765,16,,,0,75,,3766,16,,,0,35,,3767,16,,,0,75,,3768,16,,,0,35,,3769,16,,,0,75,,3770,16,,,0,75,,3771,16,,,0,35,,3772,16,,,0,78,,3773,16,,,0,39,,3774,16,,,0,78,,3775,16,,,0,76,,3776,16,,,0,35,,3777,16,,,0,75,,3778,16,,,0,33,,3779,16,,,0,75,,3781,16,,,0,104,,3782,16,,,0,105,,3783,16,,,0,105,,3784,16,,,0,105,,3785,16,,,0
2501,'Dimanche',850,,3788,16,,,0,105,,3789,16,,,0,145,,3790,16,,,0,105,,3791,16,,,0,105,,3792,16,,,0,105,,3793,16,,,0,105,,3794,16,,,0,105,,3795,16,,,0,105,,3787,16,,,0,105,,3786,16,,,0
2501,'EventOff',624,,3796,16,,,0,34,,3798,16,,,0,79,,3797,16,,,0,77,,3799,16,,,0,34,,3817,16,,,0,74,,3800,16,,,0,35,,3801,16,,,0,75,,3802,16,,,0,75,,3803,16,,,0,35,,3804,16,,,0,75,,3805,16,,,0,35,,3806,16,,,0,75,,3807,16,,,0,75,,3808,16,,,0,35,,3809,16,,,0,78,,3810,16,,,0,39,,3811,16,,,0,78,,3812,16,,,0,76,,3813,16,,,0,35,,3814,16,,,0,75,,3815,16,,,0,33,,3816,16,,,0,75,,3818,16,,,0,104,,3819,16,,,0,105,,3820,16,,,0,105,,3821,16,,,0,105,,3822,16,,,0
2501,'EventOn',624,,3823,16,,,0,34,,3825,16,,,0,71,,3850,16,0,9,0,8,,3824,16,,,0,12,,3851,16,0,10,0,65,,3826,16,,,0,34,,3844,16,,,0,74,,3827,16,,,0,35,,3828,16,,,0,75,,3829,16,,,0,75,,3830,16,,,0,35,,3831,16,,,0,75,,3832,16,,,0,35,,3833,16,,,0,75,,3834,16,,,0,75,,3835,16,,,0,35,,3836,16,,,0,78,,3837,16,,,0,21,,3852,11,0,7 8,0,18,,3838,16,,,0,78,,3839,16,,,0,76,,3840,16,,,0,35,,3841,16,,,0,75,,3842,16,,,0,33,,3843,16,,,0,75,,3845,16,,,0,104,,3846,16,,,0,105,,3847,16,,,0,105,,3848,16,,,0,105,,3849,16,,,0
2501,'KerOffPriveOff',624,,3853,16,,,0,34,,3855,16,,,0,71,,3880,16,0,9,0,8,,3854,16,,,0,12,,3881,16,0,10,0,65,,3856,16,,,0,34,,3874,16,,,0,74,,3857,16,,,0,35,,3858,16,,,0,75,,3859,16,,,0,75,,3860,16,,,0,35,,3861,16,,,0,75,,3862,16,,,0,35,,3863,16,,,0,75,,3864,16,,,0,75,,3865,16,,,0,35,,3866,16,,,0,78,,3867,16,,,0,39,,3868,16,,,0,78,,3869,16,,,0,76,,3870,16,,,0,35,,3871,16,,,0,75,,3872,16,,,0,33,,3873,16,,,0,75,,3875,16,,,0,104,,3876,16,,,0,105,,3877,16,,,0,105,,3878,16,,,0,105,,3879,16,,,0
2501,'Samedi',620,,3893,16,,,0,104,,3882,16,,,0,105,,3888,16,,,0,105,,3894,16,,,0,105,,3883,16,,,0,105,,3889,16,,,0,105,,3895,16,,,0,105,,3884,16,,,0,105,,3890,16,,,0,145,,3896,16,,,0,105,,3885,16,,,0,105,,3891,16,,,0,105,,3897,16,,,0,105,,3886,16,,,0,105,,3892,16,,,0,105,,3898,16,,,0,105,,3887,16,,,0
