1700,'CsRoyOff',636,,3336,8,,,0,80,,3337,8,,,0,37,,3338,8,,,0,79,,3339,8,,,0,74,,3340,8,,,0,35,,3341,8,,,0,75,,3342,8,,,0,35,,3343,8,,,0,75,,3344,8,,,0,76,,3345,8,,,0,35,,3346,8,,,0,75,,3347,8,,,0,35,,3348,8,,,0,75,,3349,8,,,0,37,,3350,8,,,0,80,,3351,8,,,0,77,,3352,8,,,0,36,,3353,8,,,0,69,,3354,8,,,0,80,,3355,8,,,0,33,,3356,8,,,0
1700,'CsRoyOffKerOff',636,,3357,8,,,0,80,,3358,8,,,0,37,,3359,8,,,0,79,,3360,8,,,0,74,,3361,8,,,0,35,,3362,8,,,0,75,,3363,8,,,0,35,,3364,8,,,0,75,,3365,8,,,0,76,,3366,8,,,0,35,,3367,8,,,0,75,,3368,8,,,0,35,,3369,8,,,0,75,,3370,8,,,0,37,,3371,8,,,0,80,,3372,8,,,0,77,,3373,8,,,0,36,,3374,8,,,0,69,,3375,8,,,0,80,,3376,8,,,0,33,,3377,8,,,0
1700,'EventOff',636,,3378,8,,,0,80,,3379,8,,,0,37,,3380,8,,,0,79,,3381,8,,,0,74,,3382,8,,,0,35,,3383,8,,,0,75,,3384,8,,,0,35,,3385,8,,,0,75,,3386,8,,,0,76,,3387,8,,,0,35,,3388,8,,,0,75,,3389,8,,,0,35,,3390,8,,,0,75,,3391,8,,,0,37,,3392,8,,,0,80,,3393,8,,,0,77,,3394,8,,,0,36,,3395,8,,,0,69,,3396,8,,,0,80,,3397,8,,,0,33,,3398,8,,,0
1700,'EventOn',636,,3399,8,,,0,80,,3400,8,,,0,37,,3401,8,,,0,79,,3402,8,,,0,74,,3403,8,,,0,35,,3404,8,,,0,75,,3405,8,,,0,35,,3406,8,,,0,75,,3407,8,,,0,76,,3408,8,,,0,35,,3409,8,,,0,75,,3410,8,,,0,35,,3411,8,,,0,75,,3412,8,,,0,37,,3413,8,,,0,80,,3414,8,,,0,77,,3415,8,,,0,36,,3416,8,,,0,69,,3417,8,,,0,80,,3418,8,,,0,33,,3419,8,,,0
1700,'KerOffPriveOff',636,,3420,8,,,0,80,,3421,8,,,0,37,,3422,8,,,0,79,,3423,8,,,0,74,,3424,8,,,0,35,,3425,8,,,0,75,,3426,8,,,0,35,,3427,8,,,0,75,,3428,8,,,0,76,,3429,8,,,0,35,,3430,8,,,0,75,,3431,8,,,0,35,,3432,8,,,0,75,,3433,8,,,0,37,,3434,8,,,0,80,,3435,8,,,0,77,,3436,8,,,0,36,,3437,8,,,0,69,,3438,8,,,0,80,,3439,8,,,0,33,,3440,8,,,0
6001,'CsRoyOff',627,,4652,11,,,0,31,,4663,11,,,0,79,,4653,11,,,0,76,,4664,11,,,0,34,,4654,11,,,0,76,,4665,11,,,0,34,,4655,11,,,0,75,,4666,11,,,0,75,,4656,11,,,0,35,,4667,11,,,0,75,,4657,11,,,0,34,,4668,11,,,0,75,,4658,11,,,0,27,,4669,11,,,0,80,,4679,11,,,0,71,,4659,11,,,0,44,,4670,11,,,0,71,,4660,11,,,0,38,,4671,11,,,0,76,,4661,11,,,0,75,,4672,11,,,0,30,,4662,11,,,0,111,,4675,11,,,0,105,,4677,11,,,0,105,,4676,11,,,0,145,,4674,11,,,0,105,,4673,11,,,0
6001,'CsRoyOffKerOff',627,,4680,11,,,0,31,,4691,11,,,0,79,,4681,11,,,0,76,,4692,11,,,0,34,,4682,11,,,0,76,,4693,11,,,0,34,,4683,11,,,0,75,,4694,11,,,0,75,,4684,11,,,0,35,,4695,11,,,0,75,,4685,11,,,0,34,,4696,11,,,0,75,,4686,11,,,0,27,,4697,11,,,0,80,,4707,11,,,0,71,,4687,11,,,0,44,,4698,11,,,0,71,,4688,11,,,0,38,,4699,11,,,0,76,,4689,11,,,0,75,,4700,11,,,0,30,,4690,11,,,0,111,,4703,11,,,0,105,,4705,11,,,0,105,,4704,11,,,0,145,,4702,11,,,0,105,,4701,11,,,0
6001,'Dimanche',915,,4708,11,,,0,105,,4710,11,,,0,105,,4711,11,,,0,104,,4713,11,,,0,105,,4714,11,,,0,105,,4715,11,,,0,105,,4716,11,,,0,105,,4717,11,,,0,106,,4712,11,,,0,145,,4709,11,,,0
6001,'EventOff',627,,4718,11,,,0,31,,4729,11,,,0,79,,4719,11,,,0,76,,4730,11,,,0,34,,4720,11,,,0,76,,4731,11,,,0,34,,4721,11,,,0,75,,4732,11,,,0,75,,4722,11,,,0,35,,4733,11,,,0,75,,4723,11,,,0,34,,4734,11,,,0,75,,4724,11,,,0,27,,4735,11,,,0,80,,4745,11,,,0,71,,4725,11,,,0,44,,4736,11,,,0,71,,4726,11,,,0,38,,4737,11,,,0,76,,4727,11,,,0,75,,4738,11,,,0,30,,4728,11,,,0,111,,4741,11,,,0,105,,4743,11,,,0,105,,4742,11,,,0,145,,4740,11,,,0,105,,4739,11,,,0
6001,'EventOn',627,,4746,11,,,0,31,,4757,11,,,0,79,,4747,11,,,0,76,,4758,11,,,0,34,,4748,11,,,0,76,,4759,11,,,0,34,,4749,11,,,0,75,,4760,11,,,0,75,,4750,11,,,0,35,,4761,11,,,0,75,,4751,11,,,0,34,,4762,11,,,0,75,,4752,11,,,0,27,,4763,11,,,0,80,,4773,11,,,0,71,,4753,11,,,0,44,,4764,11,,,0,1,,4776,11,0,14 15,0,70,,4754,11,,,0,38,,4765,11,,,0,76,,4755,11,,,0,75,,4766,11,,,0,30,,4756,11,,,0,111,,4769,11,,,0,105,,4771,11,,,0,105,,4770,11,,,0,145,,4768,11,,,0,105,,4767,11,,,0
6001,'KerOffPriveOff',627,,4777,11,,,0,31,,4788,11,,,0,79,,4778,11,,,0,76,,4789,11,,,0,34,,4779,11,,,0,76,,4790,11,,,0,34,,4780,11,,,0,75,,4791,11,,,0,75,,4781,11,,,0,35,,4792,11,,,0,75,,4782,11,,,0,34,,4793,11,,,0,75,,4783,11,,,0,27,,4794,11,,,0,80,,4804,11,,,0,71,,4784,11,,,0,44,,4795,11,,,0,1,,4807,11,0,14 15,0,70,,4785,11,,,0,38,,4796,11,,,0,76,,4786,11,,,0,75,,4797,11,,,0,30,,4787,11,,,0,111,,4800,11,,,0,105,,4802,11,,,0,105,,4801,11,,,0,145,,4799,11,,,0,105,,4798,11,,,0
6001,'Samedi',645,,4813,11,,,0,105,,4819,11,,,0,105,,4808,11,,,0,145,,4814,11,,,0,104,,4820,11,,,0,105,,4809,11,,,0,106,,4815,11,,,0,105,,4821,11,,,0,105,,4810,11,,,0,104,,4816,11,,,0,105,,4822,11,,,0,106,,4811,11,,,0,105,,4817,11,,,0,105,,4823,11,,,0,105,,4812,11,,,0,145,,4818,11,,,0,105,,4824,11,,,0
