800,'CsRoyOff',621,,1330,7,,,0,35,,1341,7,,,0,81,,1331,7,,,0,75,,1342,7,,,0,35,,1332,7,,,0,74,,1343,7,,,0,35,,1333,7,,,0,75,,1344,7,,,0,76,,1334,7,,,0,35,,1345,7,,,0,75,,1335,7,,,0,35,,1346,7,,,0,75,,1336,7,,,0,75,,1347,7,,,0,35,,1337,7,,,0,80,,1348,7,,,0,38,,1338,7,,,0,78,,1349,7,,,0,75,,1339,7,,,0,33,,1350,7,,,0,75,,1340,7,,,0,35,,1351,7,,,0,105,,1356,7,,,0,145,,1355,7,,,0,105,,1352,7,,,0,105,,1353,7,,,0,105,,1354,7,,,0
800,'CsRoyOffKerOff',621,,1357,7,,,0,35,,1368,7,,,0,81,,1358,7,,,0,75,,1369,7,,,0,35,,1359,7,,,0,74,,1370,7,,,0,35,,1360,7,,,0,75,,1371,7,,,0,76,,1361,7,,,0,35,,1372,7,,,0,75,,1362,7,,,0,35,,1373,7,,,0,75,,1363,7,,,0,75,,1374,7,,,0,35,,1364,7,,,0,80,,1375,7,,,0,38,,1365,7,,,0,78,,1376,7,,,0,75,,1366,7,,,0,33,,1377,7,,,0,75,,1367,7,,,0,35,,1378,7,,,0,105,,1383,7,,,0,145,,1382,7,,,0,105,,1379,7,,,0,105,,1380,7,,,0,105,,1381,7,,,0
800,'Dimanche',922,,1386,7,,,0,105,,1387,7,,,0,105,,1389,7,,,0,105,,1390,7,,,0,105,,1391,7,,,0,105,,1392,7,,,0,105,,1393,7,,,0,105,,1388,7,,,0,145,,1384,7,,,0,105,,1385,7,,,0
800,'EventOff',621,,1394,7,,,0,35,,1405,7,,,0,81,,1395,7,,,0,75,,1406,7,,,0,35,,1396,7,,,0,74,,1407,7,,,0,35,,1397,7,,,0,75,,1408,7,,,0,76,,1398,7,,,0,35,,1409,7,,,0,75,,1399,7,,,0,35,,1410,7,,,0,75,,1400,7,,,0,75,,1411,7,,,0,35,,1401,7,,,0,80,,1412,7,,,0,38,,1402,7,,,0,78,,1413,7,,,0,75,,1403,7,,,0,33,,1414,7,,,0,75,,1404,7,,,0,35,,1415,7,,,0,105,,1420,7,,,0,145,,1419,7,,,0,105,,1416,7,,,0,105,,1417,7,,,0,105,,1418,7,,,0
800,'EventOn',621,,1421,7,,,0,35,,1432,7,,,0,81,,1422,7,,,0,75,,1433,7,,,0,35,,1423,7,,,0,74,,1434,7,,,0,35,,1424,7,,,0,75,,1435,7,,,0,76,,1425,7,,,0,35,,1436,7,,,0,75,,1426,7,,,0,35,,1437,7,,,0,75,,1427,7,,,0,75,,1438,7,,,0,35,,1428,7,,,0,80,,1439,7,,,0,38,,1429,7,,,0,78,,1440,7,,,0,75,,1430,7,,,0,33,,1441,7,,,0,75,,1431,7,,,0,35,,1442,7,,,0,105,,1447,7,,,0,145,,1446,7,,,0,105,,1443,7,,,0,105,,1444,7,,,0,105,,1445,7,,,0
800,'KerOffPriveOff',621,,1448,7,,,0,35,,1459,7,,,0,81,,1449,7,,,0,75,,1460,7,,,0,35,,1450,7,,,0,74,,1461,7,,,0,35,,1451,7,,,0,75,,1462,7,,,0,76,,1452,7,,,0,35,,1463,7,,,0,75,,1453,7,,,0,35,,1464,7,,,0,75,,1454,7,,,0,75,,1465,7,,,0,35,,1455,7,,,0,80,,1466,7,,,0,38,,1456,7,,,0,78,,1467,7,,,0,75,,1457,7,,,0,33,,1468,7,,,0,75,,1458,7,,,0,35,,1469,7,,,0,105,,1474,7,,,0,145,,1473,7,,,0,105,,1470,7,,,0,105,,1471,7,,,0,105,,1472,7,,,0
800,'Samedi',650,,1475,7,,,0,105,,1476,7,,,0,145,,1477,7,,,0,106,,1478,7,,,0,105,,1479,7,,,0,105,,1480,7,,,0,105,,1481,7,,,0,105,,1482,7,,,0,105,,1483,7,,,0,105,,1484,7,,,0,105,,1485,7,,,0,105,,1486,7,,,0,105,,1487,7,,,0,105,,1488,7,,,0,144,,1489,7,,,0,105,,1490,7,,,0,105,,1491,7,,,0
1201,'CsRoyOff',640,,2619,41,,,0,113,,2620,41,,,0,148,,2621,41,,,0,110,,2622,41,,,0,112,,2623,41,,,0,108,,2624,41,,,0,108,,2625,41,,,0,107,,2626,41,,,0,156,,2627,41,,,0,117,,2628,41,,,0,112,,2629,41,,,0,104,,2630,41,,,0,105,,2633,41,,,0,105,,2632,41,,,0,105,,2631,41,,,0,105,,2634,41,,,0
1201,'CsRoyOffKerOff',640,,2635,41,,,0,113,,2636,41,,,0,148,,2637,41,,,0,110,,2638,41,,,0,112,,2639,41,,,0,108,,2640,41,,,0,108,,2641,41,,,0,107,,2642,41,,,0,156,,2643,41,,,0,117,,2644,41,,,0,112,,2645,41,,,0,104,,2646,41,,,0,105,,2649,41,,,0,105,,2648,41,,,0,105,,2647,41,,,0,105,,2650,41,,,0
1201,'Dimanche',902,,2652,41,,,0,105,,2653,41,,,0,105,,2655,41,,,0,105,,2656,41,,,0,105,,2657,41,,,0,104,,2658,41,,,0,105,,2659,41,,,0,105,,2660,41,,,0,106,,2651,41,,,0,103,,2654,41,,,0
1201,'EventOff',640,,2661,41,,,0,113,,2662,41,,,0,148,,2663,41,,,0,110,,2664,41,,,0,112,,2665,41,,,0,108,,2666,41,,,0,108,,2667,41,,,0,107,,2668,41,,,0,156,,2669,41,,,0,117,,2670,41,,,0,112,,2671,41,,,0,104,,2672,41,,,0,105,,2675,41,,,0,105,,2674,41,,,0,105,,2673,41,,,0,105,,2676,41,,,0
1201,'EventOn',640,,2677,41,,,0,113,,2678,41,,,0,148,,2679,41,,,0,110,,2680,41,,,0,112,,2681,41,,,0,108,,2682,41,,,0,108,,2683,41,,,0,107,,2684,41,,,0,156,,2685,41,,,0,117,,2686,41,,,0,112,,2687,41,,,0,104,,2688,41,,,0,105,,2691,41,,,0,105,,2690,41,,,0,105,,2689,41,,,0,105,,2692,41,,,0
1201,'KerOffPriveOff',640,,2693,41,,,0,113,,2694,41,,,0,148,,2695,41,,,0,110,,2696,41,,,0,112,,2697,41,,,0,108,,2698,41,,,0,108,,2699,41,,,0,107,,2700,41,,,0,156,,2701,41,,,0,117,,2702,41,,,0,112,,2703,41,,,0,104,,2704,41,,,0,105,,2707,41,,,0,105,,2706,41,,,0,105,,2705,41,,,0,105,,2708,41,,,0
1201,'Samedi',632,,2709,41,,,0,104,,2710,41,,,0,105,,2711,41,,,0,106,,2712,41,,,0,105,,2713,41,,,0,104,,2714,41,,,0,146,,2715,41,,,0,105,,2716,41,,,0,105,,2717,41,,,0,105,,2718,41,,,0,104,,2719,41,,,0,105,,2720,41,,,0,105,,2721,41,,,0,105,,2722,41,,,0,105,,2723,41,,,0,105,,2724,41,,,0,105,,2725,41,,,0
