901,'CsRoyOff',613,,1744,9,,,0,24,,1758,9,,,0,68,,1762,10,0,5,0,5,,1763,10,0,6,0,3,,1745,9,,,0,40,,1757,9,,,0,74,,1746,9,,,0,76,,1759,9,,,0,35,,1747,9,,,0,110,,1748,9,,,0,111,,1749,9,,,0,149,,1750,9,,,0,111,,1751,9,,,0,35,,1756,9,,,0,76,,1752,9,,,0,79,,1755,9,,,0,37,,1753,9,,,0,77,,1760,9,,,0,36,,1754,9,,,0,150,,1761,9,,,0
901,'CsRoyOffKerOff',613,,1764,9,,,0,24,,1778,9,,,0,68,,1782,10,0,5,0,8,,1765,9,,,0,40,,1777,9,,,0,74,,1766,9,,,0,76,,1779,9,,,0,35,,1767,9,,,0,110,,1768,9,,,0,111,,1769,9,,,0,149,,1770,9,,,0,111,,1771,9,,,0,35,,1776,9,,,0,76,,1772,9,,,0,79,,1775,9,,,0,37,,1773,9,,,0,77,,1780,9,,,0,36,,1774,9,,,0,150,,1781,9,,,0
901,'EventOff',613,,1783,9,,,0,24,,1797,9,,,0,76,,1784,9,,,0,40,,1796,9,,,0,74,,1785,9,,,0,76,,1798,9,,,0,35,,1786,9,,,0,110,,1787,9,,,0,111,,1788,9,,,0,149,,1789,9,,,0,111,,1790,9,,,0,35,,1795,9,,,0,76,,1791,9,,,0,79,,1794,9,,,0,37,,1792,9,,,0,77,,1799,9,,,0,36,,1793,9,,,0,150,,1800,9,,,0
901,'EventOn',613,,1801,9,,,0,24,,1815,9,,,0,68,,1819,10,0,5,0,5,,1820,10,0,6,0,3,,1802,9,,,0,40,,1814,9,,,0,74,,1803,9,,,0,76,,1816,9,,,0,35,,1804,9,,,0,110,,1805,9,,,0,111,,1806,9,,,0,149,,1807,9,,,0,111,,1808,9,,,0,35,,1813,9,,,0,76,,1809,9,,,0,79,,1812,9,,,0,37,,1810,9,,,0,77,,1817,9,,,0,36,,1811,9,,,0,150,,1818,9,,,0
901,'KerOffPriveOff',613,,1821,9,,,0,24,,1835,9,,,0,76,,1822,9,,,0,40,,1834,9,,,0,74,,1823,9,,,0,76,,1836,9,,,0,35,,1824,9,,,0,110,,1825,9,,,0,111,,1826,9,,,0,149,,1827,9,,,0,111,,1828,9,,,0,35,,1833,9,,,0,76,,1829,9,,,0,79,,1832,9,,,0,37,,1830,9,,,0,77,,1837,9,,,0,36,,1831,9,,,0,150,,1838,9,,,0
8901,'CsRoyOff',2014,,4880,9,,,0,105,,4879,9,,,0,105,,4878,9,,,0,105,,4877,9,,,0
8901,'CsRoyOffKerOff',2014,,4884,9,,,0,105,,4883,9,,,0,105,,4882,9,,,0,105,,4881,9,,,0
8901,'Dimanche',831,,4886,9,,,0,105,,4888,9,,,0,106,,4890,9,,,0,105,,4891,9,,,0,105,,4892,9,,,0,105,,4893,9,,,0,145,,4894,9,,,0,105,,4895,9,,,0,105,,4885,9,,,0,104,,4889,9,,,0,101,,4887,9,,,0
8901,'EventOff',2014,,4899,9,,,0,105,,4898,9,,,0,105,,4897,9,,,0,105,,4896,9,,,0
8901,'EventOn',2014,,4903,9,,,0,105,,4902,9,,,0,105,,4901,9,,,0,105,,4900,9,,,0
8901,'KerOffPriveOff',2014,,4907,9,,,0,105,,4906,9,,,0,105,,4905,9,,,0,105,,4904,9,,,0
8901,'Samedi',707,,4916,9,,,0,105,,4908,9,,,0,106,,4917,9,,,0,105,,4909,9,,,0,105,,4918,9,,,0,105,,4910,9,,,0,104,,4919,9,,,0,105,,4911,9,,,0,105,,4920,9,,,0,106,,4912,9,,,0,104,,4921,9,,,0,145,,4913,9,,,0,105,,4922,9,,,0,105,,4914,9,,,0,105,,4923,9,,,0,105,,4915,9,,,0
