200,'CsRoyOff',618,,17,4,,,0,35,,6,4,,,0,80,,12,4,,,0,75,,1,4,,,0,36,,18,4,,,0,74,,7,4,,,0,35,,13,4,,,0,75,,2,4,,,0,75,,19,4,,,0,35,,8,4,,,0,75,,14,4,,,0,35,,3,4,,,0,75,,20,4,,,0,35,,9,4,,,0,75,,15,4,,,0,80,,4,4,,,0,38,,21,4,,,0,77,,10,4,,,0,75,,16,4,,,0,35,,5,4,,,0,75,,22,4,,,0,35,,11,4,,,0,105,,27,4,,,0,105,,26,4,,,0,145,,25,4,,,0,105,,24,4,,,0,105,,23,4,,,0
200,'CsRoyOffKerOff',618,,44,4,,,0,35,,33,4,,,0,80,,39,4,,,0,75,,28,4,,,0,36,,45,4,,,0,74,,34,4,,,0,35,,40,4,,,0,75,,29,4,,,0,75,,46,4,,,0,35,,35,4,,,0,75,,41,4,,,0,35,,30,4,,,0,75,,47,4,,,0,35,,36,4,,,0,75,,42,4,,,0,80,,31,4,,,0,38,,48,4,,,0,77,,37,4,,,0,75,,43,4,,,0,35,,32,4,,,0,75,,49,4,,,0,35,,38,4,,,0,105,,54,4,,,0,105,,53,4,,,0,145,,52,4,,,0,105,,51,4,,,0,105,,50,4,,,0
200,'Dimanche',918,,58,4,,,0,105,,59,4,,,0,105,,60,4,,,0,105,,61,4,,,0,105,,62,4,,,0,105,,63,4,,,0,105,,64,4,,,0,105,,56,4,,,0,105,,55,4,,,0,145,,57,4,,,0
200,'EventOff',618,,81,4,,,0,35,,70,4,,,0,80,,76,4,,,0,75,,65,4,,,0,36,,82,4,,,0,74,,71,4,,,0,35,,77,4,,,0,75,,66,4,,,0,75,,83,4,,,0,35,,72,4,,,0,75,,78,4,,,0,35,,67,4,,,0,75,,84,4,,,0,35,,73,4,,,0,75,,79,4,,,0,80,,68,4,,,0,38,,85,4,,,0,77,,74,4,,,0,75,,80,4,,,0,35,,69,4,,,0,75,,86,4,,,0,35,,75,4,,,0,105,,91,4,,,0,105,,90,4,,,0,145,,89,4,,,0,105,,88,4,,,0,105,,87,4,,,0
200,'EventOn',618,,108,4,,,0,35,,97,4,,,0,80,,103,4,,,0,75,,92,4,,,0,36,,109,4,,,0,74,,98,4,,,0,35,,104,4,,,0,75,,93,4,,,0,75,,110,4,,,0,35,,99,4,,,0,75,,105,4,,,0,35,,94,4,,,0,75,,111,4,,,0,35,,100,4,,,0,75,,106,4,,,0,80,,95,4,,,0,38,,112,4,,,0,77,,101,4,,,0,75,,107,4,,,0,35,,96,4,,,0,75,,113,4,,,0,35,,102,4,,,0,105,,118,4,,,0,105,,117,4,,,0,145,,116,4,,,0,105,,115,4,,,0,105,,114,4,,,0
200,'KerOffPriveOff',618,,135,4,,,0,35,,124,4,,,0,80,,130,4,,,0,75,,119,4,,,0,36,,136,4,,,0,74,,125,4,,,0,35,,131,4,,,0,75,,120,4,,,0,75,,137,4,,,0,35,,126,4,,,0,75,,132,4,,,0,35,,121,4,,,0,75,,138,4,,,0,35,,127,4,,,0,75,,133,4,,,0,80,,122,4,,,0,38,,139,4,,,0,77,,128,4,,,0,75,,134,4,,,0,35,,123,4,,,0,75,,140,4,,,0,35,,129,4,,,0,105,,145,4,,,0,105,,144,4,,,0,145,,143,4,,,0,105,,142,4,,,0,105,,141,4,,,0
200,'Samedi',647,,146,4,,,0,105,,147,4,,,0,105,,148,4,,,0,146,,149,4,,,0,105,,150,4,,,0,105,,151,4,,,0,105,,152,4,,,0,105,,153,4,,,0,105,,154,4,,,0,105,,155,4,,,0,105,,156,4,,,0,105,,157,4,,,0,105,,158,4,,,0,105,,159,4,,,0,104,,160,4,,,0,145,,161,4,,,0,105,,162,4,,,0
190300200,'CsRoyOff',752,,4950,12,,,0
190300200,'CsRoyOffKerOff',752,,4951,12,,,0
190300200,'EventOn',752,,4952,12,,,0
190300300,'CsRoyOff',815,,4956,3,4,,0
190300300,'CsRoyOffKerOff',815,,4957,3,4,,0
190300300,'EventOn',815,,4958,3,4,,0
19200100000,'CsRoyOff',742,,4998,20,,,0
19200100000,'CsRoyOffKerOff',742,,4999,20,,,0
19200100000,'EventOn',742,,5000,20,,,0
19200100000,'KerOffPriveOff',742,,5001,20,,,0
19200300001,'CsRoyOff',807,,5015,22,4,,0
19200300001,'CsRoyOffKerOff',807,,5016,22,4,,0
19200300001,'EventOn',807,,5017,22,4,,0
