6000,'CsRoyOff',620,,4473,19,4,,0,27,,4484,38,4,,0,81,,4474,38,4,,0,73,,4485,38,4,,0,39,,4475,38,4,,0,75,,4486,38,4,,0,33,,4476,38,4,,0,76,,4487,38,4,,0,34,,4477,38,4,,0,76,,4488,38,4,,0,73,,4478,38,4,,0,36,,4489,38,4,,0,75,,4479,38,4,,0,28,,4490,38,4,,0,78,,4501,38,4,,0,25,,4480,38,4,,0,80,,4491,38,4,,0,81,,4481,38,4,,0,39,,4492,38,4,,0,71,,4482,38,4,,0,34,,4493,38,4,,0,75,,4483,38,4,,0,75,,4494,38,4,,0,38,,4495,38,4,,0,104,,4500,38,4,,0,105,,4499,38,4,,0,105,,4498,38,4,,0,145,,4496,38,4,,0
6000,'CsRoyOffKerOff',620,,4502,19,4,,0,27,,4513,38,4,,0,81,,4503,38,4,,0,73,,4514,38,4,,0,39,,4504,38,4,,0,75,,4515,38,4,,0,33,,4505,38,4,,0,76,,4516,38,4,,0,34,,4506,38,4,,0,76,,4517,38,4,,0,73,,4507,38,4,,0,36,,4518,38,4,,0,75,,4508,38,4,,0,28,,4519,38,4,,0,78,,4530,38,4,,0,25,,4509,38,4,,0,80,,4520,38,4,,0,81,,4510,38,4,,0,39,,4521,38,4,,0,71,,4511,38,4,,0,34,,4522,38,4,,0,75,,4512,38,4,,0,75,,4523,38,4,,0,38,,4524,38,4,,0,104,,4529,38,4,,0,105,,4528,38,4,,0,105,,4527,38,4,,0,145,,4525,38,4,,0
6000,'Dimanche',908,,4531,38,4,,0,105,,4532,38,4,,0,104,,4534,38,4,,0,105,,4536,38,4,,0,105,,4537,38,4,,0,105,,4538,38,4,,0,105,,4539,38,4,,0,105,,4540,38,4,,0,106,,4535,38,4,,0,103,,4533,38,4,,0
6000,'EventOff',620,,4541,19,4,,0,27,,4552,38,4,,0,81,,4542,38,4,,0,73,,4553,38,4,,0,39,,4543,38,4,,0,75,,4554,38,4,,0,33,,4544,38,4,,0,76,,4555,38,4,,0,34,,4545,38,4,,0,76,,4556,38,4,,0,73,,4546,38,4,,0,36,,4557,38,4,,0,75,,4547,38,4,,0,28,,4558,38,4,,0,78,,4569,38,4,,0,25,,4548,38,4,,0,80,,4559,38,4,,0,81,,4549,38,4,,0,39,,4560,38,4,,0,71,,4550,38,4,,0,34,,4561,38,4,,0,75,,4551,38,4,,0,75,,4562,38,4,,0,38,,4563,38,4,,0,104,,4568,38,4,,0,105,,4567,38,4,,0,105,,4566,38,4,,0,145,,4564,38,4,,0
6000,'EventOn',620,,4570,19,4,,0,27,,4581,38,4,,0,81,,4571,38,4,,0,73,,4582,38,4,,0,2,,4600,7,4,,0,37,,4572,38,4,,0,75,,4583,38,4,,0,33,,4573,38,4,,0,76,,4584,38,4,,0,34,,4574,38,4,,0,76,,4585,38,4,,0,73,,4575,38,4,,0,36,,4586,38,4,,0,75,,4576,38,4,,0,28,,4587,38,4,,0,78,,4598,38,4,,0,25,,4577,38,4,,0,80,,4588,38,4,,0,13,,4601,7,4,,0,68,,4578,38,4,,0,39,,4589,38,4,,0,71,,4579,38,4,,0,34,,4590,38,4,,0,75,,4580,38,4,,0,75,,4591,38,4,,0,38,,4592,38,4,,0,104,,4597,38,4,,0,105,,4596,38,4,,0,105,,4595,38,4,,0,145,,4593,38,4,,0
6000,'KerOffPriveOff',620,,4602,19,4,,0,27,,4613,38,4,,0,81,,4603,38,4,,0,73,,4614,38,4,,0,2,,4632,7,4,,0,37,,4604,38,4,,0,75,,4615,38,4,,0,33,,4605,38,4,,0,76,,4616,38,4,,0,34,,4606,38,4,,0,76,,4617,38,4,,0,73,,4607,38,4,,0,36,,4618,38,4,,0,75,,4608,38,4,,0,28,,4619,38,4,,0,78,,4630,38,4,,0,25,,4609,38,4,,0,80,,4620,38,4,,0,13,,4633,7,4,,0,68,,4610,38,4,,0,39,,4621,38,4,,0,71,,4611,38,4,,0,34,,4622,38,4,,0,75,,4612,38,4,,0,75,,4623,38,4,,0,38,,4624,38,4,,0,104,,4629,38,4,,0,105,,4628,38,4,,0,105,,4627,38,4,,0,145,,4625,38,4,,0
6000,'Samedi',638,,4639,38,4,,0,104,,4645,38,4,,0,105,,4634,38,4,,0,105,,4640,38,4,,0,105,,4646,38,4,,0,145,,4635,38,4,,0,106,,4641,38,4,,0,105,,4647,38,4,,0,105,,4636,38,4,,0,105,,4642,38,4,,0,104,,4648,38,4,,0,105,,4637,38,4,,0,105,,4643,38,4,,0,105,,4649,38,4,,0,105,,4638,38,4,,0,105,,4644,38,4,,0,105,,4650,38,4,,0
6001,'CsRoyOff',621,,4652,1,,,0,30,,4663,1,,,0,78,,4653,1,,,0,76,,4664,1,,,0,36,,4654,1,,,0,76,,4665,1,,,0,34,,4655,1,,,0,75,,4666,1,,,0,75,,4656,1,,,0,35,,4667,1,,,0,75,,4657,1,,,0,34,,4668,1,,,0,75,,4658,1,,,0,27,,4669,1,,,0,80,,4679,1,,,0,31,,4659,1,,,0,83,,4670,1,,,0,72,,4660,1,,,0,38,,4671,1,,,0,76,,4661,1,,,0,75,,4672,1,,,0,30,,4662,1,,,0,111,,4675,1,,,0,105,,4677,1,,,0,105,,4676,1,,,0,105,,4674,1,,,0,145,,4673,1,,,0
6001,'CsRoyOffKerOff',621,,4680,1,,,0,30,,4691,1,,,0,78,,4681,1,,,0,76,,4692,1,,,0,36,,4682,1,,,0,76,,4693,1,,,0,34,,4683,1,,,0,75,,4694,1,,,0,75,,4684,1,,,0,35,,4695,1,,,0,75,,4685,1,,,0,34,,4696,1,,,0,75,,4686,1,,,0,27,,4697,1,,,0,80,,4707,1,,,0,31,,4687,1,,,0,83,,4698,1,,,0,72,,4688,1,,,0,38,,4699,1,,,0,76,,4689,1,,,0,75,,4700,1,,,0,30,,4690,1,,,0,111,,4703,1,,,0,105,,4705,1,,,0,105,,4704,1,,,0,105,,4702,1,,,0,145,,4701,1,,,0
6001,'Dimanche',909,,4708,1,,,0,105,,4710,1,,,0,105,,4711,1,,,0,104,,4713,1,,,0,105,,4714,1,,,0,105,,4715,1,,,0,105,,4716,1,,,0,105,,4717,1,,,0,106,,4712,1,,,0,105,,4709,1,,,0
6001,'EventOff',621,,4718,1,,,0,30,,4729,1,,,0,78,,4719,1,,,0,76,,4730,1,,,0,36,,4720,1,,,0,76,,4731,1,,,0,34,,4721,1,,,0,75,,4732,1,,,0,75,,4722,1,,,0,35,,4733,1,,,0,75,,4723,1,,,0,34,,4734,1,,,0,75,,4724,1,,,0,27,,4735,1,,,0,80,,4745,1,,,0,31,,4725,1,,,0,83,,4736,1,,,0,72,,4726,1,,,0,38,,4737,1,,,0,76,,4727,1,,,0,75,,4738,1,,,0,30,,4728,1,,,0,111,,4741,1,,,0,105,,4743,1,,,0,105,,4742,1,,,0,105,,4740,1,,,0,145,,4739,1,,,0
6001,'EventOn',621,,4746,1,,,0,30,,4757,1,,,0,78,,4747,1,,,0,74,,4774,1,0,19,0,2,,4758,1,,,0,36,,4748,1,,,0,76,,4759,1,,,0,34,,4749,1,,,0,75,,4760,1,,,0,75,,4750,1,,,0,35,,4761,1,,,0,75,,4751,1,,,0,34,,4762,1,,,0,75,,4752,1,,,0,27,,4763,1,,,0,80,,4773,1,,,0,31,,4753,1,,,0,83,,4764,1,,,0,1,,4776,1,0,14 15,0,71,,4754,1,,,0,38,,4765,1,,,0,76,,4755,1,,,0,75,,4766,1,,,0,30,,4756,1,,,0,111,,4769,1,,,0,105,,4771,1,,,0,105,,4770,1,,,0,105,,4768,1,,,0,145,,4767,1,,,0
6001,'KerOffPriveOff',621,,4777,1,,,0,30,,4788,1,,,0,78,,4778,1,,,0,74,,4805,1,0,19,0,2,,4789,1,,,0,36,,4779,1,,,0,76,,4790,1,,,0,34,,4780,1,,,0,75,,4791,1,,,0,75,,4781,1,,,0,35,,4792,1,,,0,75,,4782,1,,,0,34,,4793,1,,,0,75,,4783,1,,,0,27,,4794,1,,,0,80,,4804,1,,,0,31,,4784,1,,,0,83,,4795,1,,,0,1,,4807,1,0,14 15,0,71,,4785,1,,,0,38,,4796,1,,,0,76,,4786,1,,,0,75,,4797,1,,,0,30,,4787,1,,,0,111,,4800,1,,,0,105,,4802,1,,,0,105,,4801,1,,,0,105,,4799,1,,,0,145,,4798,1,,,0
6001,'Samedi',639,,4813,1,,,0,105,,4819,1,,,0,105,,4808,1,,,0,105,,4814,1,,,0,104,,4820,1,,,0,145,,4809,1,,,0,106,,4815,1,,,0,105,,4821,1,,,0,105,,4810,1,,,0,104,,4816,1,,,0,105,,4822,1,,,0,106,,4811,1,,,0,105,,4817,1,,,0,105,,4823,1,,,0,105,,4812,1,,,0,105,,4818,1,,,0,105,,4824,1,,,0
111800500,'CsRoyOff',734,,4936,20,4,,0,880,,4937,37,4,,0
111800500,'CsRoyOffKerOff',1614,,4938,37,4,,0
111800500,'EventOn',734,,4939,20,4,,0,880,,4940,37,4,,0
111800501,'CsRoyOff',734,,4941,1,,,0,880,,4942,1,0,14 15,0
111800501,'CsRoyOffKerOff',1614,,4943,1,0,14 15,0
111800501,'EventOn',734,,4944,1,,,0,880,,4945,1,0,14 15,0
19200300000,'CsRoyOff',734,,5009,19,4,,0
19200300000,'CsRoyOffKerOff',734,,5011,19,4,,0
19200300000,'EventOn',734,,5013,19,4,,0
19200300001,'CsRoyOff',734,,5015,1,0,11 18,0
19200300001,'CsRoyOffKerOff',734,,5016,1,0,11 18,0
19200300001,'EventOn',734,,5017,1,0,11 18,0
