501,'CsRoyOff',626,,840,10,,,0,79,,837,10,,,0,35,,827,10,,,0,77,,823,10,,,0,35,,833,10,,,0,76,,841,10,,,0,74,,831,10,,,0,35,,828,10,,,0,74,,824,10,,,0,35,,834,10,,,0,75,,842,10,,,0,35,,832,10,,,0,75,,829,10,,,0,75,,825,10,,,0,34,,835,10,,,0,76,,843,10,,,0,38,,839,10,,,0,78,,830,10,,,0,80,,826,10,,,0,35,,836,10,,,0,75,,844,10,,,0,35,,838,10,,,0,75,,849,10,,,0,97,,848,10,,,0,105,,847,10,,,0,105,,846,10,,,0,105,,845,10,,,0
501,'CsRoyOffKerOff',626,,868,10,,,0,79,,865,10,,,0,35,,855,10,,,0,77,,851,10,,,0,35,,861,10,,,0,76,,869,10,,,0,74,,859,10,,,0,35,,856,10,,,0,74,,852,10,,,0,35,,862,10,,,0,75,,870,10,,,0,35,,860,10,,,0,75,,857,10,,,0,75,,853,10,,,0,34,,863,10,,,0,76,,871,10,,,0,38,,867,10,,,0,78,,858,10,,,0,80,,854,10,,,0,35,,864,10,,,0,75,,872,10,,,0,35,,866,10,,,0,75,,877,10,,,0,97,,876,10,,,0,105,,875,10,,,0,105,,874,10,,,0,105,,873,10,,,0
501,'Dimanche',849,,882,10,,,0,105,,881,10,,,0,105,,883,10,,,0,145,,885,10,,,0,105,,884,10,,,0,106,,886,10,,,0,105,,887,10,,,0,105,,888,10,,,0,105,,879,10,,,0,105,,880,10,,,0
501,'EventOff',626,,906,10,,,0,79,,903,10,,,0,35,,893,10,,,0,77,,889,10,,,0,35,,899,10,,,0,76,,907,10,,,0,74,,897,10,,,0,35,,894,10,,,0,74,,890,10,,,0,35,,900,10,,,0,75,,908,10,,,0,35,,898,10,,,0,75,,895,10,,,0,75,,891,10,,,0,34,,901,10,,,0,76,,909,10,,,0,38,,905,10,,,0,78,,896,10,,,0,80,,892,10,,,0,35,,902,10,,,0,75,,910,10,,,0,35,,904,10,,,0,75,,915,10,,,0,97,,914,10,,,0,105,,913,10,,,0,105,,912,10,,,0,105,,911,10,,,0
501,'EventOn',626,,933,10,,,0,79,,930,10,,,0,35,,920,10,,,0,77,,916,10,,,0,35,,926,10,,,0,76,,934,10,,,0,74,,924,10,,,0,35,,921,10,,,0,74,,917,10,,,0,35,,927,10,,,0,75,,935,10,,,0,35,,925,10,,,0,75,,922,10,,,0,75,,918,10,,,0,34,,928,10,,,0,76,,936,10,,,0,38,,932,10,,,0,78,,923,10,,,0,80,,919,10,,,0,35,,929,10,,,0,75,,937,10,,,0,35,,931,10,,,0,75,,942,10,,,0,97,,941,10,,,0,105,,940,10,,,0,105,,939,10,,,0,105,,938,10,,,0
501,'KerOffPriveOff',626,,961,10,,,0,79,,958,10,,,0,35,,948,10,,,0,77,,944,10,,,0,35,,954,10,,,0,76,,962,10,,,0,74,,952,10,,,0,35,,949,10,,,0,74,,945,10,,,0,35,,955,10,,,0,75,,963,10,,,0,35,,953,10,,,0,75,,950,10,,,0,75,,946,10,,,0,34,,956,10,,,0,76,,964,10,,,0,38,,960,10,,,0,78,,951,10,,,0,80,,947,10,,,0,35,,957,10,,,0,75,,965,10,,,0,35,,959,10,,,0,75,,970,10,,,0,97,,969,10,,,0,105,,968,10,,,0,105,,967,10,,,0,105,,966,10,,,0
501,'Samedi',619,,971,10,,,0,105,,977,10,,,0,105,,983,10,,,0,105,,972,10,,,0,105,,978,10,,,0,105,,984,10,,,0,105,,973,10,,,0,106,,979,10,,,0,145,,985,10,,,0,105,,974,10,,,0,105,,980,10,,,0,105,,986,10,,,0,104,,975,10,,,0,105,,981,10,,,0,105,,987,10,,,0,105,,976,10,,,0,105,,982,10,,,0
2501,'CsRoyOff',637,,3731,33,,,0,74,,3733,33,,,0,41,,3732,33,,,0,77,,3734,33,,,0,73,,3752,33,,,0,33,,3735,33,,,0,75,,3736,33,,,0,35,,3737,33,,,0,75,,3738,33,,,0,35,,3739,33,,,0,75,,3740,33,,,0,75,,3741,33,,,0,35,,3742,33,,,0,75,,3743,33,,,0,35,,3744,33,,,0,78,,3745,33,,,0,80,,3746,33,,,0,38,,3747,33,,,0,75,,3748,33,,,0,35,,3749,33,,,0,75,,3750,33,,,0,73,,3751,33,,,0,35,,3753,33,,,0,104,,3754,33,,,0,105,,3755,33,,,0,105,,3756,33,,,0,105,,3757,33,,,0
2501,'CsRoyOffKerOff',637,,3759,33,,,0,74,,3761,33,,,0,41,,3760,33,,,0,77,,3762,33,,,0,73,,3780,33,,,0,33,,3763,33,,,0,75,,3764,33,,,0,35,,3765,33,,,0,75,,3766,33,,,0,35,,3767,33,,,0,75,,3768,33,,,0,75,,3769,33,,,0,35,,3770,33,,,0,75,,3771,33,,,0,35,,3772,33,,,0,78,,3773,33,,,0,80,,3774,33,,,0,38,,3775,33,,,0,75,,3776,33,,,0,35,,3777,33,,,0,75,,3778,33,,,0,73,,3779,33,,,0,35,,3781,33,,,0,104,,3782,33,,,0,105,,3783,33,,,0,105,,3784,33,,,0,105,,3785,33,,,0
2501,'Dimanche',903,,3788,33,,,0,105,,3789,33,,,0,105,,3790,33,,,0,105,,3791,33,,,0,105,,3792,33,,,0,105,,3793,33,,,0,105,,3794,33,,,0,105,,3795,33,,,0,105,,3787,33,,,0,105,,3786,33,,,0
2501,'EventOff',637,,3796,33,,,0,74,,3798,33,,,0,41,,3797,33,,,0,77,,3799,33,,,0,73,,3817,33,,,0,33,,3800,33,,,0,75,,3801,33,,,0,35,,3802,33,,,0,75,,3803,33,,,0,35,,3804,33,,,0,75,,3805,33,,,0,75,,3806,33,,,0,35,,3807,33,,,0,75,,3808,33,,,0,35,,3809,33,,,0,78,,3810,33,,,0,80,,3811,33,,,0,38,,3812,33,,,0,75,,3813,33,,,0,35,,3814,33,,,0,75,,3815,33,,,0,73,,3816,33,,,0,35,,3818,33,,,0,104,,3819,33,,,0,105,,3820,33,,,0,105,,3821,33,,,0,105,,3822,33,,,0
2501,'EventOn',637,,3823,33,,,0,74,,3825,33,,,0,41,,3824,33,,,0,52,,3851,33,0,10,0,25,,3826,33,,,0,73,,3844,33,,,0,33,,3827,33,,,0,75,,3828,33,,,0,35,,3829,33,,,0,75,,3830,33,,,0,35,,3831,33,,,0,75,,3832,33,,,0,75,,3833,33,,,0,35,,3834,33,,,0,75,,3835,33,,,0,35,,3836,33,,,0,78,,3837,33,,,0,80,,3838,33,,,0,38,,3839,33,,,0,75,,3840,33,,,0,35,,3841,33,,,0,75,,3842,33,,,0,73,,3843,33,,,0,35,,3845,33,,,0,104,,3846,33,,,0,105,,3847,33,,,0,105,,3848,33,,,0,105,,3849,33,,,0
2501,'KerOffPriveOff',637,,3853,33,,,0,74,,3855,33,,,0,41,,3854,33,,,0,52,,3881,33,0,10,0,25,,3856,33,,,0,73,,3874,33,,,0,33,,3857,33,,,0,75,,3858,33,,,0,35,,3859,33,,,0,75,,3860,33,,,0,35,,3861,33,,,0,75,,3862,33,,,0,75,,3863,33,,,0,35,,3864,33,,,0,75,,3865,33,,,0,35,,3866,33,,,0,78,,3867,33,,,0,80,,3868,33,,,0,38,,3869,33,,,0,75,,3870,33,,,0,35,,3871,33,,,0,75,,3872,33,,,0,73,,3873,33,,,0,35,,3875,33,,,0,104,,3876,33,,,0,105,,3877,33,,,0,105,,3878,33,,,0,105,,3879,33,,,0
2501,'Samedi',633,,3893,33,,,0,104,,3882,33,,,0,105,,3888,33,,,0,105,,3894,33,,,0,105,,3883,33,,,0,105,,3889,33,,,0,145,,3895,33,,,0,106,,3884,33,,,0,105,,3890,33,,,0,105,,3896,33,,,0,105,,3885,33,,,0,104,,3891,33,,,0,105,,3897,33,,,0,105,,3886,33,,,0,105,,3892,33,,,0,105,,3898,33,,,0,105,,3887,33,,,0
6000,'CsRoyOff',626,,4484,10,,,0,82,,4474,10,,,0,31,,4485,10,,,0,80,,4475,10,,,0,35,,4486,10,,,0,74,,4476,10,,,0,76,,4487,10,,,0,34,,4477,10,,,0,75,,4488,10,,,0,33,,4478,10,,,0,76,,4489,10,,,0,35,,4479,10,,,0,68,,4490,10,,,0,77,,4501,10,,,0,25,,4480,10,,,0,80,,4491,10,,,0,38,,4481,10,,,0,78,,4492,10,,,0,34,,4482,10,,,0,76,,4493,10,,,0,75,,4483,10,,,0,35,,4494,10,,,0,78,,4495,10,,,0,105,,4500,10,,,0,105,,4499,10,,,0,105,,4498,10,,,0,105,,4496,10,,,0,101,,4497,10,0,14 15,0
6000,'CsRoyOffKerOff',626,,4513,10,,,0,82,,4503,10,,,0,31,,4514,10,,,0,80,,4504,10,,,0,35,,4515,10,,,0,74,,4505,10,,,0,76,,4516,10,,,0,34,,4506,10,,,0,75,,4517,10,,,0,33,,4507,10,,,0,76,,4518,10,,,0,35,,4508,10,,,0,68,,4519,10,,,0,77,,4530,10,,,0,25,,4509,10,,,0,80,,4520,10,,,0,38,,4510,10,,,0,78,,4521,10,,,0,34,,4511,10,,,0,76,,4522,10,,,0,75,,4512,10,,,0,35,,4523,10,,,0,78,,4524,10,,,0,105,,4529,10,,,0,105,,4528,10,,,0,105,,4527,10,,,0,105,,4525,10,,,0,101,,4526,10,0,14 15,0
6000,'Dimanche',848,,4531,10,,,0,105,,4532,10,,,0,104,,4534,10,,,0,147,,4536,10,,,0,104,,4537,10,,,0,104,,4538,10,,,0,105,,4539,10,,,0,104,,4540,10,,,0,106,,4535,10,,,0,105,,4533,10,,,0
6000,'EventOff',626,,4552,10,,,0,82,,4542,10,,,0,31,,4553,10,,,0,80,,4543,10,,,0,35,,4554,10,,,0,74,,4544,10,,,0,76,,4555,10,,,0,34,,4545,10,,,0,75,,4556,10,,,0,33,,4546,10,,,0,76,,4557,10,,,0,35,,4547,10,,,0,68,,4558,10,,,0,77,,4569,10,,,0,25,,4548,10,,,0,80,,4559,10,,,0,38,,4549,10,,,0,78,,4560,10,,,0,34,,4550,10,,,0,76,,4561,10,,,0,75,,4551,10,,,0,35,,4562,10,,,0,78,,4563,10,,,0,105,,4568,10,,,0,105,,4567,10,,,0,105,,4566,10,,,0,105,,4564,10,,,0,101,,4565,10,0,14 15,0
6000,'EventOn',626,,4581,10,,,0,82,,4571,10,,,0,31,,4582,10,,,0,80,,4572,10,,,0,35,,4583,10,,,0,74,,4573,10,,,0,76,,4584,10,,,0,34,,4574,10,,,0,75,,4585,10,,,0,33,,4575,10,,,0,76,,4586,10,,,0,35,,4576,10,,,0,68,,4587,10,,,0,77,,4598,10,,,0,25,,4577,10,,,0,80,,4588,10,,,0,38,,4578,10,,,0,78,,4589,10,,,0,34,,4579,10,,,0,76,,4590,10,,,0,75,,4580,10,,,0,35,,4591,10,,,0,78,,4592,10,,,0,105,,4597,10,,,0,105,,4596,10,,,0,105,,4595,10,,,0,105,,4593,10,,,0,101,,4594,10,0,14 15,0
6000,'KerOffPriveOff',626,,4613,10,,,0,82,,4603,10,,,0,31,,4614,10,,,0,80,,4604,10,,,0,35,,4615,10,,,0,74,,4605,10,,,0,76,,4616,10,,,0,34,,4606,10,,,0,75,,4617,10,,,0,33,,4607,10,,,0,76,,4618,10,,,0,35,,4608,10,,,0,68,,4619,10,,,0,77,,4630,10,,,0,25,,4609,10,,,0,80,,4620,10,,,0,38,,4610,10,,,0,78,,4621,10,,,0,34,,4611,10,,,0,76,,4622,10,,,0,75,,4612,10,,,0,35,,4623,10,,,0,78,,4624,10,,,0,105,,4629,10,,,0,105,,4628,10,,,0,105,,4627,10,,,0,105,,4625,10,,,0,101,,4626,10,0,14 15,0
6000,'Samedi',618,,4639,10,,,0,104,,4645,10,,,0,105,,4634,10,,,0,105,,4640,10,,,0,106,,4646,10,,,0,105,,4635,10,,,0,105,,4641,10,,,0,106,,4647,10,,,0,104,,4636,10,,,0,145,,4642,10,,,0,104,,4648,10,,,0,105,,4637,10,,,0,105,,4643,10,,,0,105,,4649,10,,,0,105,,4638,10,,,0,105,,4644,10,,,0,105,,4650,10,,,0,100,,4651,10,0,14 15,0
111800500,'CsRoyOff',1548,,4937,8,,,0
111800500,'CsRoyOffKerOff',1548,,4938,8,,,0
111800500,'EventOn',1548,,4940,8,,,0
