600,'CsRoyOff',634,,1003,2,,,0,80,,995,2,,,0,19,,1015,2,0,6,0,16,,988,2,,,0,75,,999,2,,,0,33,,1005,2,,,0,75,,994,2,,,0,75,,996,2,,,0,35,,989,2,,,0,75,,1000,2,,,0,35,,1006,2,,,0,75,,992,2,,,0,75,,997,2,,,0,35,,990,2,,,0,76,,1001,2,,,0,35,,1007,2,,,0,80,,1004,2,,,0,76,,998,2,,,0,39,,991,2,,,0,75,,1002,2,,,0,35,,1008,2,,,0,74,,993,2,,,0,109,,1010,2,,,0,100,,1013,2,,,0,105,,1012,2,,,0,107,,1011,2,,,0,103,,1009,2,,,0
600,'CsRoyOffKerOff',634,,1031,2,,,0,80,,1023,2,,,0,35,,1016,2,,,0,75,,1027,2,,,0,33,,1033,2,,,0,75,,1022,2,,,0,75,,1024,2,,,0,35,,1017,2,,,0,75,,1028,2,,,0,35,,1034,2,,,0,75,,1020,2,,,0,75,,1025,2,,,0,35,,1018,2,,,0,76,,1029,2,,,0,35,,1035,2,,,0,80,,1032,2,,,0,76,,1026,2,,,0,39,,1019,2,,,0,75,,1030,2,,,0,35,,1036,2,,,0,74,,1021,2,,,0,109,,1038,2,,,0,100,,1041,2,,,0,105,,1040,2,,,0,107,,1039,2,,,0,103,,1037,2,,,0
600,'Dimanche',855,,1044,2,,,0,145,,1047,2,,,0,106,,1046,2,,,0,105,,1048,2,,,0,105,,1049,2,,,0,105,,1050,2,,,0,105,,1051,2,,,0,105,,1052,2,,,0,105,,1043,2,,,0,104,,1045,2,,,0
600,'EventOff',634,,1068,2,,,0,80,,1060,2,,,0,35,,1053,2,,,0,75,,1064,2,,,0,33,,1070,2,,,0,75,,1059,2,,,0,75,,1061,2,,,0,35,,1054,2,,,0,75,,1065,2,,,0,35,,1071,2,,,0,75,,1057,2,,,0,75,,1062,2,,,0,35,,1055,2,,,0,76,,1066,2,,,0,35,,1072,2,,,0,80,,1069,2,,,0,76,,1063,2,,,0,39,,1056,2,,,0,75,,1067,2,,,0,35,,1073,2,,,0,74,,1058,2,,,0,109,,1075,2,,,0,100,,1078,2,,,0,105,,1077,2,,,0,107,,1076,2,,,0,103,,1074,2,,,0
600,'EventOn',634,,1095,2,,,0,80,,1087,2,,,0,19,,1107,2,0,6,0,16,,1080,2,,,0,75,,1091,2,,,0,33,,1097,2,,,0,75,,1086,2,,,0,75,,1088,2,,,0,35,,1081,2,,,0,75,,1092,2,,,0,35,,1098,2,,,0,75,,1084,2,,,0,75,,1089,2,,,0,35,,1082,2,,,0,76,,1093,2,,,0,35,,1099,2,,,0,80,,1096,2,,,0,76,,1090,2,,,0,39,,1083,2,,,0,75,,1094,2,,,0,35,,1100,2,,,0,74,,1085,2,,,0,109,,1102,2,,,0,100,,1105,2,,,0,105,,1104,2,,,0,107,,1103,2,,,0,103,,1101,2,,,0
600,'KerOffPriveOff',634,,1124,2,,,0,80,,1116,2,,,0,35,,1109,2,,,0,75,,1120,2,,,0,33,,1126,2,,,0,75,,1115,2,,,0,75,,1117,2,,,0,35,,1110,2,,,0,75,,1121,2,,,0,35,,1127,2,,,0,75,,1113,2,,,0,75,,1118,2,,,0,35,,1111,2,,,0,76,,1122,2,,,0,35,,1128,2,,,0,80,,1125,2,,,0,76,,1119,2,,,0,39,,1112,2,,,0,75,,1123,2,,,0,35,,1129,2,,,0,74,,1114,2,,,0,109,,1131,2,,,0,100,,1134,2,,,0,105,,1133,2,,,0,107,,1132,2,,,0,103,,1130,2,,,0
600,'Samedi',628,,1137,2,,,0,103,,1146,2,,,0,105,,1138,2,,,0,106,,1147,2,,,0,105,,1139,2,,,0,105,,1148,2,,,0,105,,1140,2,,,0,144,,1149,2,,,0,104,,1141,2,,,0,106,,1150,2,,,0,106,,1142,2,,,0,104,,1151,2,,,0,105,,1143,2,,,0,105,,1152,2,,,0,105,,1144,2,,,0,105,,1153,2,,,0,105,,1145,2,,,0
8900,'CsRoyOff',1936,,4827,2,,,0,100,,4829,2,,,0,105,,4828,2,,,0,107,,4826,2,,,0,103,,4825,2,,,0
8900,'CsRoyOffKerOff',1936,,4832,2,,,0,100,,4834,2,,,0,105,,4833,2,,,0,107,,4831,2,,,0,103,,4830,2,,,0
8900,'Dimanche',855,,4836,2,,,0,145,,4838,2,,,0,106,,4839,2,,,0,105,,4840,2,,,0,105,,4842,2,,,0,105,,4841,2,,,0,105,,4843,2,,,0,105,,4844,2,,,0,105,,4835,2,,,0,104,,4837,2,,,0
8900,'EventOff',1936,,4847,2,,,0,100,,4849,2,,,0,105,,4848,2,,,0,107,,4846,2,,,0,103,,4845,2,,,0
8900,'EventOn',1936,,4852,2,,,0,100,,4854,2,,,0,105,,4853,2,,,0,107,,4851,2,,,0,103,,4850,2,,,0
8900,'KerOffPriveOff',1936,,4857,2,,,0,100,,4859,2,,,0,105,,4858,2,,,0,107,,4856,2,,,0,103,,4855,2,,,0
8900,'Samedi',628,,4876,2,,,0,103,,4860,2,,,0,105,,4868,2,,,0,106,,4861,2,,,0,105,,4869,2,,,0,105,,4862,2,,,0,105,,4870,2,,,0,144,,4863,2,,,0,104,,4871,2,,,0,106,,4864,2,,,0,106,,4872,2,,,0,104,,4865,2,,,0,105,,4873,2,,,0,105,,4866,2,,,0,105,,4874,2,,,0,105,,4867,2,,,0,105,,4875,2,,,0
160900101,'EventOn',732,,4948,2,,,0
160900101,'KerOffPriveOff',732,,4949,2,,,0
