6001,'CsRoyOff',623,,4652,5,,,0,30,,4663,5,,,0,79,,4653,5,,,0,76,,4664,5,,,0,35,,4654,5,,,0,76,,4665,5,,,0,34,,4655,5,,,0,75,,4666,5,,,0,75,,4656,5,,,0,35,,4667,5,,,0,75,,4657,5,,,0,34,,4668,5,,,0,75,,4658,5,,,0,27,,4669,5,,,0,80,,4679,5,,,0,71,,4659,5,,,0,43,,4670,5,,,0,72,,4660,5,,,0,38,,4671,5,,,0,76,,4661,5,,,0,75,,4672,5,,,0,30,,4662,5,,,0,111,,4675,5,,,0,105,,4677,5,,,0,105,,4676,5,,,0,145,,4674,5,,,0,105,,4673,5,,,0
6001,'CsRoyOffKerOff',623,,4680,5,,,0,30,,4691,5,,,0,79,,4681,5,,,0,76,,4692,5,,,0,35,,4682,5,,,0,76,,4693,5,,,0,34,,4683,5,,,0,75,,4694,5,,,0,75,,4684,5,,,0,35,,4695,5,,,0,75,,4685,5,,,0,34,,4696,5,,,0,75,,4686,5,,,0,27,,4697,5,,,0,80,,4707,5,,,0,71,,4687,5,,,0,43,,4698,5,,,0,72,,4688,5,,,0,38,,4699,5,,,0,76,,4689,5,,,0,75,,4700,5,,,0,30,,4690,5,,,0,111,,4703,5,,,0,105,,4705,5,,,0,105,,4704,5,,,0,145,,4702,5,,,0,105,,4701,5,,,0
6001,'Dimanche',911,,4708,5,,,0,105,,4710,5,,,0,105,,4711,5,,,0,104,,4713,5,,,0,105,,4714,5,,,0,105,,4715,5,,,0,105,,4716,5,,,0,105,,4717,5,,,0,106,,4712,5,,,0,105,,4709,5,,,0
6001,'EventOff',623,,4718,5,,,0,30,,4729,5,,,0,79,,4719,5,,,0,76,,4730,5,,,0,35,,4720,5,,,0,76,,4731,5,,,0,34,,4721,5,,,0,75,,4732,5,,,0,75,,4722,5,,,0,35,,4733,5,,,0,75,,4723,5,,,0,34,,4734,5,,,0,75,,4724,5,,,0,27,,4735,5,,,0,80,,4745,5,,,0,71,,4725,5,,,0,43,,4736,5,,,0,72,,4726,5,,,0,38,,4737,5,,,0,76,,4727,5,,,0,75,,4738,5,,,0,30,,4728,5,,,0,111,,4741,5,,,0,105,,4743,5,,,0,105,,4742,5,,,0,145,,4740,5,,,0,105,,4739,5,,,0
6001,'EventOn',623,,4746,5,,,0,30,,4757,5,,,0,79,,4747,5,,,0,73,,4774,5,0,19,0,3,,4758,5,,,0,35,,4748,5,,,0,76,,4759,5,,,0,34,,4749,5,,,0,75,,4760,5,,,0,75,,4750,5,,,0,35,,4761,5,,,0,75,,4751,5,,,0,34,,4762,5,,,0,75,,4752,5,,,0,27,,4763,5,,,0,80,,4773,5,,,0,71,,4753,5,,,0,43,,4764,5,,,0,1,,4776,5,0,14 15,0,71,,4754,5,,,0,38,,4765,5,,,0,76,,4755,5,,,0,75,,4766,5,,,0,30,,4756,5,,,0,111,,4769,5,,,0,105,,4771,5,,,0,105,,4770,5,,,0,145,,4768,5,,,0,105,,4767,5,,,0
6001,'KerOffPriveOff',623,,4777,5,,,0,30,,4788,5,,,0,79,,4778,5,,,0,73,,4805,5,0,19,0,3,,4789,5,,,0,35,,4779,5,,,0,76,,4790,5,,,0,34,,4780,5,,,0,75,,4791,5,,,0,75,,4781,5,,,0,35,,4792,5,,,0,75,,4782,5,,,0,34,,4793,5,,,0,75,,4783,5,,,0,27,,4794,5,,,0,80,,4804,5,,,0,71,,4784,5,,,0,43,,4795,5,,,0,1,,4807,5,0,14 15,0,71,,4785,5,,,0,38,,4796,5,,,0,76,,4786,5,,,0,75,,4797,5,,,0,30,,4787,5,,,0,111,,4800,5,,,0,105,,4802,5,,,0,105,,4801,5,,,0,145,,4799,5,,,0,105,,4798,5,,,0
6001,'Samedi',641,,4813,5,,,0,105,,4819,5,,,0,105,,4808,5,,,0,105,,4814,5,,,0,144,,4820,5,,,0,105,,4809,5,,,0,106,,4815,5,,,0,105,,4821,5,,,0,105,,4810,5,,,0,104,,4816,5,,,0,105,,4822,5,,,0,106,,4811,5,,,0,105,,4817,5,,,0,105,,4823,5,,,0,105,,4812,5,,,0,105,,4818,5,,,0,145,,4824,5,,,0
111800501,'CsRoyOff',737,,4941,5,,,0,880,,4942,5,0,14 15,0
111800501,'CsRoyOffKerOff',1617,,4943,5,0,14 15,0
111800501,'EventOn',737,,4944,5,,,0,880,,4945,5,0,14 15,0
19200300001,'CsRoyOff',737,,5015,5,0,11 18,0
19200300001,'CsRoyOffKerOff',737,,5016,5,0,11 18,0
19200300001,'EventOn',737,,5017,5,0,11 18,0
