6000,'CsRoyOff',628,,4484,13,,,0,82,,4474,13,,,0,31,,4485,13,,,0,80,,4475,13,,,0,35,,4486,13,,,0,74,,4476,13,,,0,76,,4487,13,,,0,34,,4477,13,,,0,75,,4488,13,,,0,33,,4478,13,,,0,76,,4489,13,,,0,35,,4479,13,,,0,68,,4490,13,,,0,77,,4501,13,,,0,25,,4480,13,,,0,80,,4491,13,,,0,38,,4481,13,,,0,78,,4492,13,,,0,34,,4482,13,,,0,76,,4493,13,,,0,75,,4483,13,,,0,35,,4494,13,,,0,78,,4495,13,,,0,105,,4500,13,,,0,105,,4499,13,,,0,105,,4498,13,,,0,105,,4496,13,,,0,101,,4497,13,0,14 15,0
6000,'CsRoyOffKerOff',628,,4513,13,,,0,82,,4503,13,,,0,31,,4514,13,,,0,80,,4504,13,,,0,35,,4515,13,,,0,74,,4505,13,,,0,76,,4516,13,,,0,34,,4506,13,,,0,75,,4517,13,,,0,33,,4507,13,,,0,76,,4518,13,,,0,35,,4508,13,,,0,68,,4519,13,,,0,77,,4530,13,,,0,25,,4509,13,,,0,80,,4520,13,,,0,38,,4510,13,,,0,78,,4521,13,,,0,34,,4511,13,,,0,76,,4522,13,,,0,75,,4512,13,,,0,35,,4523,13,,,0,78,,4524,13,,,0,105,,4529,13,,,0,105,,4528,13,,,0,105,,4527,13,,,0,105,,4525,13,,,0,101,,4526,13,0,14 15,0
6000,'Dimanche',850,,4531,13,,,0,105,,4532,13,,,0,104,,4534,13,,,0,147,,4536,13,,,0,104,,4537,13,,,0,104,,4538,13,,,0,105,,4539,13,,,0,104,,4540,13,,,0,106,,4535,13,,,0,105,,4533,13,,,0
6000,'EventOff',628,,4552,13,,,0,82,,4542,13,,,0,31,,4553,13,,,0,80,,4543,13,,,0,35,,4554,13,,,0,74,,4544,13,,,0,76,,4555,13,,,0,34,,4545,13,,,0,75,,4556,13,,,0,33,,4546,13,,,0,76,,4557,13,,,0,35,,4547,13,,,0,68,,4558,13,,,0,77,,4569,13,,,0,25,,4548,13,,,0,80,,4559,13,,,0,38,,4549,13,,,0,78,,4560,13,,,0,34,,4550,13,,,0,76,,4561,13,,,0,75,,4551,13,,,0,35,,4562,13,,,0,78,,4563,13,,,0,105,,4568,13,,,0,105,,4567,13,,,0,105,,4566,13,,,0,105,,4564,13,,,0,101,,4565,13,0,14 15,0
6000,'EventOn',628,,4581,13,,,0,82,,4571,13,,,0,31,,4582,13,,,0,80,,4572,13,,,0,35,,4583,13,,,0,74,,4573,13,,,0,76,,4584,13,,,0,34,,4574,13,,,0,75,,4585,13,,,0,33,,4575,13,,,0,76,,4586,13,,,0,35,,4576,13,,,0,68,,4587,13,,,0,77,,4598,13,,,0,25,,4577,13,,,0,80,,4588,13,,,0,38,,4578,13,,,0,78,,4589,13,,,0,34,,4579,13,,,0,76,,4590,13,,,0,75,,4580,13,,,0,35,,4591,13,,,0,78,,4592,13,,,0,105,,4597,13,,,0,105,,4596,13,,,0,105,,4595,13,,,0,105,,4593,13,,,0,101,,4594,13,0,14 15,0
6000,'KerOffPriveOff',628,,4613,13,,,0,82,,4603,13,,,0,31,,4614,13,,,0,80,,4604,13,,,0,35,,4615,13,,,0,74,,4605,13,,,0,76,,4616,13,,,0,34,,4606,13,,,0,75,,4617,13,,,0,33,,4607,13,,,0,76,,4618,13,,,0,35,,4608,13,,,0,68,,4619,13,,,0,77,,4630,13,,,0,25,,4609,13,,,0,80,,4620,13,,,0,38,,4610,13,,,0,78,,4621,13,,,0,34,,4611,13,,,0,76,,4622,13,,,0,75,,4612,13,,,0,35,,4623,13,,,0,78,,4624,13,,,0,105,,4629,13,,,0,105,,4628,13,,,0,105,,4627,13,,,0,105,,4625,13,,,0,101,,4626,13,0,14 15,0
6000,'Samedi',620,,4639,13,,,0,104,,4645,13,,,0,105,,4634,13,,,0,105,,4640,13,,,0,106,,4646,13,,,0,105,,4635,13,,,0,105,,4641,13,,,0,106,,4647,13,,,0,144,,4636,13,,,0,105,,4642,13,,,0,104,,4648,13,,,0,105,,4637,13,,,0,105,,4643,13,,,0,105,,4649,13,,,0,105,,4638,13,,,0,105,,4644,13,,,0,105,,4650,13,,,0,100,,4651,13,0,14 15,0
111800500,'CsRoyOff',1550,,4937,11,,,0
111800500,'CsRoyOffKerOff',1550,,4938,11,,,0
111800500,'EventOn',1550,,4940,11,,,0
