901,'CsRoyOff',619,,1744,23,,,0,24,,1758,23,,,0,70,,1762,29,0,5,0,7,,1745,23,,,0,2,,1763,29,0,6,0,37,,1757,23,,,0,74,,1746,23,,,0,76,,1759,23,,,0,35,,1747,23,,,0,110,,1748,23,,,0,151,,1749,23,,,0,109,,1750,23,,,0,111,,1751,23,,,0,76,,1756,23,,,0,36,,1752,23,,,0,79,,1755,23,,,0,37,,1753,23,,,0,77,,1760,23,,,0,75,,1754,23,,,0,110,,1761,23,,,0
901,'CsRoyOffKerOff',619,,1764,23,,,0,24,,1778,23,,,0,70,,1782,29,0,5,0,7,,1765,23,,,0,39,,1777,23,,,0,74,,1766,23,,,0,76,,1779,23,,,0,35,,1767,23,,,0,110,,1768,23,,,0,151,,1769,23,,,0,109,,1770,23,,,0,111,,1771,23,,,0,76,,1776,23,,,0,36,,1772,23,,,0,79,,1775,23,,,0,37,,1773,23,,,0,77,,1780,23,,,0,75,,1774,23,,,0,110,,1781,23,,,0
901,'EventOff',619,,1783,23,,,0,24,,1797,23,,,0,77,,1784,23,,,0,39,,1796,23,,,0,74,,1785,23,,,0,76,,1798,23,,,0,35,,1786,23,,,0,110,,1787,23,,,0,151,,1788,23,,,0,109,,1789,23,,,0,111,,1790,23,,,0,76,,1795,23,,,0,36,,1791,23,,,0,79,,1794,23,,,0,37,,1792,23,,,0,77,,1799,23,,,0,75,,1793,23,,,0,110,,1800,23,,,0
901,'EventOn',619,,1801,23,,,0,24,,1815,23,,,0,70,,1819,29,0,5,0,7,,1802,23,,,0,2,,1820,29,0,6,0,37,,1814,23,,,0,74,,1803,23,,,0,76,,1816,23,,,0,35,,1804,23,,,0,110,,1805,23,,,0,151,,1806,23,,,0,109,,1807,23,,,0,111,,1808,23,,,0,76,,1813,23,,,0,36,,1809,23,,,0,79,,1812,23,,,0,37,,1810,23,,,0,77,,1817,23,,,0,75,,1811,23,,,0,110,,1818,23,,,0
901,'KerOffPriveOff',619,,1821,23,,,0,24,,1835,23,,,0,77,,1822,23,,,0,39,,1834,23,,,0,74,,1823,23,,,0,76,,1836,23,,,0,35,,1824,23,,,0,110,,1825,23,,,0,151,,1826,23,,,0,109,,1827,23,,,0,111,,1828,23,,,0,76,,1833,23,,,0,36,,1829,23,,,0,79,,1832,23,,,0,37,,1830,23,,,0,77,,1837,23,,,0,75,,1831,23,,,0,110,,1838,23,,,0
8901,'CsRoyOff',2020,,4880,23,,,0,105,,4879,23,,,0,105,,4878,23,,,0,105,,4877,23,,,0
8901,'CsRoyOffKerOff',2020,,4884,23,,,0,105,,4883,23,,,0,105,,4882,23,,,0,105,,4881,23,,,0
8901,'Dimanche',838,,4886,23,,,0,105,,4888,23,,,0,106,,4890,23,,,0,105,,4891,23,,,0,105,,4892,23,,,0,145,,4893,23,,,0,105,,4894,23,,,0,105,,4895,23,,,0,105,,4885,23,,,0,104,,4889,23,,,0,101,,4887,23,,,0
8901,'EventOff',2020,,4899,23,,,0,105,,4898,23,,,0,105,,4897,23,,,0,105,,4896,23,,,0
8901,'EventOn',2020,,4903,23,,,0,105,,4902,23,,,0,105,,4901,23,,,0,105,,4900,23,,,0
8901,'KerOffPriveOff',2020,,4907,23,,,0,105,,4906,23,,,0,105,,4905,23,,,0,105,,4904,23,,,0
8901,'Samedi',713,,4916,23,,,0,105,,4908,23,,,0,106,,4917,23,,,0,105,,4909,23,,,0,105,,4918,23,,,0,105,,4910,23,,,0,104,,4919,23,,,0,105,,4911,23,,,0,105,,4920,23,,,0,106,,4912,23,,,0,144,,4921,23,,,0,105,,4913,23,,,0,105,,4922,23,,,0,105,,4914,23,,,0,105,,4923,23,,,0,105,,4915,23,,,0
