1601,'CsRoyOff',625,,3244,16,,,0,115,,3229,16,,,0,110,,3230,16,,,0,150,,3231,16,,,0,110,,3232,16,,,0,110,,3233,16,,,0,110,,3234,16,,,0,110,,3235,16,,,0,116,,3236,16,,,0,155,,3237,16,,,0,110,,3238,16,,,0,108,,3239,16,,,0,100,,3240,16,,,0,105,,3241,16,,,0,105,,3243,16,,,0,105,,3242,16,,,0
1601,'CsRoyOffKerOff',625,,3260,16,,,0,115,,3245,16,,,0,110,,3246,16,,,0,150,,3247,16,,,0,110,,3248,16,,,0,110,,3249,16,,,0,110,,3250,16,,,0,110,,3251,16,,,0,116,,3252,16,,,0,155,,3253,16,,,0,110,,3254,16,,,0,108,,3255,16,,,0,100,,3256,16,,,0,105,,3257,16,,,0,105,,3259,16,,,0,105,,3258,16,,,0
1601,'Dimanche',849,,3269,16,,,0,105,,3262,16,,,0,105,,3263,16,,,0,145,,3264,16,,,0,105,,3265,16,,,0,105,,3266,16,,,0,105,,3267,16,,,0,105,,3268,16,,,0,105,,3261,16,,,0,105,,3270,16,,,0
1601,'EventOff',625,,3286,16,,,0,115,,3271,16,,,0,110,,3272,16,,,0,150,,3273,16,,,0,110,,3274,16,,,0,110,,3275,16,,,0,110,,3276,16,,,0,110,,3277,16,,,0,116,,3278,16,,,0,155,,3279,16,,,0,110,,3280,16,,,0,108,,3281,16,,,0,100,,3282,16,,,0,105,,3283,16,,,0,105,,3285,16,,,0,105,,3284,16,,,0
1601,'EventOn',625,,3302,16,,,0,115,,3287,16,,,0,110,,3288,16,,,0,150,,3289,16,,,0,110,,3290,16,,,0,110,,3291,16,,,0,110,,3292,16,,,0,110,,3293,16,,,0,116,,3294,16,,,0,155,,3295,16,,,0,110,,3296,16,,,0,108,,3297,16,,,0,100,,3298,16,,,0,105,,3299,16,,,0,105,,3301,16,,,0,105,,3300,16,,,0
1601,'KerOffPriveOff',625,,3318,16,,,0,115,,3303,16,,,0,110,,3304,16,,,0,150,,3305,16,,,0,110,,3306,16,,,0,110,,3307,16,,,0,110,,3308,16,,,0,110,,3309,16,,,0,116,,3310,16,,,0,155,,3311,16,,,0,110,,3312,16,,,0,108,,3313,16,,,0,100,,3314,16,,,0,105,,3315,16,,,0,105,,3317,16,,,0,105,,3316,16,,,0
1601,'Samedi',620,,3334,16,,,0,105,,3335,16,,,0,105,,3327,16,,,0,105,,3319,16,,,0,105,,3320,16,,,0,105,,3321,16,,,0,105,,3322,16,,,0,104,,3323,16,,,0,105,,3324,16,,,0,145,,3325,16,,,0,106,,3326,16,,,0,105,,3328,16,,,0,105,,3329,16,,,0,105,,3330,16,,,0,105,,3331,16,,,0,105,,3332,16,,,0,105,,3333,16,,,0
19200100000,'CsRoyOff',712,,4998,3,,,0
19200100000,'CsRoyOffKerOff',712,,4999,3,,,0
19200100000,'EventOn',712,,5000,3,,,0
19200100000,'KerOffPriveOff',712,,5001,3,,,0
