111800200,'CsRoyOff',1616,,4924,9,,,0
111800200,'EventOn',1616,,4925,9,,,0
111800201,'CsRoyOff',809,,4926,12,,,0
111800201,'EventOn',809,,4927,12,,,0
3080100000,'EventOn',816,,4970,7,,,0
3080100000,'KerOffPriveOff',816,,4971,7,,,0
3080100001,'EventOn',1616,,4972,9,,,0
3080100001,'KerOffPriveOff',1616,,4973,9,,,0
19200100000,'CsRoyOff',722,,4998,11,,,0
19200100000,'CsRoyOffKerOff',722,,4999,11,,,0
19200100000,'EventOn',722,,5000,11,,,0
19200100000,'KerOffPriveOff',722,,5001,11,,,0
19200100001,'CsRoyOff',1601,,5002,12,,,0
19200100001,'CsRoyOffKerOff',1601,,5003,12,,,0
19200100001,'EventOn',1601,,5004,12,,,0
19200100001,'KerOffPriveOff',1601,,5005,12,,,0
