400,'CsRoyOff',625,2,341,11,,,0,75,42,325,11,,,0,42,2,337,11,,,0,75,2,333,11,,,0,36,2,345,11,,,0,73,2,330,11,,,0,75,42,342,11,,,0,35,2,326,11,,,0,75,2,338,11,,,0,35,2,334,11,,,0,75,2,346,11,,,0,35,2,331,11,,,0,75,2,339,11,,,0,75,2,335,11,,,0,35,2,343,11,,,0,81,2,327,11,,,0,36,,352,1,,,0,42,42,329,11,,,0,37,2,332,11,,,0,75,2,340,11,,,0,34,2,336,11,,,0,75,2,344,11,,,0,35,2,328,11,,,0,145,42,351,11,,,0,105,2,350,11,,,0,105,2,349,11,,,0,105,2,348,11,,,0,105,2,347,11,,,0
400,'CsRoyOffKerOff',625,2,369,11,,,0,75,42,353,11,,,0,42,2,365,11,,,0,75,2,361,11,,,0,36,2,373,11,,,0,73,2,358,11,,,0,75,42,370,11,,,0,35,2,354,11,,,0,75,2,366,11,,,0,35,2,362,11,,,0,75,2,374,11,,,0,35,2,359,11,,,0,75,2,367,11,,,0,75,2,363,11,,,0,35,2,371,11,,,0,81,2,355,11,,,0,36,,380,1,,,0,42,42,357,11,,,0,37,2,360,11,,,0,75,2,368,11,,,0,34,2,364,11,,,0,75,2,372,11,,,0,35,2,356,11,,,0,145,42,379,11,,,0,105,2,378,11,,,0,105,2,377,11,,,0,105,2,376,11,,,0,105,2,375,11,,,0
400,'Dimanche',926,2,384,11,,,0,105,2,385,11,,,0,105,2,386,11,,,0,105,2,387,11,,,0,105,2,388,11,,,0,106,2,389,11,,,0,104,,390,11,,,0,145,,381,11,,,0,104,,383,11,,,0,105,,382,11,,,0
400,'EventOff',625,2,407,11,,,0,75,42,391,11,,,0,42,2,403,11,,,0,75,2,399,11,,,0,36,2,411,11,,,0,73,2,396,11,,,0,75,42,408,11,,,0,35,2,392,11,,,0,75,2,404,11,,,0,35,2,400,11,,,0,75,2,412,11,,,0,35,2,397,11,,,0,75,2,405,11,,,0,75,2,401,11,,,0,35,2,409,11,,,0,81,2,393,11,,,0,78,42,395,11,,,0,37,2,398,11,,,0,75,2,406,11,,,0,34,2,402,11,,,0,75,2,410,11,,,0,35,2,394,11,,,0,145,42,417,11,,,0,105,2,416,11,,,0,105,2,415,11,,,0,105,2,414,11,,,0,105,2,413,11,,,0
400,'EventOn',625,2,434,11,,,0,75,42,418,11,,,0,42,2,430,11,,,0,75,2,426,11,,,0,36,2,438,11,,,0,73,2,423,11,,,0,75,42,435,11,,,0,35,2,419,11,,,0,75,2,431,11,,,0,35,2,427,11,,,0,75,2,439,11,,,0,35,2,424,11,,,0,75,2,432,11,,,0,75,2,428,11,,,0,35,2,436,11,,,0,81,2,420,11,,,0,36,,446,1,,,0,42,42,422,11,,,0,30,,445,1,,,0,7,2,425,11,,,0,75,2,433,11,,,0,34,2,429,11,,,0,75,2,437,11,,,0,35,2,421,11,,,0,145,42,444,11,,,0,105,2,443,11,,,0,105,2,442,11,,,0,105,2,441,11,,,0,105,2,440,11,,,0
400,'KerOffPriveOff',625,2,463,11,,,0,75,42,447,11,,,0,42,2,459,11,,,0,75,2,455,11,,,0,36,2,467,11,,,0,73,2,452,11,,,0,75,42,464,11,,,0,35,2,448,11,,,0,75,2,460,11,,,0,35,2,456,11,,,0,75,2,468,11,,,0,35,2,453,11,,,0,75,2,461,11,,,0,75,2,457,11,,,0,35,2,465,11,,,0,81,2,449,11,,,0,36,,475,1,,,0,42,42,451,11,,,0,30,,474,1,,,0,7,2,454,11,,,0,75,2,462,11,,,0,34,2,458,11,,,0,75,2,466,11,,,0,35,2,450,11,,,0,145,42,473,11,,,0,105,2,472,11,,,0,105,2,471,11,,,0,105,2,470,11,,,0,105,2,469,11,,,0
400,'Samedi',654,,476,11,,,0,105,,477,11,,,0,147,2,478,11,,,0,105,2,479,11,,,0,105,2,480,11,,,0,105,2,481,11,,,0,105,2,482,11,,,0,105,2,483,11,,,0,104,,484,11,,,0,105,,485,11,,,0,105,,486,11,,,0,105,,487,11,,,0,105,,488,11,,,0,145,41,489,11,,,0,105,,490,11,,,0,104,,491,11,,,0,105,,492,11,,,0
500,'CsRoyOff',640,,654,30,4,,0,77,,663,30,4,,0,26,,681,30,4,,0,15,,671,30,4,,0,75,,668,30,4,,0,75,,659,30,4,,0,35,,655,30,4,,0,75,,664,30,4,,0,35,,672,30,4,,0,75,,667,30,4,,0,75,,660,30,4,,0,35,,656,30,4,,0,75,,665,30,4,,0,35,,673,30,4,,0,76,,670,30,4,,0,35,,661,30,4,,0,80,,657,30,4,,0,78,,666,30,4,,0,35,,674,30,4,,0,75,,669,30,4,,0,75,,662,30,4,,0,33,,658,30,4,,0,75,,680,30,4,,0,105,,679,30,4,,0,105,,678,30,4,,0,105,,677,30,4,,0,105,,676,30,4,,0,105,,675,30,4,,0
500,'CsRoyOffKerOff',640,,682,30,4,,0,77,,691,30,4,,0,26,,709,30,4,,0,15,,699,30,4,,0,75,,696,30,4,,0,75,,687,30,4,,0,35,,683,30,4,,0,75,,692,30,4,,0,35,,700,30,4,,0,75,,695,30,4,,0,75,,688,30,4,,0,35,,684,30,4,,0,75,,693,30,4,,0,35,,701,30,4,,0,76,,698,30,4,,0,35,,689,30,4,,0,80,,685,30,4,,0,78,,694,30,4,,0,35,,702,30,4,,0,75,,697,30,4,,0,75,,690,30,4,,0,33,,686,30,4,,0,75,,708,30,4,,0,105,,707,30,4,,0,105,,706,30,4,,0,105,,705,30,4,,0,105,,704,30,4,,0,105,,703,30,4,,0
500,'Dimanche',940,,712,30,4,,0,105,,715,30,4,,0,105,,714,30,4,,0,105,,716,30,4,,0,147,,717,30,4,,0,105,,718,30,4,,0,105,,719,30,4,,0,105,,713,30,4,,0,105,,710,30,4,,0,103,,711,30,4,,0
500,'EventOff',640,,720,30,4,,0,77,,729,30,4,,0,26,,747,30,4,,0,15,,737,30,4,,0,75,,734,30,4,,0,75,,725,30,4,,0,35,,721,30,4,,0,75,,730,30,4,,0,35,,738,30,4,,0,75,,733,30,4,,0,75,,726,30,4,,0,35,,722,30,4,,0,75,,731,30,4,,0,35,,739,30,4,,0,76,,736,30,4,,0,35,,727,30,4,,0,80,,723,30,4,,0,78,,732,30,4,,0,35,,740,30,4,,0,75,,735,30,4,,0,75,,728,30,4,,0,33,,724,30,4,,0,75,,746,30,4,,0,105,,745,30,4,,0,105,,744,30,4,,0,105,,743,30,4,,0,105,,742,30,4,,0,105,,741,30,4,,0
500,'EventOn',640,,748,30,4,,0,77,,757,30,4,,0,26,,775,30,4,,0,15,,765,30,4,,0,75,,762,30,4,,0,75,,753,30,4,,0,35,,749,30,4,,0,75,,758,30,4,,0,35,,766,30,4,,0,75,,761,30,4,,0,75,,754,30,4,,0,35,,750,30,4,,0,75,,759,30,4,,0,35,,767,30,4,,0,76,,764,30,4,,0,35,,755,30,4,,0,80,,751,30,4,,0,78,,760,30,4,,0,12,,776,30,4,,0,23,,768,30,4,,0,75,,763,30,4,,0,75,,756,30,4,,0,33,,752,30,4,,0,75,,774,30,4,,0,105,,773,30,4,,0,105,,772,30,4,,0,105,,771,30,4,,0,105,,770,30,4,,0,105,,769,30,4,,0
500,'KerOffPriveOff',640,,777,30,4,,0,77,,786,30,4,,0,26,,804,30,4,,0,15,,794,30,4,,0,75,,791,30,4,,0,75,,782,30,4,,0,35,,778,30,4,,0,75,,787,30,4,,0,35,,795,30,4,,0,75,,790,30,4,,0,75,,783,30,4,,0,35,,779,30,4,,0,75,,788,30,4,,0,35,,796,30,4,,0,76,,793,30,4,,0,35,,784,30,4,,0,80,,780,30,4,,0,78,,789,30,4,,0,12,,805,30,4,,0,23,,797,30,4,,0,75,,792,30,4,,0,75,,785,30,4,,0,33,,781,30,4,,0,75,,803,30,4,,0,105,,802,30,4,,0,105,,801,30,4,,0,105,,800,30,4,,0,105,,799,30,4,,0,105,,798,30,4,,0
500,'Samedi',710,,817,30,4,,0,105,,806,30,4,,0,105,,812,30,4,,0,105,,818,30,4,,0,105,,807,30,4,,0,105,,813,30,4,,0,107,,819,30,4,,0,105,,808,30,4,,0,105,,814,30,4,,0,105,,820,30,4,,0,145,,809,30,4,,0,103,,815,30,4,,0,105,,821,30,4,,0,105,,810,30,4,,0,105,,816,30,4,,0,105,,822,30,4,,0,105,,811,30,4,,0
501,'CsRoyOff',619,,840,1,,,0,39,,837,1,,,0,72,,827,1,,,0,77,,823,1,,,0,37,,833,1,,,0,76,,841,1,,,0,34,,831,1,,,0,75,,828,1,,,0,74,,824,1,,,0,35,,834,1,,,0,75,,842,1,,,0,35,,832,1,,,0,75,,829,1,,,0,35,,825,1,,,0,74,,835,1,,,0,76,,843,1,,,0,37,,839,1,,,0,78,,830,1,,,0,81,,826,1,,,0,35,,836,1,,,0,75,,844,1,,,0,35,,838,1,,,0,75,,849,1,,,0,97,,848,1,,,0,105,,847,1,,,0,105,,846,1,,,0,105,,845,1,,,0
501,'CsRoyOffKerOff',619,,868,1,,,0,39,,865,1,,,0,72,,855,1,,,0,77,,851,1,,,0,37,,861,1,,,0,76,,869,1,,,0,34,,859,1,,,0,75,,856,1,,,0,74,,852,1,,,0,35,,862,1,,,0,75,,870,1,,,0,35,,860,1,,,0,75,,857,1,,,0,35,,853,1,,,0,74,,863,1,,,0,76,,871,1,,,0,37,,867,1,,,0,78,,858,1,,,0,81,,854,1,,,0,35,,864,1,,,0,75,,872,1,,,0,35,,866,1,,,0,75,,877,1,,,0,97,,876,1,,,0,105,,875,1,,,0,105,,874,1,,,0,105,,873,1,,,0
501,'Dimanche',841,,882,1,,,0,105,,881,1,,,0,105,,883,1,,,0,105,,885,1,,,0,145,,884,1,,,0,106,,886,1,,,0,105,,887,1,,,0,105,,888,1,,,0,105,,879,1,,,0,105,,880,1,,,0
501,'EventOff',619,,906,1,,,0,39,,903,1,,,0,72,,893,1,,,0,77,,889,1,,,0,37,,899,1,,,0,76,,907,1,,,0,34,,897,1,,,0,75,,894,1,,,0,74,,890,1,,,0,35,,900,1,,,0,75,,908,1,,,0,35,,898,1,,,0,75,,895,1,,,0,35,,891,1,,,0,74,,901,1,,,0,76,,909,1,,,0,37,,905,1,,,0,78,,896,1,,,0,81,,892,1,,,0,35,,902,1,,,0,75,,910,1,,,0,35,,904,1,,,0,75,,915,1,,,0,97,,914,1,,,0,105,,913,1,,,0,105,,912,1,,,0,105,,911,1,,,0
501,'EventOn',619,,933,1,,,0,39,,930,1,,,0,72,,920,1,,,0,77,,916,1,,,0,37,,926,1,,,0,76,,934,1,,,0,34,,924,1,,,0,75,,921,1,,,0,74,,917,1,,,0,35,,927,1,,,0,75,,935,1,,,0,35,,925,1,,,0,75,,922,1,,,0,35,,918,1,,,0,74,,928,1,,,0,76,,936,1,,,0,37,,932,1,,,0,78,,923,1,,,0,81,,919,1,,,0,35,,929,1,,,0,75,,937,1,,,0,35,,931,1,,,0,75,,942,1,,,0,97,,941,1,,,0,105,,940,1,,,0,105,,939,1,,,0,105,,938,1,,,0
501,'KerOffPriveOff',619,,961,1,,,0,39,,958,1,,,0,72,,948,1,,,0,77,,944,1,,,0,37,,954,1,,,0,76,,962,1,,,0,34,,952,1,,,0,75,,949,1,,,0,74,,945,1,,,0,35,,955,1,,,0,75,,963,1,,,0,35,,953,1,,,0,75,,950,1,,,0,35,,946,1,,,0,74,,956,1,,,0,76,,964,1,,,0,37,,960,1,,,0,78,,951,1,,,0,81,,947,1,,,0,35,,957,1,,,0,75,,965,1,,,0,35,,959,1,,,0,75,,970,1,,,0,97,,969,1,,,0,105,,968,1,,,0,105,,967,1,,,0,105,,966,1,,,0
501,'Samedi',611,,971,1,,,0,105,,977,1,,,0,105,,983,1,,,0,105,,972,1,,,0,105,,978,1,,,0,105,,984,1,,,0,105,,973,1,,,0,106,,979,1,,,0,105,,985,1,,,0,105,,974,1,,,0,145,,980,1,,,0,105,,986,1,,,0,104,,975,1,,,0,105,,981,1,,,0,105,,987,1,,,0,105,,976,1,,,0,105,,982,1,,,0
600,'CsRoyOff',634,,1014,32,4,,0,67,,1003,42,4,,0,42,,995,42,4,,0,75,,988,42,4,,0,32,,999,42,4,,0,73,,1005,42,4,,0,35,,994,42,4,,0,76,,996,42,4,,0,75,,989,42,4,,0,36,,1000,42,4,,0,75,,1006,42,4,,0,35,,992,42,4,,0,75,,997,42,4,,0,75,,990,42,4,,0,36,,1001,42,4,,0,76,,1007,42,4,,0,40,,1004,42,4,,0,76,,998,42,4,,0,79,,991,42,4,,0,32,,1002,42,4,,0,75,,1008,42,4,,0,34,,993,42,4,,0,106,,1010,42,4,,0,142,,1013,42,4,,0,105,,1012,42,4,,0,107,,1011,42,4,,0,103,,1009,42,4,,0
600,'CsRoyOffKerOff',634,,1042,32,4,,0,67,,1031,42,4,,0,42,,1023,42,4,,0,75,,1016,42,4,,0,32,,1027,42,4,,0,73,,1033,42,4,,0,35,,1022,42,4,,0,76,,1024,42,4,,0,75,,1017,42,4,,0,36,,1028,42,4,,0,75,,1034,42,4,,0,35,,1020,42,4,,0,75,,1025,42,4,,0,75,,1018,42,4,,0,36,,1029,42,4,,0,76,,1035,42,4,,0,40,,1032,42,4,,0,76,,1026,42,4,,0,79,,1019,42,4,,0,32,,1030,42,4,,0,75,,1036,42,4,,0,34,,1021,42,4,,0,106,,1038,42,4,,0,142,,1041,42,4,,0,105,,1040,42,4,,0,107,,1039,42,4,,0,103,,1037,42,4,,0
600,'Dimanche',920,,1044,42,4,,0,105,,1047,42,4,,0,106,,1046,42,4,,0,106,,1048,42,4,,0,105,,1049,42,4,,0,105,,1050,42,4,,0,105,,1051,42,4,,0,105,,1052,42,4,,0,145,,1043,42,4,,0,103,,1045,42,4,,0
600,'EventOff',634,,1079,32,4,,0,67,,1068,42,4,,0,42,,1060,42,4,,0,75,,1053,42,4,,0,32,,1064,42,4,,0,73,,1070,42,4,,0,35,,1059,42,4,,0,76,,1061,42,4,,0,75,,1054,42,4,,0,36,,1065,42,4,,0,75,,1071,42,4,,0,35,,1057,42,4,,0,75,,1062,42,4,,0,75,,1055,42,4,,0,36,,1066,42,4,,0,76,,1072,42,4,,0,40,,1069,42,4,,0,76,,1063,42,4,,0,79,,1056,42,4,,0,32,,1067,42,4,,0,75,,1073,42,4,,0,34,,1058,42,4,,0,106,,1075,42,4,,0,142,,1078,42,4,,0,105,,1077,42,4,,0,107,,1076,42,4,,0,103,,1074,42,4,,0
600,'EventOn',634,,1106,32,4,,0,67,,1095,42,4,,0,42,,1087,42,4,,0,75,,1108,32,4,,0,32,,1091,42,4,,0,73,,1097,42,4,,0,35,,1086,42,4,,0,76,,1088,42,4,,0,75,,1081,42,4,,0,36,,1092,42,4,,0,75,,1098,42,4,,0,35,,1084,42,4,,0,75,,1089,42,4,,0,75,,1082,42,4,,0,36,,1093,42,4,,0,76,,1099,42,4,,0,40,,1096,42,4,,0,76,,1090,42,4,,0,79,,1083,42,4,,0,32,,1094,42,4,,0,75,,1100,42,4,,0,34,,1085,42,4,,0,106,,1102,42,4,,0,142,,1105,42,4,,0,105,,1104,42,4,,0,107,,1103,42,4,,0,103,,1101,42,4,,0
600,'KerOffPriveOff',634,,1135,32,4,,0,67,,1124,42,4,,0,42,,1116,42,4,,0,75,,1136,32,4,,0,32,,1120,42,4,,0,73,,1126,42,4,,0,35,,1115,42,4,,0,76,,1117,42,4,,0,75,,1110,42,4,,0,36,,1121,42,4,,0,75,,1127,42,4,,0,35,,1113,42,4,,0,75,,1118,42,4,,0,75,,1111,42,4,,0,36,,1122,42,4,,0,76,,1128,42,4,,0,40,,1125,42,4,,0,76,,1119,42,4,,0,79,,1112,42,4,,0,32,,1123,42,4,,0,75,,1129,42,4,,0,34,,1114,42,4,,0,106,,1131,42,4,,0,142,,1134,42,4,,0,105,,1133,42,4,,0,107,,1132,42,4,,0,103,,1130,42,4,,0
600,'Samedi',653,,1137,42,4,,0,103,,1146,42,4,,0,145,,1138,42,4,,0,107,,1147,42,4,,0,105,,1139,42,4,,0,105,,1148,42,4,,0,105,,1140,42,4,,0,105,,1149,42,4,,0,105,,1141,42,4,,0,105,,1150,42,4,,0,105,,1142,42,4,,0,104,,1151,42,4,,0,104,,1143,42,4,,0,105,,1152,42,4,,0,145,,1144,42,4,,0,105,,1153,42,4,,0,105,,1145,42,4,,0
601,'CsRoyOff',636,,1159,1,,,0,74,,1182,1,,,0,6,,1154,1,,,0,35,,1165,1,,,0,76,,1171,1,,,0,74,,1158,1,,,0,35,,1160,1,,,0,75,,1155,1,,,0,35,,1166,1,,,0,75,,1172,1,,,0,35,,1164,1,,,0,75,,1161,1,,,0,75,,1156,1,,,0,35,,1167,1,,,0,75,,1173,1,,,0,39,,1170,1,,,0,77,,1162,1,,,0,77,,1157,1,,,0,35,,1168,1,,,0,76,,1174,1,,,0,36,,1169,1,,,0,75,,1163,1,,,0,79,,1179,1,,,0,100,,1178,1,,,0,105,,1177,1,,,0,105,,1176,1,,,0,105,,1175,1,,,0,100,,1180,1,,,0
601,'CsRoyOffKerOff',636,,1189,1,,,0,74,,1212,1,,,0,6,,1184,1,,,0,35,,1195,1,,,0,76,,1201,1,,,0,74,,1188,1,,,0,35,,1190,1,,,0,75,,1185,1,,,0,35,,1196,1,,,0,75,,1202,1,,,0,35,,1194,1,,,0,75,,1191,1,,,0,75,,1186,1,,,0,35,,1197,1,,,0,75,,1203,1,,,0,39,,1200,1,,,0,77,,1192,1,,,0,77,,1187,1,,,0,35,,1198,1,,,0,76,,1204,1,,,0,36,,1199,1,,,0,75,,1193,1,,,0,79,,1209,1,,,0,100,,1208,1,,,0,105,,1207,1,,,0,105,,1206,1,,,0,105,,1205,1,,,0,100,,1210,1,,,0
601,'Dimanche',828,,1215,1,,,0,105,,1214,1,,,0,106,,1219,1,,,0,104,,1218,1,,,0,105,,1220,1,,,0,105,,1221,1,,,0,105,,1222,1,,,0,145,,1223,1,,,0,105,,1217,1,,,0,105,,1216,1,,,0,102,,1213,1,,,0
601,'EventOff',636,,1229,1,,,0,80,,1224,1,,,0,35,,1235,1,,,0,76,,1241,1,,,0,74,,1228,1,,,0,35,,1230,1,,,0,75,,1225,1,,,0,35,,1236,1,,,0,75,,1242,1,,,0,35,,1234,1,,,0,75,,1231,1,,,0,75,,1226,1,,,0,35,,1237,1,,,0,75,,1243,1,,,0,39,,1240,1,,,0,77,,1232,1,,,0,77,,1227,1,,,0,35,,1238,1,,,0,76,,1244,1,,,0,36,,1239,1,,,0,75,,1233,1,,,0,79,,1249,1,,,0,100,,1248,1,,,0,105,,1247,1,,,0,105,,1246,1,,,0,105,,1245,1,,,0,100,,1250,1,,,0
601,'EventOn',636,,1257,1,,,0,74,,1280,1,,,0,6,,1252,1,,,0,35,,1263,1,,,0,76,,1269,1,,,0,74,,1256,1,,,0,35,,1258,1,,,0,75,,1253,1,,,0,35,,1264,1,,,0,75,,1270,1,,,0,35,,1262,1,,,0,75,,1259,1,,,0,75,,1254,1,,,0,35,,1265,1,,,0,75,,1271,1,,,0,39,,1268,1,,,0,77,,1260,1,,,0,18,,1282,1,,,0,59,,1255,1,,,0,35,,1266,1,,,0,76,,1272,1,,,0,36,,1267,1,,,0,75,,1261,1,,,0,79,,1277,1,,,0,100,,1276,1,,,0,105,,1275,1,,,0,105,,1274,1,,,0,105,,1273,1,,,0,100,,1278,1,,,0
601,'KerOffPriveOff',636,,1288,1,,,0,80,,1283,1,,,0,35,,1294,1,,,0,76,,1300,1,,,0,74,,1287,1,,,0,35,,1289,1,,,0,75,,1284,1,,,0,35,,1295,1,,,0,75,,1301,1,,,0,35,,1293,1,,,0,75,,1290,1,,,0,75,,1285,1,,,0,35,,1296,1,,,0,75,,1302,1,,,0,39,,1299,1,,,0,77,,1291,1,,,0,18,,1311,1,,,0,59,,1286,1,,,0,35,,1297,1,,,0,76,,1303,1,,,0,36,,1298,1,,,0,75,,1292,1,,,0,79,,1308,1,,,0,100,,1307,1,,,0,105,,1306,1,,,0,105,,1305,1,,,0,105,,1304,1,,,0,100,,1309,1,,,0
601,'Samedi',704,,1312,1,,,0,105,,1320,1,,,0,106,,1313,1,,,0,105,,1321,1,,,0,105,,1314,1,,,0,104,,1322,1,,,0,104,,1315,1,,,0,104,,1323,1,,,0,105,,1316,1,,,0,106,,1324,1,,,0,106,,1317,1,,,0,105,,1325,1,,,0,145,,1318,1,,,0,105,,1326,1,,,0,105,,1319,1,,,0,105,,1327,1,,,0,97,,1329,1,,,0
900,'CsRoyOff',639,,1654,1,0,20,0,79,,1668,1,0,20,0,35,,1655,1,0,20,0,76,,1665,1,0,20,0,75,,1656,1,0,20,0,35,,1669,1,0,20,0,75,,1657,1,0,20,0,110,,1658,1,0,20,0,110,,1659,1,0,20,0,110,,1660,1,0,20,0,75,,1666,1,0,20,0,36,,1661,1,0,20,0,79,,1667,1,0,20,0,77,,1662,1,0,20,0,37,,1670,1,0,20,0,77,,1663,1,0,20,0,109,,1664,1,0,20,0
900,'CsRoyOffKerOff',639,,1673,1,0,20,0,79,,1687,1,0,20,0,35,,1674,1,0,20,0,76,,1684,1,0,20,0,75,,1675,1,0,20,0,35,,1688,1,0,20,0,75,,1676,1,0,20,0,110,,1677,1,0,20,0,110,,1678,1,0,20,0,110,,1679,1,0,20,0,75,,1685,1,0,20,0,36,,1680,1,0,20,0,79,,1686,1,0,20,0,77,,1681,1,0,20,0,37,,1689,1,0,20,0,77,,1682,1,0,20,0,109,,1683,1,0,20,0
900,'EventOff',639,,1691,1,0,20,0,79,,1705,1,0,20,0,35,,1692,1,0,20,0,76,,1702,1,0,20,0,75,,1693,1,0,20,0,35,,1706,1,0,20,0,75,,1694,1,0,20,0,110,,1695,1,0,20,0,110,,1696,1,0,20,0,110,,1697,1,0,20,0,75,,1703,1,0,20,0,36,,1698,1,0,20,0,79,,1704,1,0,20,0,77,,1699,1,0,20,0,37,,1707,1,0,20,0,77,,1700,1,0,20,0,109,,1701,1,0,20,0
900,'EventOn',639,,1708,1,0,20,0,79,,1722,1,0,20,0,35,,1709,1,0,20,0,76,,1719,1,0,20,0,75,,1710,1,0,20,0,35,,1723,1,0,20,0,75,,1711,1,0,20,0,110,,1712,1,0,20,0,110,,1713,1,0,20,0,110,,1714,1,0,20,0,75,,1720,1,0,20,0,36,,1715,1,0,20,0,79,,1721,1,0,20,0,77,,1716,1,0,20,0,37,,1724,1,0,20,0,77,,1717,1,0,20,0,109,,1718,1,0,20,0
900,'KerOffPriveOff',639,,1727,1,0,20,0,79,,1741,1,0,20,0,35,,1728,1,0,20,0,76,,1738,1,0,20,0,75,,1729,1,0,20,0,35,,1742,1,0,20,0,75,,1730,1,0,20,0,110,,1731,1,0,20,0,110,,1732,1,0,20,0,110,,1733,1,0,20,0,75,,1739,1,0,20,0,36,,1734,1,0,20,0,79,,1740,1,0,20,0,77,,1735,1,0,20,0,37,,1743,1,0,20,0,77,,1736,1,0,20,0,109,,1737,1,0,20,0
901,'CsRoyOff',635,,1744,45,4,,0,65,,1758,45,4,,0,39,,1745,45,4,,0,78,,1757,45,4,,0,34,,1746,45,4,,0,75,,1759,45,4,,0,75,,1747,45,4,,0,110,,1748,45,4,,0,111,,1749,45,4,,0,109,,1750,45,4,,0,114,,1751,45,4,,0,76,,1756,45,4,,0,35,,1752,45,4,,0,79,,1755,45,4,,0,77,,1753,45,4,,0,37,,1760,45,4,,0,74,,1754,45,4,,0,110,,1761,45,4,,0
901,'CsRoyOffKerOff',635,,1764,45,4,,0,65,,1778,45,4,,0,39,,1765,45,4,,0,78,,1777,45,4,,0,34,,1766,45,4,,0,75,,1779,45,4,,0,75,,1767,45,4,,0,110,,1768,45,4,,0,111,,1769,45,4,,0,109,,1770,45,4,,0,114,,1771,45,4,,0,76,,1776,45,4,,0,35,,1772,45,4,,0,79,,1775,45,4,,0,77,,1773,45,4,,0,37,,1780,45,4,,0,74,,1774,45,4,,0,110,,1781,45,4,,0
901,'EventOff',635,,1783,45,4,,0,65,,1797,45,4,,0,39,,1784,45,4,,0,78,,1796,45,4,,0,34,,1785,45,4,,0,75,,1798,45,4,,0,75,,1786,45,4,,0,110,,1787,45,4,,0,111,,1788,45,4,,0,109,,1789,45,4,,0,114,,1790,45,4,,0,76,,1795,45,4,,0,35,,1791,45,4,,0,79,,1794,45,4,,0,77,,1792,45,4,,0,37,,1799,45,4,,0,74,,1793,45,4,,0,110,,1800,45,4,,0
901,'EventOn',635,,1801,45,4,,0,65,,1815,45,4,,0,39,,1802,45,4,,0,78,,1814,45,4,,0,34,,1803,45,4,,0,75,,1816,45,4,,0,75,,1804,45,4,,0,110,,1805,45,4,,0,111,,1806,45,4,,0,109,,1807,45,4,,0,114,,1808,45,4,,0,76,,1813,45,4,,0,35,,1809,45,4,,0,79,,1812,45,4,,0,77,,1810,45,4,,0,37,,1817,45,4,,0,74,,1811,45,4,,0,110,,1818,45,4,,0
901,'KerOffPriveOff',635,,1821,45,4,,0,65,,1835,45,4,,0,39,,1822,45,4,,0,78,,1834,45,4,,0,34,,1823,45,4,,0,75,,1836,45,4,,0,75,,1824,45,4,,0,110,,1825,45,4,,0,111,,1826,45,4,,0,109,,1827,45,4,,0,114,,1828,45,4,,0,76,,1833,45,4,,0,35,,1829,45,4,,0,79,,1832,45,4,,0,77,,1830,45,4,,0,37,,1837,45,4,,0,74,,1831,45,4,,0,110,,1838,45,4,,0
1300,'CsRoyOff',627,,2737,17,,,0,75,,2726,17,,,0,43,,2743,17,,,0,74,,2732,17,,,0,34,,2738,17,,,0,74,,2727,17,,,0,75,,2744,17,,,0,35,,2733,17,,,0,76,,2739,17,,,0,35,,2728,17,,,0,75,,2745,17,,,0,34,,2734,17,,,0,75,,2740,17,,,0,75,,2729,17,,,0,35,,2746,17,,,0,80,,2735,17,,,0,78,41,2741,17,,,0,37,,2730,17,,,0,75,,2747,17,,,0,34,,2736,17,,,0,75,,2742,17,,,0,35,,2731,17,,,0,145,,2752,17,,,0,105,,2751,17,,,0,105,,2750,17,,,0,105,,2749,17,,,0,105,,2748,17,,,0
1300,'CsRoyOffKerOff',627,,2764,17,,,0,75,,2753,17,,,0,43,,2770,17,,,0,74,,2759,17,,,0,34,,2765,17,,,0,74,,2754,17,,,0,75,,2771,17,,,0,35,,2760,17,,,0,76,,2766,17,,,0,35,,2755,17,,,0,75,,2772,17,,,0,34,,2761,17,,,0,75,,2767,17,,,0,75,,2756,17,,,0,35,,2773,17,,,0,80,,2762,17,,,0,78,41,2768,17,,,0,37,,2757,17,,,0,75,,2774,17,,,0,34,,2763,17,,,0,75,,2769,17,,,0,35,,2758,17,,,0,145,,2779,17,,,0,105,,2778,17,,,0,105,,2777,17,,,0,105,,2776,17,,,0,105,,2775,17,,,0
1300,'Dimanche',926,,2783,17,,,0,105,,2784,17,,,0,105,,2785,17,,,0,105,,2786,17,,,0,105,,2787,17,,,0,105,,2788,17,,,0,105,,2789,17,,,0,145,,2782,17,,,0,105,,2780,17,,,0,105,,2781,17,,,0
1300,'EventOff',627,,2801,17,,,0,75,,2790,17,,,0,43,,2807,17,,,0,74,,2796,17,,,0,34,,2802,17,,,0,74,,2791,17,,,0,75,,2808,17,,,0,35,,2797,17,,,0,76,,2803,17,,,0,35,,2792,17,,,0,75,,2809,17,,,0,34,,2798,17,,,0,75,,2804,17,,,0,75,,2793,17,,,0,35,,2810,17,,,0,80,,2799,17,,,0,78,41,2805,17,,,0,37,,2794,17,,,0,75,,2811,17,,,0,34,,2800,17,,,0,75,,2806,17,,,0,35,,2795,17,,,0,145,,2816,17,,,0,105,,2815,17,,,0,105,,2814,17,,,0,105,,2813,17,,,0,105,,2812,17,,,0
1300,'EventOn',627,,2828,17,,,0,75,,2817,17,,,0,43,,2834,17,,,0,74,,2823,17,,,0,34,,2829,17,,,0,74,,2818,17,,,0,75,,2835,17,,,0,35,,2824,17,,,0,76,,2830,17,,,0,35,,2819,17,,,0,75,,2836,17,,,0,34,,2825,17,,,0,75,,2831,17,,,0,75,,2820,17,,,0,35,,2837,17,,,0,80,,2826,17,,,0,78,41,2832,17,,,0,12,,2846,17,,,0,25,,2821,17,,,0,75,,2838,17,,,0,34,,2827,17,,,0,75,,2833,17,,,0,35,,2822,17,,,0,145,,2843,17,,,0,105,,2842,17,,,0,105,,2841,17,,,0,105,,2840,17,,,0,105,,2839,17,,,0
1300,'KerOffPriveOff',627,,2858,17,,,0,75,,2847,17,,,0,43,,2864,17,,,0,74,,2853,17,,,0,34,,2859,17,,,0,74,,2848,17,,,0,75,,2865,17,,,0,35,,2854,17,,,0,76,,2860,17,,,0,35,,2849,17,,,0,75,,2866,17,,,0,34,,2855,17,,,0,75,,2861,17,,,0,75,,2850,17,,,0,35,,2867,17,,,0,80,,2856,17,,,0,78,41,2862,17,,,0,12,,2876,17,,,0,25,,2851,17,,,0,75,,2868,17,,,0,34,,2857,17,,,0,75,,2863,17,,,0,35,,2852,17,,,0,145,,2873,17,,,0,105,,2872,17,,,0,105,,2871,17,,,0,105,,2870,17,,,0,105,,2869,17,,,0
1300,'Samedi',656,,2885,17,,,0,145,,2877,17,,,0,105,,2886,17,,,0,106,,2878,17,,,0,105,,2887,17,,,0,105,,2879,17,,,0,105,,2888,17,,,0,105,,2880,17,,,0,105,,2889,17,,,0,105,,2881,17,,,0,105,,2890,17,,,0,105,,2882,17,,,0,105,,2891,17,,,0,145,,2883,17,,,0,105,,2892,17,,,0,105,,2884,17,,,0,104,,2893,17,,,0
1301,'CsRoyOff',1557,,2920,36,4,,0
1301,'EventOn',1557,,3011,36,4,,0
1400,'CsRoyOff',630,,3062,1,,,0,70,,3063,1,,,0,30,,3061,1,,,0,100,,3060,1,,,0,685,,3059,1,,,0,100,,3057,1,,,0,100,,3058,1,,,0
1400,'CsRoyOffKerOff',630,,3069,1,,,0,70,,3070,1,,,0,30,,3068,1,,,0,100,,3067,1,,,0,685,,3066,1,,,0,100,,3064,1,,,0,100,,3065,1,,,0
1400,'EventOff',630,,3076,1,,,0,70,,3077,1,,,0,30,,3075,1,,,0,100,,3074,1,,,0,685,,3073,1,,,0,100,,3071,1,,,0,100,,3072,1,,,0
1400,'EventOn',630,,3083,1,,,0,70,,3084,1,,,0,30,,3082,1,,,0,100,,3081,1,,,0,685,,3080,1,,,0,100,,3078,1,,,0,100,,3079,1,,,0
1400,'KerOffPriveOff',630,,3090,1,,,0,70,,3091,1,,,0,30,,3089,1,,,0,100,,3088,1,,,0,685,,3087,1,,,0,100,,3085,1,,,0,100,,3086,1,,,0
1401,'CsRoyOff',718,,3096,25,4,,0,100,,3097,25,4,,0,100,,3095,25,4,,0,686,,3094,31,4,,0,100,,3093,31,4,,0,99,,3092,31,4,,0
1401,'CsRoyOffKerOff',718,,3102,25,4,,0,100,,3103,25,4,,0,100,,3101,25,4,,0,686,,3100,31,4,,0,100,,3099,31,4,,0,99,,3098,31,4,,0
1401,'EventOff',718,,3108,25,4,,0,100,,3109,25,4,,0,100,,3107,25,4,,0,686,,3106,31,4,,0,100,,3105,31,4,,0,99,,3104,31,4,,0
1401,'EventOn',718,,3114,25,4,,0,100,,3115,25,4,,0,100,,3113,25,4,,0,686,,3112,31,4,,0,100,,3111,31,4,,0,99,,3110,31,4,,0
1401,'KerOffPriveOff',718,,3120,25,4,,0,100,,3121,25,4,,0,100,,3119,25,4,,0,686,,3118,31,4,,0,100,,3117,31,4,,0,99,,3116,31,4,,0
1600,'CsRoyOff',659,,3122,1,,,0,149,,3123,1,,,0,112,,3124,1,,,0,110,,3125,1,,,0,110,,3126,1,,,0,110,,3127,1,,,0,109,,3128,1,,,0,155,,3129,1,,,0,114,,3130,1,,,0,111,,3131,1,,,0,111,,3132,1,,,0,100,,3133,1,,,0,106,,3134,1,,,0,144,,3135,1,,,0,106,,3136,1,,,0,102,,3137,1,,,0
1600,'CsRoyOffKerOff',659,,3138,1,,,0,149,,3139,1,,,0,112,,3140,1,,,0,110,,3141,1,,,0,110,,3142,1,,,0,110,,3143,1,,,0,109,,3144,1,,,0,155,,3145,1,,,0,114,,3146,1,,,0,111,,3147,1,,,0,111,,3148,1,,,0,100,,3149,1,,,0,106,,3150,1,,,0,144,,3151,1,,,0,106,,3152,1,,,0,102,,3153,1,,,0
1600,'Dimanche',916,,3155,1,,,0,105,,3156,1,,,0,105,,3157,1,,,0,105,,3158,1,,,0,104,,3159,1,,,0,105,,3160,1,,,0,105,,3161,1,,,0,105,,3154,1,,,0,105,,3162,1,,,0,145,,3163,1,,,0
1600,'EventOff',659,,3164,1,,,0,149,,3165,1,,,0,112,,3166,1,,,0,110,,3167,1,,,0,110,,3168,1,,,0,110,,3169,1,,,0,109,,3170,1,,,0,155,,3171,1,,,0,114,,3172,1,,,0,111,,3173,1,,,0,111,,3174,1,,,0,100,,3175,1,,,0,106,,3176,1,,,0,144,,3177,1,,,0,106,,3178,1,,,0,102,,3179,1,,,0
1600,'EventOn',659,,3180,1,,,0,149,,3181,1,,,0,112,,3182,1,,,0,110,,3183,1,,,0,110,,3184,1,,,0,110,,3185,1,,,0,109,,3186,1,,,0,155,,3187,1,,,0,114,,3188,1,,,0,111,,3189,1,,,0,111,,3190,1,,,0,100,,3191,1,,,0,106,,3192,1,,,0,144,,3193,1,,,0,106,,3194,1,,,0,102,,3195,1,,,0
1600,'KerOffPriveOff',659,,3196,1,,,0,149,,3197,1,,,0,112,,3198,1,,,0,110,,3199,1,,,0,110,,3200,1,,,0,110,,3201,1,,,0,109,,3202,1,,,0,155,,3203,1,,,0,114,,3204,1,,,0,111,,3205,1,,,0,111,,3206,1,,,0,100,,3207,1,,,0,106,,3208,1,,,0,144,,3209,1,,,0,106,,3210,1,,,0,102,,3211,1,,,0
1600,'Samedi',645,,3227,1,,,0,105,,3228,1,,,0,105,,3212,1,,,0,145,,3213,1,,,0,105,,3214,1,,,0,105,,3215,1,,,0,105,,3216,1,,,0,105,,3217,1,,,0,105,,3218,1,,,0,105,,3219,1,,,0,105,,3221,1,,,0,105,,3222,1,,,0,105,,3223,1,,,0,105,,3224,1,,,0,105,,3225,1,,,0,145,,3226,1,,,0,105,,3220,1,,,0
1601,'CsRoyOff',645,,3244,35,4,,0,156,,3229,35,4,,0,110,,3230,35,4,,0,110,,3231,35,4,,0,110,,3232,35,4,,0,110,,3233,35,4,,0,110,,3234,35,4,,0,150,,3235,35,4,,0,115,,3236,35,4,,0,116,,3237,35,4,,0,109,,3238,35,4,,0,107,,3239,35,4,,0,100,,3240,35,4,,0,105,,3241,35,4,,0,105,,3243,35,4,,0,145,,3242,35,4,,0
1601,'CsRoyOffKerOff',645,,3260,35,4,,0,156,,3245,35,4,,0,110,,3246,35,4,,0,110,,3247,35,4,,0,110,,3248,35,4,,0,110,,3249,35,4,,0,110,,3250,35,4,,0,150,,3251,35,4,,0,115,,3252,35,4,,0,116,,3253,35,4,,0,109,,3254,35,4,,0,107,,3255,35,4,,0,100,,3256,35,4,,0,105,,3257,35,4,,0,105,,3259,35,4,,0,145,,3258,35,4,,0
1601,'Dimanche',909,,3269,35,4,,0,105,,3262,35,4,,0,105,,3263,35,4,,0,105,,3264,35,4,,0,105,,3265,35,4,,0,106,,3266,35,4,,0,106,,3267,35,4,,0,105,,3268,35,4,,0,104,,3261,35,4,,0,105,,3270,35,4,,0
1601,'EventOff',645,,3286,35,4,,0,156,,3271,35,4,,0,110,,3272,35,4,,0,110,,3273,35,4,,0,110,,3274,35,4,,0,110,,3275,35,4,,0,110,,3276,35,4,,0,150,,3277,35,4,,0,115,,3278,35,4,,0,116,,3279,35,4,,0,109,,3280,35,4,,0,107,,3281,35,4,,0,100,,3282,35,4,,0,105,,3283,35,4,,0,105,,3285,35,4,,0,145,,3284,35,4,,0
1601,'EventOn',645,,3302,35,4,,0,156,,3287,35,4,,0,110,,3288,35,4,,0,110,,3289,35,4,,0,110,,3290,35,4,,0,110,,3291,35,4,,0,110,,3292,35,4,,0,150,,3293,35,4,,0,115,,3294,35,4,,0,116,,3295,35,4,,0,109,,3296,35,4,,0,107,,3297,35,4,,0,100,,3298,35,4,,0,105,,3299,35,4,,0,105,,3301,35,4,,0,145,,3300,35,4,,0
1601,'KerOffPriveOff',645,,3318,35,4,,0,156,,3303,35,4,,0,110,,3304,35,4,,0,110,,3305,35,4,,0,110,,3306,35,4,,0,110,,3307,35,4,,0,110,,3308,35,4,,0,150,,3309,35,4,,0,115,,3310,35,4,,0,116,,3311,35,4,,0,109,,3312,35,4,,0,107,,3313,35,4,,0,100,,3314,35,4,,0,105,,3315,35,4,,0,105,,3317,35,4,,0,145,,3316,35,4,,0
1601,'Samedi',639,,3334,35,4,,0,105,,3335,35,4,,0,105,,3327,35,4,,0,105,,3319,35,4,,0,105,,3320,35,4,,0,145,,3321,35,4,,0,105,,3322,35,4,,0,105,,3323,35,4,,0,105,,3324,35,4,,0,105,,3325,35,4,,0,106,,3326,35,4,,0,105,,3328,35,4,,0,105,,3329,35,4,,0,105,,3330,35,4,,0,105,,3331,35,4,,0,105,,3332,35,4,,0,145,,3333,35,4,,0
2500,'CsRoyOff',624,,3548,10,,,0,35,,3546,10,,,0,80,,3549,10,,,0,67,,3574,1,0,6,0,8,,3547,10,,,0,36,,3550,10,,,0,74,,3551,10,,,0,35,,3552,10,,,0,75,,3553,10,,,0,75,,3554,10,,,0,35,,3555,10,,,0,75,,3556,10,,,0,35,,3557,10,,,0,75,,3558,10,,,0,75,,3559,10,,,0,35,,3560,10,,,0,80,,3561,10,,,0,38,,3562,10,,,0,77,,3563,10,,,0,75,,3564,10,,,0,35,,3565,10,,,0,75,,3566,10,,,0,35,,3567,10,,,0,105,,3568,10,,,0,145,,3569,10,,,0,105,,3570,10,,,0,105,,3571,10,,,0,105,,3572,10,,,0
2500,'CsRoyOffKerOff',624,,3579,10,,,0,35,,3577,10,,,0,80,,3580,10,,,0,75,,3578,10,,,0,36,,3581,10,,,0,74,,3582,10,,,0,35,,3583,10,,,0,75,,3584,10,,,0,75,,3585,10,,,0,35,,3586,10,,,0,75,,3587,10,,,0,35,,3588,10,,,0,75,,3589,10,,,0,75,,3590,10,,,0,35,,3591,10,,,0,80,,3592,10,,,0,38,,3593,10,,,0,77,,3594,10,,,0,75,,3595,10,,,0,35,,3596,10,,,0,75,,3597,10,,,0,35,,3598,10,,,0,105,,3599,10,,,0,145,,3600,10,,,0,105,,3601,10,,,0,105,,3602,10,,,0,105,,3603,10,,,0
2500,'Dimanche',924,,3610,10,,,0,105,,3611,10,,,0,105,,3612,10,,,0,105,,3613,10,,,0,105,,3614,10,,,0,105,,3615,10,,,0,105,,3616,10,,,0,105,,3608,10,,,0,145,,3609,10,,,0,105,,3607,10,,,0
2500,'EventOff',624,,3620,10,,,0,35,,3618,10,,,0,80,,3621,10,,,0,75,,3619,10,,,0,36,,3622,10,,,0,74,,3623,10,,,0,35,,3624,10,,,0,75,,3625,10,,,0,75,,3626,10,,,0,35,,3627,10,,,0,75,,3628,10,,,0,35,,3629,10,,,0,75,,3630,10,,,0,75,,3631,10,,,0,35,,3632,10,,,0,80,,3633,10,,,0,38,,3634,10,,,0,77,,3635,10,,,0,75,,3636,10,,,0,35,,3637,10,,,0,75,,3638,10,,,0,35,,3639,10,,,0,105,,3640,10,,,0,145,,3641,10,,,0,105,,3642,10,,,0,105,,3643,10,,,0,105,,3644,10,,,0
2500,'EventOn',624,,3648,10,,,0,35,,3646,10,,,0,80,,3649,10,,,0,67,,3675,1,0,6,0,8,,3647,10,,,0,36,,3650,10,,,0,74,,3651,10,,,0,35,,3652,10,,,0,75,,3653,10,,,0,75,,3654,10,,,0,35,,3655,10,,,0,75,,3656,10,,,0,35,,3657,10,,,0,75,,3658,10,,,0,75,,3659,10,,,0,35,,3660,10,,,0,80,,3661,10,,,0,26,,3678,1,,,0,12,,3662,10,,,0,77,,3663,10,,,0,75,,3664,10,,,0,35,,3665,10,,,0,75,,3666,10,,,0,35,,3667,10,,,0,105,,3668,10,,,0,145,,3669,10,,,0,105,,3670,10,,,0,105,,3671,10,,,0,105,,3672,10,,,0
2500,'KerOffPriveOff',624,,3683,10,,,0,35,,3681,10,,,0,80,,3684,10,,,0,75,,3682,10,,,0,36,,3685,10,,,0,74,,3686,10,,,0,35,,3687,10,,,0,75,,3688,10,,,0,75,,3689,10,,,0,35,,3690,10,,,0,75,,3691,10,,,0,35,,3692,10,,,0,75,,3693,10,,,0,75,,3694,10,,,0,35,,3695,10,,,0,80,,3696,10,,,0,26,,3711,1,,,0,12,,3697,10,,,0,77,,3698,10,,,0,75,,3699,10,,,0,35,,3700,10,,,0,75,,3701,10,,,0,35,,3702,10,,,0,105,,3703,10,,,0,145,,3704,10,,,0,105,,3705,10,,,0,105,,3706,10,,,0,105,,3707,10,,,0
2500,'Samedi',654,,3713,10,,,0,105,,3719,10,,,0,145,,3726,10,,,0,105,,3714,10,,,0,105,,3720,10,,,0,105,,3727,10,,,0,105,,3715,10,,,0,105,,3721,10,,,0,105,,3728,10,,,0,105,,3716,10,,,0,105,,3722,10,,,0,105,,3729,10,,,0,105,,3717,10,,,0,105,,3723,10,,,0,145,,3730,10,,,0,105,,3718,10,,,0,105,,3724,10,,,0
2600,'CsRoyOff',631,,3899,26,4,,0,75,,3900,26,4,,0,41,,3901,26,4,,0,75,,3902,26,4,,0,35,,3903,26,4,,0,74,,3904,26,4,,0,75,,3905,26,4,,0,35,,3906,26,4,,0,75,,3907,26,4,,0,35,,3908,26,4,,0,75,,3909,26,4,,0,75,,3910,26,4,,0,35,,3911,26,4,,0,75,,3912,26,4,,0,35,,3913,26,4,,0,80,,3914,26,4,,0,79,,3915,26,4,,0,37,,3916,26,4,,0,74,,3917,26,4,,0,35,,3918,26,4,,0,75,,3919,26,4,,0,75,,3920,26,4,,0,105,,3921,26,4,,0,105,,3922,26,4,,0,105,,3923,26,4,,0,105,,3924,26,4,,0,105,,3925,26,4,,0
2600,'CsRoyOffKerOff',631,,3926,26,4,,0,75,,3927,26,4,,0,41,,3928,26,4,,0,75,,3929,26,4,,0,35,,3930,26,4,,0,74,,3931,26,4,,0,75,,3932,26,4,,0,35,,3933,26,4,,0,75,,3934,26,4,,0,35,,3935,26,4,,0,75,,3936,26,4,,0,75,,3937,26,4,,0,35,,3938,26,4,,0,75,,3939,26,4,,0,35,,3940,26,4,,0,80,,3941,26,4,,0,79,,3942,26,4,,0,37,,3943,26,4,,0,74,,3944,26,4,,0,35,,3945,26,4,,0,75,,3946,26,4,,0,75,,3947,26,4,,0,105,,3948,26,4,,0,105,,3949,26,4,,0,105,,3950,26,4,,0,105,,3951,26,4,,0,105,,3952,26,4,,0
2600,'Dimanche',931,,3954,26,4,,0,105,,3957,26,4,,0,105,,3959,26,4,,0,105,,3958,26,4,,0,105,,3960,26,4,,0,105,,3961,26,4,,0,145,,3962,26,4,,0,105,,3953,26,4,,0,105,,3955,26,4,,0,105,,3956,26,4,,0
2600,'EventOff',631,,3963,26,4,,0,75,,3964,26,4,,0,41,,3965,26,4,,0,75,,3966,26,4,,0,35,,3967,26,4,,0,74,,3968,26,4,,0,75,,3969,26,4,,0,35,,3970,26,4,,0,75,,3971,26,4,,0,35,,3972,26,4,,0,75,,3973,26,4,,0,75,,3974,26,4,,0,35,,3975,26,4,,0,75,,3976,26,4,,0,35,,3977,26,4,,0,80,,3978,26,4,,0,79,,3979,26,4,,0,37,,3980,26,4,,0,74,,3981,26,4,,0,35,,3982,26,4,,0,75,,3983,26,4,,0,75,,3984,26,4,,0,105,,3985,26,4,,0,105,,3986,26,4,,0,105,,3987,26,4,,0,105,,3988,26,4,,0,105,,3989,26,4,,0
2600,'EventOn',631,,3990,26,4,,0,75,,3991,26,4,,0,41,,3992,26,4,,0,75,,3993,26,4,,0,35,,3994,26,4,,0,74,,3995,26,4,,0,75,,3996,26,4,,0,35,,3997,26,4,,0,75,,3998,26,4,,0,35,,3999,26,4,,0,75,,4000,26,4,,0,75,,4001,26,4,,0,35,,4002,26,4,,0,75,,4003,26,4,,0,35,,4004,26,4,,0,80,,4005,26,4,,0,18,,4017,9,4,,0,61,,4006,26,4,,0,37,,4007,26,4,,0,74,,4008,26,4,,0,35,,4009,26,4,,0,75,,4010,26,4,,0,75,,4011,26,4,,0,105,,4012,26,4,,0,105,,4013,26,4,,0,105,,4014,26,4,,0,105,,4015,26,4,,0,105,,4016,26,4,,0
2600,'KerOffPriveOff',631,,4018,26,4,,0,75,,4019,26,4,,0,41,,4020,26,4,,0,75,,4021,26,4,,0,35,,4022,26,4,,0,74,,4023,26,4,,0,75,,4024,26,4,,0,35,,4025,26,4,,0,75,,4026,26,4,,0,35,,4027,26,4,,0,75,,4028,26,4,,0,75,,4029,26,4,,0,35,,4030,26,4,,0,75,,4031,26,4,,0,35,,4032,26,4,,0,80,,4033,26,4,,0,18,,4045,9,4,,0,61,,4034,26,4,,0,37,,4035,26,4,,0,74,,4036,26,4,,0,35,,4037,26,4,,0,75,,4038,26,4,,0,75,,4039,26,4,,0,105,,4040,26,4,,0,105,,4041,26,4,,0,105,,4042,26,4,,0,105,,4043,26,4,,0,105,,4044,26,4,,0
2600,'Samedi',701,,4055,26,4,,0,105,,4054,26,4,,0,105,,4053,26,4,,0,105,,4052,26,4,,0,105,,4051,26,4,,0,105,,4060,26,4,,0,105,,4059,26,4,,0,105,,4058,26,4,,0,105,,4057,26,4,,0,105,,4056,26,4,,0,105,,4061,26,4,,0,105,,4062,26,4,,0,145,,4047,26,4,,0,105,,4048,26,4,,0,105,,4049,26,4,,0,105,,4050,26,4,,0,105,,4046,26,4,,0
2601,'CsRoyOff',635,,4063,1,,,0,80,,4064,1,,,0,35,,4065,1,,,0,75,,4066,1,,,0,75,,4067,1,,,0,35,,4068,1,,,0,75,,4069,1,,,0,35,,4070,1,,,0,75,,4071,1,,,0,35,,4072,1,,,0,75,,4073,1,,,0,72,,4074,1,,,0,38,,4075,1,,,0,75,,4076,1,,,0,40,,4077,1,,,0,75,,4078,1,,,0,78,,4079,1,,,0,37,,4080,1,,,0,75,,4081,1,,,0,35,,4082,1,,,0,75,,4083,1,,,0,75,,4084,1,,,0,130,,4088,1,,,0,105,,4087,1,,,0,105,,4086,1,,,0,105,,4085,1,,,0
2601,'CsRoyOffKerOff',635,,4089,1,,,0,80,,4090,1,,,0,35,,4091,1,,,0,75,,4092,1,,,0,75,,4093,1,,,0,35,,4094,1,,,0,75,,4095,1,,,0,35,,4096,1,,,0,75,,4097,1,,,0,35,,4098,1,,,0,75,,4099,1,,,0,72,,4100,1,,,0,38,,4101,1,,,0,75,,4102,1,,,0,40,,4103,1,,,0,75,,4104,1,,,0,78,,4105,1,,,0,37,,4106,1,,,0,75,,4107,1,,,0,35,,4108,1,,,0,75,,4109,1,,,0,75,,4110,1,,,0,130,,4114,1,,,0,105,,4113,1,,,0,105,,4112,1,,,0,105,,4111,1,,,0
2601,'Dimanche',1000,,4117,1,,,0,105,,4119,1,,,0,105,,4120,1,,,0,105,,4118,1,,,0,105,,4121,1,,,0,105,,4122,1,,,0,105,,4123,1,,,0,105,,4116,1,,,0,105,,4115,1,,,0
2601,'EventOff',635,,4124,1,,,0,80,,4125,1,,,0,35,,4126,1,,,0,75,,4127,1,,,0,75,,4128,1,,,0,35,,4129,1,,,0,75,,4130,1,,,0,35,,4131,1,,,0,75,,4132,1,,,0,35,,4133,1,,,0,75,,4134,1,,,0,72,,4135,1,,,0,38,,4136,1,,,0,75,,4137,1,,,0,40,,4138,1,,,0,75,,4139,1,,,0,78,,4140,1,,,0,37,,4141,1,,,0,75,,4142,1,,,0,35,,4143,1,,,0,75,,4144,1,,,0,75,,4145,1,,,0,130,,4149,1,,,0,105,,4148,1,,,0,105,,4147,1,,,0,105,,4146,1,,,0
2601,'EventOn',635,,4150,1,,,0,80,,4151,1,,,0,35,,4152,1,,,0,75,,4153,1,,,0,75,,4154,1,,,0,35,,4155,1,,,0,75,,4156,1,,,0,35,,4157,1,,,0,75,,4158,1,,,0,35,,4159,1,,,0,75,,4160,1,,,0,72,,4161,1,,,0,38,,4162,1,,,0,75,,4163,1,,,0,40,,4164,1,,,0,75,,4165,1,,,0,78,,4166,1,,,0,37,,4167,1,,,0,75,,4168,1,,,0,35,,4169,1,,,0,75,,4170,1,,,0,75,,4171,1,,,0,130,,4175,1,,,0,105,,4174,1,,,0,105,,4173,1,,,0,105,,4172,1,,,0
2601,'KerOffPriveOff',635,,4176,1,,,0,80,,4177,1,,,0,35,,4178,1,,,0,75,,4179,1,,,0,75,,4180,1,,,0,35,,4181,1,,,0,75,,4182,1,,,0,35,,4183,1,,,0,75,,4184,1,,,0,35,,4185,1,,,0,75,,4186,1,,,0,72,,4187,1,,,0,38,,4188,1,,,0,75,,4189,1,,,0,40,,4190,1,,,0,75,,4191,1,,,0,78,,4192,1,,,0,37,,4193,1,,,0,75,,4194,1,,,0,35,,4195,1,,,0,75,,4196,1,,,0,75,,4197,1,,,0,130,,4201,1,,,0,105,,4200,1,,,0,105,,4199,1,,,0,105,,4198,1,,,0
2601,'Samedi',730,,4209,1,,,0,105,,4208,1,,,0,105,,4207,1,,,0,105,,4206,1,,,0,105,,4214,1,,,0,105,,4213,1,,,0,145,,4212,1,,,0,105,,4211,1,,,0,105,,4210,1,,,0,105,,4215,1,,,0,105,,4216,1,,,0,105,,4217,1,,,0,105,,4202,1,,,0,105,,4203,1,,,0,105,,4204,1,,,0,105,,4205,1,,,0
5000,'CsRoyOff',636,,4263,1,,,0,14,,4263,18,4,,0,51,,4262,1,,,0,14,,4262,18,4,,0,2,,4218,1,,,0,14,,4218,18,4,,0,1,,4219,1,,,0,14,,4219,18,4,,0,6,,4220,1,,,0,57,,4220,18,4,,0,1,,4221,1,,,0,17,,4221,18,4,,0,1,,4222,1,,,0,16,,4222,18,4,,0,2,,4223,1,,,0,56,,4223,18,4,,0,1,,4224,1,,,0,14,,4224,18,4,,0,1,,4225,1,,,0,14,,4225,18,4,,0,6,,4226,1,,,0,14,,4226,18,4,,0,1,,4227,1,,,0,54,,4227,18,4,,0,5,,4228,1,,,0,14,,4228,18,4,,0,1,,4229,1,,,0,14,,4229,18,4,,0,6,,4230,1,,,0,54,,4230,18,4,,0,1,,4231,1,,,0,14,,4231,18,4,,0,6,,4232,1,,,0,14,,4232,18,4,,0,1,,4233,1,,,0,14,,4233,18,4,,0,6,,4234,1,,,0,54,,4234,18,4,,0,1,,4235,1,,,0,14,,4235,18,4,,0,6,,4236,1,,,0,14,,4236,18,4,,0,1,,4237,1,,,0,54,,4237,18,4,,0,6,,4238,1,,,0,14,,4238,18,4,,0,1,,4239,1,,,0,14,,4239,18,4,,0,5,,4240,1,,,0,14,,4240,18,4,,0,1,,4241,1,,,0,54,,4241,18,4,,0,6,,4242,1,,,0,14,,4242,18,4,,0,1,,4243,1,,,0,14,,4243,18,4,,0,7,,4244,1,,,0,54,,4244,18,4,,0,1,,4245,1,,,0,14,,4245,18,4,,0,8,,4246,1,,,0,18,,4246,18,4,,0,1,,4247,1,,,0,56,,4247,18,4,,0,4,,4248,1,,,0,15,,4248,18,4,,0,3,,4249,1,,,0,15,,4249,18,4,,0,6,,4250,1,,,0,55,,4250,18,4,,0,1,,4251,1,,,0,15,,4251,18,4,,0,5,,4252,1,,,0,15,,4252,18,4,,0,1,,4253,1,,,0,15,,4253,18,4,,0,3,,4254,1,,,0,55,,4254,18,4,,0,1,,4255,1,,,0,15,,4255,18,4,,0,4,,4256,1,,,0,15,,4257,1,,,0,55,,4257,18,4,,0,113,,4258,1,,,0,15,,4258,18,4,,0,90,,4259,1,,,0,15,,4259,18,4,,0,90,,4260,1,,,0,15,,4260,18,4,,0,90,,4261,1,,,0,15,,4261,18,4,,0
5000,'CsRoyOffKerOff',636,,4309,1,,,0,14,,4309,18,4,,0,51,,4308,1,,,0,14,,4308,18,4,,0,2,,4264,1,,,0,14,,4264,18,4,,0,1,,4265,1,,,0,14,,4265,18,4,,0,6,,4266,1,,,0,57,,4266,18,4,,0,1,,4267,1,,,0,17,,4267,18,4,,0,1,,4268,1,,,0,16,,4268,18,4,,0,2,,4269,1,,,0,56,,4269,18,4,,0,1,,4270,1,,,0,14,,4270,18,4,,0,1,,4271,1,,,0,14,,4271,18,4,,0,6,,4272,1,,,0,14,,4272,18,4,,0,1,,4273,1,,,0,54,,4273,18,4,,0,5,,4274,1,,,0,14,,4274,18,4,,0,1,,4275,1,,,0,14,,4275,18,4,,0,6,,4276,1,,,0,54,,4276,18,4,,0,1,,4277,1,,,0,14,,4277,18,4,,0,6,,4278,1,,,0,14,,4278,18,4,,0,1,,4279,1,,,0,14,,4279,18,4,,0,6,,4280,1,,,0,54,,4280,18,4,,0,1,,4281,1,,,0,14,,4281,18,4,,0,6,,4282,1,,,0,14,,4282,18,4,,0,1,,4283,1,,,0,54,,4283,18,4,,0,6,,4284,1,,,0,14,,4284,18,4,,0,1,,4285,1,,,0,14,,4285,18,4,,0,5,,4286,1,,,0,14,,4286,18,4,,0,1,,4287,1,,,0,54,,4287,18,4,,0,6,,4288,1,,,0,14,,4288,18,4,,0,1,,4289,1,,,0,14,,4289,18,4,,0,7,,4290,1,,,0,54,,4290,18,4,,0,1,,4291,1,,,0,14,,4291,18,4,,0,8,,4292,1,,,0,18,,4292,18,4,,0,1,,4293,1,,,0,56,,4293,18,4,,0,4,,4294,1,,,0,15,,4294,18,4,,0,3,,4295,1,,,0,15,,4295,18,4,,0,6,,4296,1,,,0,55,,4296,18,4,,0,1,,4297,1,,,0,15,,4297,18,4,,0,5,,4298,1,,,0,15,,4298,18,4,,0,1,,4299,1,,,0,15,,4299,18,4,,0,3,,4300,1,,,0,55,,4300,18,4,,0,1,,4301,1,,,0,15,,4301,18,4,,0,4,,4302,1,,,0,15,,4303,1,,,0,55,,4303,18,4,,0,113,,4304,1,,,0,15,,4304,18,4,,0,90,,4305,1,,,0,15,,4305,18,4,,0,90,,4306,1,,,0,15,,4306,18,4,,0,90,,4307,1,,,0,15,,4307,18,4,,0
5000,'Dimanche',940,,4310,1,,,0,14,,4310,18,4,,0,91,,4313,1,,,0,14,,4313,18,4,,0,91,,4315,1,,,0,54,,4315,18,4,,0,51,,4314,1,,,0,54,,4314,18,4,,0,91,,4316,1,,,0,14,,4316,18,4,,0,91,,4317,1,,,0,14,,4317,18,4,,0,91,,4318,1,,,0,15,,4318,18,4,,0,90,,4311,1,,,0,15,,4311,18,4,,0,90,,4312,1,,,0,15,,4312,18,4,,0
5000,'EventOff',636,,4364,1,,,0,14,,4364,18,4,,0,51,,4363,1,,,0,14,,4363,18,4,,0,2,,4319,1,,,0,14,,4319,18,4,,0,1,,4320,1,,,0,14,,4320,18,4,,0,6,,4321,1,,,0,57,,4321,18,4,,0,1,,4322,1,,,0,17,,4322,18,4,,0,1,,4323,1,,,0,16,,4323,18,4,,0,2,,4324,1,,,0,56,,4324,18,4,,0,1,,4325,1,,,0,14,,4325,18,4,,0,1,,4326,1,,,0,14,,4326,18,4,,0,6,,4327,1,,,0,14,,4327,18,4,,0,1,,4328,1,,,0,54,,4328,18,4,,0,5,,4329,1,,,0,14,,4329,18,4,,0,1,,4330,1,,,0,14,,4330,18,4,,0,6,,4331,1,,,0,54,,4331,18,4,,0,1,,4332,1,,,0,14,,4332,18,4,,0,6,,4333,1,,,0,14,,4333,18,4,,0,1,,4334,1,,,0,14,,4334,18,4,,0,6,,4335,1,,,0,54,,4335,18,4,,0,1,,4336,1,,,0,14,,4336,18,4,,0,6,,4337,1,,,0,14,,4337,18,4,,0,1,,4338,1,,,0,54,,4338,18,4,,0,6,,4339,1,,,0,14,,4339,18,4,,0,1,,4340,1,,,0,14,,4340,18,4,,0,5,,4341,1,,,0,14,,4341,18,4,,0,1,,4342,1,,,0,54,,4342,18,4,,0,6,,4343,1,,,0,14,,4343,18,4,,0,1,,4344,1,,,0,14,,4344,18,4,,0,7,,4345,1,,,0,54,,4345,18,4,,0,1,,4346,1,,,0,14,,4346,18,4,,0,8,,4347,1,,,0,18,,4347,18,4,,0,1,,4348,1,,,0,56,,4348,18,4,,0,4,,4349,1,,,0,15,,4349,18,4,,0,3,,4350,1,,,0,15,,4350,18,4,,0,6,,4351,1,,,0,55,,4351,18,4,,0,1,,4352,1,,,0,15,,4352,18,4,,0,5,,4353,1,,,0,15,,4353,18,4,,0,1,,4354,1,,,0,15,,4354,18,4,,0,3,,4355,1,,,0,55,,4355,18,4,,0,1,,4356,1,,,0,15,,4356,18,4,,0,4,,4357,1,,,0,15,,4357,18,4,,0,55,,4358,18,4,,0,113,,4359,1,,,0,15,,4359,18,4,,0,90,,4360,1,,,0,15,,4360,18,4,,0,90,,4361,1,,,0,15,,4361,18,4,,0,90,,4362,1,,,0,15,,4362,18,4,,0
5000,'EventOn',636,,4410,1,,,0,14,,4410,18,4,,0,51,,4409,1,,,0,14,,4409,18,4,,0,2,,4365,1,,,0,14,,4365,18,4,,0,1,,4366,1,,,0,14,,4366,18,4,,0,6,,4367,1,,,0,57,,4367,18,4,,0,1,,4368,1,,,0,17,,4368,18,4,,0,1,,4369,1,,,0,16,,4369,18,4,,0,2,,4370,1,,,0,56,,4370,18,4,,0,1,,4371,1,,,0,14,,4371,18,4,,0,1,,4372,1,,,0,14,,4372,18,4,,0,6,,4373,1,,,0,14,,4373,18,4,,0,1,,4374,1,,,0,54,,4374,18,4,,0,5,,4375,1,,,0,14,,4375,18,4,,0,1,,4376,1,,,0,14,,4376,18,4,,0,6,,4377,1,,,0,54,,4377,18,4,,0,1,,4378,1,,,0,14,,4378,18,4,,0,6,,4379,1,,,0,14,,4379,18,4,,0,1,,4380,1,,,0,14,,4380,18,4,,0,6,,4381,1,,,0,54,,4381,18,4,,0,1,,4382,1,,,0,14,,4382,18,4,,0,6,,4383,1,,,0,14,,4383,18,4,,0,1,,4384,1,,,0,54,,4384,18,4,,0,6,,4385,1,,,0,14,,4385,18,4,,0,1,,4386,1,,,0,14,,4386,18,4,,0,5,,4387,1,,,0,14,,4387,18,4,,0,1,,4388,1,,,0,54,,4388,18,4,,0,6,,4389,1,,,0,14,,4389,18,4,,0,1,,4390,1,,,0,14,,4390,18,4,,0,7,,4391,1,,,0,54,,4391,18,4,,0,1,,4392,1,,,0,14,,4392,18,4,,0,8,,4393,1,,,0,18,,4393,18,4,,0,1,,4394,1,,,0,56,,4394,18,4,,0,4,,4395,1,,,0,15,,4395,18,4,,0,3,,4396,1,,,0,15,,4396,18,4,,0,6,,4397,1,,,0,55,,4397,18,4,,0,1,,4398,1,,,0,15,,4398,18,4,,0,5,,4399,1,,,0,15,,4399,18,4,,0,1,,4400,1,,,0,15,,4400,18,4,,0,3,,4401,1,,,0,55,,4401,18,4,,0,1,,4402,1,,,0,15,,4402,18,4,,0,4,,4403,1,,,0,15,,4403,18,4,,0,55,,4404,18,4,,0,113,,4405,1,,,0,15,,4405,18,4,,0,90,,4406,1,,,0,15,,4406,18,4,,0,90,,4407,1,,,0,15,,4407,18,4,,0,90,,4408,1,,,0,15,,4408,18,4,,0
5000,'KerOffPriveOff',636,,4456,1,,,0,14,,4456,18,4,,0,51,,4455,1,,,0,14,,4455,18,4,,0,2,,4411,1,,,0,14,,4411,18,4,,0,1,,4412,1,,,0,14,,4412,18,4,,0,6,,4413,1,,,0,57,,4413,18,4,,0,1,,4414,1,,,0,17,,4414,18,4,,0,1,,4415,1,,,0,16,,4415,18,4,,0,2,,4416,1,,,0,56,,4416,18,4,,0,1,,4417,1,,,0,14,,4417,18,4,,0,1,,4418,1,,,0,14,,4418,18,4,,0,6,,4419,1,,,0,14,,4419,18,4,,0,1,,4420,1,,,0,54,,4420,18,4,,0,5,,4421,1,,,0,14,,4421,18,4,,0,1,,4422,1,,,0,14,,4422,18,4,,0,6,,4423,1,,,0,54,,4423,18,4,,0,1,,4424,1,,,0,14,,4424,18,4,,0,6,,4425,1,,,0,14,,4425,18,4,,0,1,,4426,1,,,0,14,,4426,18,4,,0,6,,4427,1,,,0,54,,4427,18,4,,0,1,,4428,1,,,0,14,,4428,18,4,,0,6,,4429,1,,,0,14,,4429,18,4,,0,1,,4430,1,,,0,54,,4430,18,4,,0,6,,4431,1,,,0,14,,4431,18,4,,0,1,,4432,1,,,0,14,,4432,18,4,,0,5,,4433,1,,,0,14,,4433,18,4,,0,1,,4434,1,,,0,54,,4434,18,4,,0,6,,4435,1,,,0,14,,4435,18,4,,0,1,,4436,1,,,0,14,,4436,18,4,,0,7,,4437,1,,,0,54,,4437,18,4,,0,1,,4438,1,,,0,14,,4438,18,4,,0,8,,4439,1,,,0,18,,4439,18,4,,0,1,,4440,1,,,0,56,,4440,18,4,,0,4,,4441,1,,,0,15,,4441,18,4,,0,3,,4442,1,,,0,15,,4442,18,4,,0,6,,4443,1,,,0,55,,4443,18,4,,0,1,,4444,1,,,0,15,,4444,18,4,,0,5,,4445,1,,,0,15,,4445,18,4,,0,1,,4446,1,,,0,15,,4446,18,4,,0,3,,4447,1,,,0,55,,4447,18,4,,0,1,,4448,1,,,0,15,,4448,18,4,,0,4,,4449,1,,,0,15,,4450,1,,,0,55,,4450,18,4,,0,113,,4451,1,,,0,15,,4451,18,4,,0,90,,4452,1,,,0,15,,4452,18,4,,0,90,,4453,1,,,0,15,,4453,18,4,,0,90,,4454,1,,,0,15,,4454,18,4,,0
5000,'Samedi',710,,4464,1,,,0,14,,4464,18,4,,0,91,,4463,1,,,0,17,,4463,18,4,,0,88,,4462,1,,,0,14,,4462,18,4,,0,91,,4461,1,,,0,14,,4461,18,4,,0,91,,4469,1,,,0,14,,4469,18,4,,0,91,,4468,1,,,0,14,,4468,18,4,,0,91,,4467,1,,,0,14,,4467,18,4,,0,91,,4466,1,,,0,14,,4466,18,4,,0,91,,4465,1,,,0,56,,4465,18,4,,0,49,,4472,1,,,0,55,,4472,18,4,,0,90,,4470,1,,,0,15,,4470,18,4,,0,90,,4471,1,,,0,15,,4471,18,4,,0,90,,4457,1,,,0,15,,4457,18,4,,0,90,,4458,1,,,0,15,,4458,18,4,,0,90,,4459,1,,,0,15,,4459,18,4,,0,90,,4460,1,,,0,15,,4460,18,4,,0
6000,'CsRoyOff',619,,4484,1,,,0,82,,4474,1,,,0,29,,4485,1,,,0,81,,4475,1,,,0,36,,4486,1,,,0,74,,4476,1,,,0,36,,4487,1,,,0,74,,4477,1,,,0,75,,4488,1,,,0,32,,4478,1,,,0,77,,4489,1,,,0,35,,4479,1,,,0,68,,4490,1,,,0,37,,4501,1,,,0,65,,4480,1,,,0,80,,4491,1,,,0,37,,4481,1,,,0,78,,4492,1,,,0,35,,4482,1,,,0,76,,4493,1,,,0,75,,4483,1,,,0,35,,4494,1,,,0,78,,4495,1,,,0,105,,4500,1,,,0,105,,4499,1,,,0,105,,4498,1,,,0,105,,4496,1,,,0,101,,4497,1,0,14 15,0
6000,'CsRoyOffKerOff',619,,4513,1,,,0,82,,4503,1,,,0,29,,4514,1,,,0,81,,4504,1,,,0,36,,4515,1,,,0,74,,4505,1,,,0,36,,4516,1,,,0,74,,4506,1,,,0,75,,4517,1,,,0,32,,4507,1,,,0,77,,4518,1,,,0,35,,4508,1,,,0,68,,4519,1,,,0,37,,4530,1,,,0,65,,4509,1,,,0,80,,4520,1,,,0,37,,4510,1,,,0,78,,4521,1,,,0,35,,4511,1,,,0,76,,4522,1,,,0,75,,4512,1,,,0,35,,4523,1,,,0,78,,4524,1,,,0,105,,4529,1,,,0,105,,4528,1,,,0,105,,4527,1,,,0,105,,4525,1,,,0,101,,4526,1,0,14 15,0
6000,'Dimanche',841,,4531,1,,,0,105,,4532,1,,,0,104,,4534,1,,,0,107,,4536,1,,,0,144,,4537,1,,,0,104,,4538,1,,,0,105,,4539,1,,,0,104,,4540,1,,,0,106,,4535,1,,,0,105,,4533,1,,,0
6000,'EventOff',619,,4552,1,,,0,82,,4542,1,,,0,29,,4553,1,,,0,81,,4543,1,,,0,36,,4554,1,,,0,74,,4544,1,,,0,36,,4555,1,,,0,74,,4545,1,,,0,75,,4556,1,,,0,32,,4546,1,,,0,77,,4557,1,,,0,35,,4547,1,,,0,68,,4558,1,,,0,37,,4569,1,,,0,65,,4548,1,,,0,80,,4559,1,,,0,37,,4549,1,,,0,78,,4560,1,,,0,35,,4550,1,,,0,76,,4561,1,,,0,75,,4551,1,,,0,35,,4562,1,,,0,78,,4563,1,,,0,105,,4568,1,,,0,105,,4567,1,,,0,105,,4566,1,,,0,105,,4564,1,,,0,101,,4565,1,0,14 15,0
6000,'EventOn',619,,4581,1,,,0,82,,4571,1,,,0,29,,4582,1,,,0,81,,4572,1,,,0,9,,4599,1,0,9,0,27,,4583,1,,,0,74,,4573,1,,,0,36,,4584,1,,,0,74,,4574,1,,,0,75,,4585,1,,,0,32,,4575,1,,,0,77,,4586,1,,,0,35,,4576,1,,,0,68,,4587,1,,,0,37,,4598,1,,,0,65,,4577,1,,,0,80,,4588,1,,,0,37,,4578,1,,,0,78,,4589,1,,,0,35,,4579,1,,,0,76,,4590,1,,,0,75,,4580,1,,,0,35,,4591,1,,,0,78,,4592,1,,,0,105,,4597,1,,,0,105,,4596,1,,,0,105,,4595,1,,,0,105,,4593,1,,,0,101,,4594,1,0,14 15,0
6000,'KerOffPriveOff',619,,4613,1,,,0,82,,4603,1,,,0,29,,4614,1,,,0,81,,4604,1,,,0,9,,4631,1,0,9,0,27,,4615,1,,,0,74,,4605,1,,,0,36,,4616,1,,,0,74,,4606,1,,,0,75,,4617,1,,,0,32,,4607,1,,,0,77,,4618,1,,,0,35,,4608,1,,,0,68,,4619,1,,,0,37,,4630,1,,,0,65,,4609,1,,,0,80,,4620,1,,,0,37,,4610,1,,,0,78,,4621,1,,,0,35,,4611,1,,,0,76,,4622,1,,,0,75,,4612,1,,,0,35,,4623,1,,,0,78,,4624,1,,,0,105,,4629,1,,,0,105,,4628,1,,,0,105,,4627,1,,,0,105,,4625,1,,,0,101,,4626,1,0,14 15,0
6000,'Samedi',611,,4639,1,,,0,104,,4645,1,,,0,105,,4634,1,,,0,105,,4640,1,,,0,106,,4646,1,,,0,105,,4635,1,,,0,105,,4641,1,,,0,106,,4647,1,,,0,104,,4636,1,,,0,105,,4642,1,,,0,144,,4648,1,,,0,105,,4637,1,,,0,105,,4643,1,,,0,105,,4649,1,,,0,105,,4638,1,,,0,105,,4644,1,,,0,105,,4650,1,,,0,100,,4651,1,0,14 15,0
6001,'CsRoyOff',618,,4678,18,4,,0,34,,4652,42,4,,0,74,,4663,42,4,,0,82,,4653,42,4,,0,33,,4664,42,4,,0,72,,4654,42,4,,0,36,,4665,42,4,,0,74,,4655,42,4,,0,35,,4666,42,4,,0,76,,4656,42,4,,0,75,,4667,42,4,,0,35,,4657,42,4,,0,73,,4668,42,4,,0,35,,4658,42,4,,0,67,,4669,42,4,,0,40,,4679,42,4,,0,71,,4659,42,4,,0,84,,4670,42,4,,0,30,,4660,42,4,,0,77,,4671,42,4,,0,36,,4661,42,4,,0,75,,4672,42,4,,0,69,,4662,42,4,,0,113,,4675,42,4,,0,105,,4677,42,4,,0,105,,4676,42,4,,0,105,,4674,42,4,,0,103,,4673,42,4,,0
6001,'CsRoyOffKerOff',618,,4706,18,4,,0,34,,4680,42,4,,0,74,,4691,42,4,,0,82,,4681,42,4,,0,33,,4692,42,4,,0,72,,4682,42,4,,0,36,,4693,42,4,,0,74,,4683,42,4,,0,35,,4694,42,4,,0,76,,4684,42,4,,0,75,,4695,42,4,,0,35,,4685,42,4,,0,73,,4696,42,4,,0,35,,4686,42,4,,0,67,,4697,42,4,,0,40,,4707,42,4,,0,71,,4687,42,4,,0,84,,4698,42,4,,0,30,,4688,42,4,,0,77,,4699,42,4,,0,36,,4689,42,4,,0,75,,4700,42,4,,0,69,,4690,42,4,,0,113,,4703,42,4,,0,105,,4705,42,4,,0,105,,4704,42,4,,0,105,,4702,42,4,,0,103,,4701,42,4,,0
6001,'Dimanche',939,,4708,42,4,,0,104,,4710,42,4,,0,106,,4711,42,4,,0,105,,4713,42,4,,0,147,,4714,42,4,,0,103,,4715,42,4,,0,105,,4716,42,4,,0,104,,4717,42,4,,0,106,,4712,42,4,,0,105,,4709,42,4,,0
6001,'EventOff',618,,4744,18,4,,0,34,,4718,42,4,,0,74,,4729,42,4,,0,82,,4719,42,4,,0,33,,4730,42,4,,0,72,,4720,42,4,,0,36,,4731,42,4,,0,74,,4721,42,4,,0,35,,4732,42,4,,0,76,,4722,42,4,,0,75,,4733,42,4,,0,35,,4723,42,4,,0,73,,4734,42,4,,0,35,,4724,42,4,,0,67,,4735,42,4,,0,40,,4745,42,4,,0,71,,4725,42,4,,0,84,,4736,42,4,,0,30,,4726,42,4,,0,77,,4737,42,4,,0,36,,4727,42,4,,0,75,,4738,42,4,,0,69,,4728,42,4,,0,113,,4741,42,4,,0,105,,4743,42,4,,0,105,,4742,42,4,,0,105,,4740,42,4,,0,103,,4739,42,4,,0
6001,'EventOn',618,,4772,18,4,,0,34,,4746,42,4,,0,74,,4757,42,4,,0,82,,4747,42,4,,0,33,,4758,42,4,,0,72,,4748,42,4,,0,36,,4759,42,4,,0,74,,4749,42,4,,0,35,,4760,42,4,,0,76,,4750,42,4,,0,75,,4761,42,4,,0,35,,4751,42,4,,0,73,,4762,42,4,,0,35,,4752,42,4,,0,67,,4763,42,4,,0,40,,4773,42,4,,0,71,,4753,42,4,,0,19,,4775,6,4,,0,65,,4764,42,4,,0,30,,4754,42,4,,0,77,,4765,42,4,,0,36,,4755,42,4,,0,75,,4766,42,4,,0,69,,4756,42,4,,0,113,,4769,42,4,,0,105,,4771,42,4,,0,105,,4770,42,4,,0,105,,4768,42,4,,0,103,,4767,42,4,,0
6001,'KerOffPriveOff',618,,4803,18,4,,0,34,,4777,42,4,,0,74,,4788,42,4,,0,82,,4778,42,4,,0,33,,4789,42,4,,0,72,,4779,42,4,,0,36,,4790,42,4,,0,74,,4780,42,4,,0,35,,4791,42,4,,0,76,,4781,42,4,,0,75,,4792,42,4,,0,35,,4782,42,4,,0,73,,4793,42,4,,0,35,,4783,42,4,,0,67,,4794,42,4,,0,40,,4804,42,4,,0,71,,4784,42,4,,0,19,,4806,6,4,,0,65,,4795,42,4,,0,30,,4785,42,4,,0,77,,4796,42,4,,0,36,,4786,42,4,,0,75,,4797,42,4,,0,69,,4787,42,4,,0,113,,4800,42,4,,0,105,,4802,42,4,,0,105,,4801,42,4,,0,105,,4799,42,4,,0,103,,4798,42,4,,0
6001,'Samedi',709,,4813,42,4,,0,105,,4819,42,4,,0,105,,4808,42,4,,0,105,,4814,42,4,,0,106,,4820,42,4,,0,105,,4809,42,4,,0,106,,4815,42,4,,0,105,,4821,42,4,,0,105,,4810,42,4,,0,103,,4816,42,4,,0,105,,4822,42,4,,0,145,,4811,42,4,,0,105,,4817,42,4,,0,105,,4823,42,4,,0,105,,4812,42,4,,0,105,,4818,42,4,,0,105,,4824,42,4,,0
111800501,'CsRoyOff',805,,4941,36,4,,0
111800501,'EventOn',805,,4944,36,4,,0
160900100,'EventOn',1542,,4946,4,,,0
160900100,'KerOffPriveOff',1542,,4947,4,,,0
