1301,'CsRoyOff',1530,,2920,1,0,7 8,0
1301,'EventOn',1530,,3011,1,0,7 8,0
2500,'CsRoyOff',818,,3574,17,4,,0
2500,'EventOn',818,,3675,17,4,,0
2501,'CsRoyOff',1530,,3758,1,0,7 8,0
2501,'EventOn',1530,,3852,1,0,7 8,0
111800200,'CsRoyOff',1605,,4924,1,,,0
111800200,'EventOn',1605,,4925,1,,,0
111800201,'CsRoyOff',825,,4926,20,4,,0
111800201,'EventOn',825,,4927,20,4,,0
111800300,'CsRoyOff',755,,4928,8,4,,0
111800300,'EventOn',755,,4929,8,4,,0
111800301,'CsRoyOff',1530,,4930,1,,,0
111800301,'EventOn',1530,,4931,1,,,0
111800400,'CsRoyOff',750,,4932,18,4,,0
111800400,'EventOn',750,,4933,18,4,,0
111800401,'CsRoyOff',1600,,4934,1,,,0
111800401,'EventOn',1600,,4935,1,,,0
190300200,'CsRoyOff',735,,4950,6,,,0
190300200,'CsRoyOffKerOff',735,,4951,6,,,0
190300200,'EventOn',735,,4952,6,,,0
190300201,'CsRoyOff',1550,,4953,2,,,0
190300201,'CsRoyOffKerOff',1550,,4954,2,,,0
190300201,'EventOn',1550,,4955,2,,,0
