2500,'CsRoyOff',608,,3573,5,,,0,29,,3548,32,,,0,71,,3575,5,0,21,0,4,,3546,32,,,0,40,,3549,32,,,0,75,,3547,32,,,0,76,,3550,32,,,0,34,,3551,32,,,0,75,,3552,32,,,0,35,,3553,32,,,0,75,,3554,32,,,0,35,,3555,32,,,0,75,,3556,32,,,0,75,,3557,32,,,0,35,,3558,32,,,0,75,,3559,32,,,0,35,,3560,32,,,0,81,,3561,32,,,0,22,,3576,5,,,0,56,,3562,32,,,0,36,,3563,32,,,0,75,,3564,32,,,0,35,,3565,32,,,0,75,,3566,32,,,0,75,,3567,32,,,0,105,,3568,32,,,0,105,,3569,32,,,0,105,,3570,32,,,0,105,,3571,32,,,0,105,,3572,32,,,0
2500,'CsRoyOffKerOff',608,,3604,5,,,0,29,,3579,32,,,0,71,,3605,5,0,21,0,4,,3577,32,,,0,40,,3580,32,,,0,75,,3578,32,,,0,76,,3581,32,,,0,34,,3582,32,,,0,75,,3583,32,,,0,35,,3584,32,,,0,75,,3585,32,,,0,35,,3586,32,,,0,75,,3587,32,,,0,75,,3588,32,,,0,35,,3589,32,,,0,75,,3590,32,,,0,35,,3591,32,,,0,81,,3592,32,,,0,22,,3606,5,,,0,56,,3593,32,,,0,36,,3594,32,,,0,75,,3595,32,,,0,35,,3596,32,,,0,75,,3597,32,,,0,75,,3598,32,,,0,105,,3599,32,,,0,105,,3600,32,,,0,105,,3601,32,,,0,105,,3602,32,,,0,105,,3603,32,,,0
2500,'Dimanche',833,,3617,5,,,0,104,,3610,32,,,0,105,,3611,32,,,0,105,,3612,32,,,0,105,,3613,32,,,0,105,,3614,32,,,0,145,,3615,32,,,0,105,,3616,32,,,0,105,,3608,32,,,0,105,,3609,32,,,0,105,,3607,32,,,0
2500,'EventOff',608,,3645,5,,,0,29,,3620,32,,,0,75,,3618,32,,,0,40,,3621,32,,,0,75,,3619,32,,,0,76,,3622,32,,,0,34,,3623,32,,,0,75,,3624,32,,,0,35,,3625,32,,,0,75,,3626,32,,,0,35,,3627,32,,,0,75,,3628,32,,,0,75,,3629,32,,,0,35,,3630,32,,,0,75,,3631,32,,,0,35,,3632,32,,,0,81,,3633,32,,,0,78,,3634,32,,,0,36,,3635,32,,,0,75,,3636,32,,,0,35,,3637,32,,,0,75,,3638,32,,,0,75,,3639,32,,,0,105,,3640,32,,,0,105,,3641,32,,,0,105,,3642,32,,,0,105,,3643,32,,,0,105,,3644,32,,,0
2500,'EventOn',608,,3673,5,,,0,29,,3648,32,,,0,71,,3677,5,0,21,0,3,,3674,5,0,9,0,1,,3646,32,,,0,10,,3676,5,0,10,0,30,,3649,32,,,0,75,,3647,32,,,0,76,,3650,32,,,0,34,,3651,32,,,0,75,,3652,32,,,0,35,,3653,32,,,0,75,,3654,32,,,0,35,,3655,32,,,0,75,,3656,32,,,0,75,,3657,32,,,0,35,,3658,32,,,0,75,,3659,32,,,0,35,,3660,32,,,0,81,,3661,32,,,0,19,,3680,6,,,0,3,,3679,5,,,0,45,,3678,24,,,0,11,,3662,32,,,0,36,,3663,32,,,0,75,,3664,32,,,0,35,,3665,32,,,0,75,,3666,32,,,0,75,,3667,32,,,0,105,,3668,32,,,0,105,,3669,32,,,0,105,,3670,32,,,0,105,,3671,32,,,0,105,,3672,32,,,0
2500,'KerOffPriveOff',608,,3708,5,,,0,29,,3683,32,,,0,74,,3709,5,0,9,0,1,,3681,32,,,0,10,,3710,5,0,10,0,30,,3684,32,,,0,75,,3682,32,,,0,76,,3685,32,,,0,34,,3686,32,,,0,75,,3687,32,,,0,35,,3688,32,,,0,75,,3689,32,,,0,35,,3690,32,,,0,75,,3691,32,,,0,75,,3692,32,,,0,35,,3693,32,,,0,75,,3694,32,,,0,35,,3695,32,,,0,81,,3696,32,,,0,19,,3712,6,,,0,48,,3711,24,,,0,11,,3697,32,,,0,36,,3698,32,,,0,75,,3699,32,,,0,35,,3700,32,,,0,75,,3701,32,,,0,75,,3702,32,,,0,105,,3703,32,,,0,105,,3704,32,,,0,105,,3705,32,,,0,105,,3706,32,,,0,105,,3707,32,,,0
2500,'Samedi',601,,3725,5,,,0,106,,3713,32,,,0,105,,3719,32,,,0,105,,3726,32,,,0,105,,3714,32,,,0,105,,3720,32,,,0,105,,3727,32,,,0,105,,3715,32,,,0,105,,3721,32,,,0,105,,3728,32,,,0,105,,3716,32,,,0,105,,3722,32,,,0,145,,3729,32,,,0,105,,3717,32,,,0,105,,3723,32,,,0,105,,3730,32,,,0,105,,3718,32,,,0,105,,3724,32,,,0
3080200000,'EventOn',756,,4974,5,,,0
3080200000,'KerOffPriveOff',756,,4975,5,,,0
3080200001,'EventOn',1600,,4976,7,,,0
3080200001,'KerOffPriveOff',1600,,4977,7,,,0
3080400000,'EventOn',805,,4982,25,,,0
3080400000,'KerOffPriveOff',805,,4983,25,,,0
3080400001,'EventOn',1600,,4984,6,,,0
3080400001,'KerOffPriveOff',1600,,4985,6,,,0
