801,'CsRoyOff',633,,1503,34,,,0,80,,1492,34,,,0,35,,1504,34,,,0,81,,1493,34,,,0,74,,1505,34,,,0,34,,1494,34,,,0,75,,1506,34,,,0,35,,1495,34,,,0,75,,1507,34,,,0,36,,1496,34,,,0,75,,1508,34,,,0,75,,1497,34,,,0,35,,1509,34,,,0,75,,1498,34,,,0,35,,1510,34,,,0,80,,1499,34,,,0,77,,1511,34,,,0,37,,1500,34,,,0,77,,1512,34,,,0,34,,1501,34,,,0,74,,1513,34,,,0,74,,1502,34,,,0,34,,1514,34,,,0,104,,1518,34,,,0,105,,1517,34,,,0,105,,1515,34,,,0,105,,1516,34,,,0
801,'CsRoyOffKerOff',633,,1530,34,,,0,80,,1519,34,,,0,35,,1531,34,,,0,81,,1520,34,,,0,74,,1532,34,,,0,34,,1521,34,,,0,75,,1533,34,,,0,35,,1522,34,,,0,75,,1534,34,,,0,36,,1523,34,,,0,75,,1535,34,,,0,75,,1524,34,,,0,35,,1536,34,,,0,75,,1525,34,,,0,35,,1537,34,,,0,80,,1526,34,,,0,77,,1538,34,,,0,37,,1527,34,,,0,77,,1539,34,,,0,34,,1528,34,,,0,74,,1540,34,,,0,74,,1529,34,,,0,34,,1541,34,,,0,104,,1545,34,,,0,105,,1544,34,,,0,105,,1542,34,,,0,105,,1543,34,,,0
801,'Dimanche',903,,1547,34,,,0,105,,1548,34,,,0,105,,1549,34,,,0,104,,1552,34,,,0,105,,1551,34,,,0,105,,1553,34,,,0,105,,1554,34,,,0,105,,1555,34,,,0,105,,1550,34,,,0,105,,1546,34,,,0
801,'EventOff',633,,1567,34,,,0,80,,1556,34,,,0,35,,1568,34,,,0,81,,1557,34,,,0,74,,1569,34,,,0,34,,1558,34,,,0,75,,1570,34,,,0,35,,1559,34,,,0,75,,1571,34,,,0,36,,1560,34,,,0,75,,1572,34,,,0,75,,1561,34,,,0,35,,1573,34,,,0,75,,1562,34,,,0,35,,1574,34,,,0,80,,1563,34,,,0,77,,1575,34,,,0,37,,1564,34,,,0,77,,1576,34,,,0,34,,1565,34,,,0,74,,1577,34,,,0,74,,1566,34,,,0,34,,1578,34,,,0,104,,1582,34,,,0,105,,1581,34,,,0,105,,1579,34,,,0,105,,1580,34,,,0
801,'EventOn',633,,1594,34,,,0,80,,1583,34,,,0,35,,1595,34,,,0,81,,1584,34,,,0,74,,1596,34,,,0,34,,1585,34,,,0,75,,1597,34,,,0,35,,1586,34,,,0,75,,1598,34,,,0,36,,1587,34,,,0,75,,1599,34,,,0,75,,1588,34,,,0,35,,1600,34,,,0,75,,1589,34,,,0,35,,1601,34,,,0,80,,1590,34,,,0,77,,1602,34,,,0,37,,1591,34,,,0,77,,1603,34,,,0,34,,1592,34,,,0,74,,1604,34,,,0,74,,1593,34,,,0,34,,1605,34,,,0,104,,1609,34,,,0,105,,1608,34,,,0,105,,1606,34,,,0,105,,1607,34,,,0
801,'KerOffPriveOff',633,,1621,34,,,0,80,,1610,34,,,0,35,,1622,34,,,0,81,,1611,34,,,0,74,,1623,34,,,0,34,,1612,34,,,0,75,,1624,34,,,0,35,,1613,34,,,0,75,,1625,34,,,0,36,,1614,34,,,0,75,,1626,34,,,0,75,,1615,34,,,0,35,,1627,34,,,0,75,,1616,34,,,0,35,,1628,34,,,0,80,,1617,34,,,0,77,,1629,34,,,0,37,,1618,34,,,0,77,,1630,34,,,0,34,,1619,34,,,0,74,,1631,34,,,0,74,,1620,34,,,0,34,,1632,34,,,0,104,,1636,34,,,0,105,,1635,34,,,0,105,,1633,34,,,0,105,,1634,34,,,0
801,'Samedi',632,,1637,34,,,0,105,,1638,34,,,0,106,,1639,34,,,0,105,,1640,34,,,0,106,,1641,34,,,0,104,,1642,34,,,0,145,,1643,34,,,0,105,,1644,34,,,0,104,,1645,34,,,0,106,,1646,34,,,0,105,,1647,34,,,0,105,,1648,34,,,0,105,,1649,34,,,0,106,,1650,34,,,0,105,,1651,34,,,0,105,,1652,34,,,0,103,,1653,34,,,0
1200,'CsRoyOff',653,,2509,6,,,0,155,,2510,6,,,0,110,,2511,6,,,0,110,,2512,6,,,0,110,,2513,6,,,0,109,,2514,6,,,0,110,,2515,6,,,0,155,,2516,6,,,0,118,,2517,6,,,0,108,,2518,6,,,0,110,,2519,6,,,0,105,,2523,6,,,0,105,,2522,6,,,0,145,,2521,6,,,0,105,,2520,6,,,0,105,,2524,6,,,0
1200,'CsRoyOffKerOff',653,,2526,6,,,0,155,,2527,6,,,0,110,,2528,6,,,0,110,,2529,6,,,0,110,,2530,6,,,0,109,,2531,6,,,0,110,,2532,6,,,0,155,,2533,6,,,0,118,,2534,6,,,0,108,,2535,6,,,0,110,,2536,6,,,0,105,,2540,6,,,0,105,,2539,6,,,0,145,,2538,6,,,0,105,,2537,6,,,0,105,,2541,6,,,0
1200,'Dimanche',918,,2544,6,,,0,105,,2546,6,,,0,105,,2547,6,,,0,105,,2548,6,,,0,104,,2549,6,,,0,105,,2550,6,,,0,105,,2551,6,,,0,106,,2552,6,,,0,105,,2545,6,,,0,145,,2543,6,,,0
1200,'EventOff',653,,2553,6,,,0,155,,2554,6,,,0,110,,2555,6,,,0,110,,2556,6,,,0,110,,2557,6,,,0,109,,2558,6,,,0,110,,2559,6,,,0,155,,2560,6,,,0,118,,2561,6,,,0,108,,2562,6,,,0,110,,2563,6,,,0,105,,2567,6,,,0,105,,2566,6,,,0,145,,2565,6,,,0,105,,2564,6,,,0,105,,2568,6,,,0
1200,'EventOn',653,,2569,6,,,0,155,,2570,6,,,0,110,,2571,6,,,0,110,,2572,6,,,0,110,,2573,6,,,0,109,,2574,6,,,0,110,,2575,6,,,0,155,,2576,6,,,0,118,,2577,6,,,0,108,,2578,6,,,0,110,,2579,6,,,0,105,,2583,6,,,0,105,,2582,6,,,0,145,,2581,6,,,0,105,,2580,6,,,0,105,,2584,6,,,0
1200,'KerOffPriveOff',653,,2586,6,,,0,155,,2587,6,,,0,110,,2588,6,,,0,110,,2589,6,,,0,110,,2590,6,,,0,109,,2591,6,,,0,110,,2592,6,,,0,155,,2593,6,,,0,118,,2594,6,,,0,108,,2595,6,,,0,110,,2596,6,,,0,105,,2600,6,,,0,105,,2599,6,,,0,145,,2598,6,,,0,105,,2597,6,,,0,105,,2601,6,,,0
1200,'Samedi',648,,2602,6,,,0,105,,2603,6,,,0,105,,2604,6,,,0,145,,2605,6,,,0,104,,2606,6,,,0,105,,2607,6,,,0,106,,2608,6,,,0,105,,2609,6,,,0,105,,2610,6,,,0,104,,2611,6,,,0,106,,2612,6,,,0,105,,2613,6,,,0,105,,2614,6,,,0,105,,2615,6,,,0,105,,2616,6,,,0,145,,2617,6,,,0,105,,2618,6,,,0
