1101,'CsRoyOff',616,,2344,2,,,0,40,,2355,2,,,0,58,,2364,2,0,16 17,0,17,,2341,2,,,0,75,,2351,2,,,0,35,,2336,2,,,0,75,,2348,2,,,0,35,,2345,2,,,0,75,,2356,2,,,0,75,,2342,2,,,0,35,,2352,2,,,0,75,,2337,2,,,0,35,,2349,2,,,0,75,,2346,2,,,0,35,,2353,2,,,0,75,,2338,2,,,0,80,,2340,2,,,0,35,,2343,2,,,0,80,,2350,2,,,0,75,,2347,2,,,0,35,,2354,2,,,0,75,,2339,2,,,0,35,,2361,2,,,0,75,,2362,2,,,0,100,,2360,2,,,0,105,,2359,2,,,0,105,,2358,2,,,0,105,,2357,2,,,0
1101,'CsRoyOffKerOff',616,,2373,2,,,0,40,,2384,2,,,0,58,,2393,2,0,16 17,0,17,,2370,2,,,0,75,,2380,2,,,0,35,,2365,2,,,0,75,,2377,2,,,0,35,,2374,2,,,0,75,,2385,2,,,0,75,,2371,2,,,0,35,,2381,2,,,0,75,,2366,2,,,0,35,,2378,2,,,0,75,,2375,2,,,0,35,,2382,2,,,0,75,,2367,2,,,0,80,,2369,2,,,0,35,,2372,2,,,0,80,,2379,2,,,0,75,,2376,2,,,0,35,,2383,2,,,0,75,,2368,2,,,0,35,,2390,2,,,0,75,,2391,2,,,0,100,,2389,2,,,0,105,,2388,2,,,0,105,,2387,2,,,0,105,,2386,2,,,0
1101,'Dimanche',841,,2397,2,,,0,105,,2396,2,,,0,105,,2398,2,,,0,105,,2399,2,,,0,145,,2400,2,,,0,105,,2401,2,,,0,105,,2402,2,,,0,105,,2403,2,,,0,105,,2395,2,,,0,105,,2394,2,,,0
1101,'EventOff',616,,2412,2,,,0,40,,2423,2,,,0,75,,2409,2,,,0,75,,2419,2,,,0,35,,2404,2,,,0,75,,2416,2,,,0,35,,2413,2,,,0,75,,2424,2,,,0,75,,2410,2,,,0,35,,2420,2,,,0,75,,2405,2,,,0,35,,2417,2,,,0,75,,2414,2,,,0,35,,2421,2,,,0,75,,2406,2,,,0,80,,2408,2,,,0,35,,2411,2,,,0,80,,2418,2,,,0,75,,2415,2,,,0,35,,2422,2,,,0,75,,2407,2,,,0,35,,2429,2,,,0,75,,2430,2,,,0,100,,2428,2,,,0,105,,2427,2,,,0,105,,2426,2,,,0,105,,2425,2,,,0
1101,'EventOn',616,,2439,2,,,0,40,,2450,2,,,0,58,,2459,2,0,16 17,0,17,,2436,2,,,0,75,,2446,2,,,0,35,,2431,2,,,0,75,,2443,2,,,0,35,,2440,2,,,0,75,,2451,2,,,0,75,,2437,2,,,0,35,,2447,2,,,0,75,,2432,2,,,0,35,,2444,2,,,0,75,,2441,2,,,0,35,,2448,2,,,0,75,,2433,2,,,0,80,,2435,2,,,0,35,,2438,2,,,0,80,,2445,2,,,0,75,,2442,2,,,0,35,,2449,2,,,0,75,,2434,2,,,0,35,,2456,2,,,0,75,,2457,2,,,0,100,,2455,2,,,0,105,,2454,2,,,0,105,,2453,2,,,0,105,,2452,2,,,0
1101,'KerOffPriveOff',616,,2470,2,,,0,40,,2481,2,,,0,58,,2489,2,0,16 17,0,17,,2467,2,,,0,75,,2477,2,,,0,35,,2462,2,,,0,75,,2474,2,,,0,35,,2471,2,,,0,75,,2482,2,,,0,75,,2468,2,,,0,35,,2478,2,,,0,75,,2463,2,,,0,35,,2475,2,,,0,75,,2472,2,,,0,35,,2479,2,,,0,75,,2464,2,,,0,80,,2466,2,,,0,35,,2469,2,,,0,80,,2476,2,,,0,75,,2473,2,,,0,35,,2480,2,,,0,75,,2465,2,,,0,35,,2487,2,,,0,75,,2488,2,,,0,100,,2486,2,,,0,105,,2485,2,,,0,105,,2484,2,,,0,105,,2483,2,,,0
1101,'Samedi',611,,2500,2,,,0,105,,2492,2,,,0,105,,2501,2,,,0,105,,2493,2,,,0,105,,2502,2,,,0,105,,2494,2,,,0,105,,2503,2,,,0,104,,2495,2,,,0,105,,2504,2,,,0,105,,2496,2,,,0,146,,2505,2,,,0,105,,2497,2,,,0,105,,2506,2,,,0,105,,2498,2,,,0,105,,2507,2,,,0,105,,2499,2,,,0,105,,2508,2,,,0
1601,'CsRoyOff',616,,3244,2,,,0,115,,3229,2,,,0,110,,3230,2,,,0,110,,3231,2,,,0,150,,3232,2,,,0,110,,3233,2,,,0,110,,3234,2,,,0,110,,3235,2,,,0,115,,3236,2,,,0,155,,3237,2,,,0,110,,3238,2,,,0,110,,3239,2,,,0,100,,3240,2,,,0,105,,3241,2,,,0,105,,3243,2,,,0,105,,3242,2,,,0
1601,'CsRoyOffKerOff',616,,3260,2,,,0,115,,3245,2,,,0,110,,3246,2,,,0,110,,3247,2,,,0,150,,3248,2,,,0,110,,3249,2,,,0,110,,3250,2,,,0,110,,3251,2,,,0,115,,3252,2,,,0,155,,3253,2,,,0,110,,3254,2,,,0,110,,3255,2,,,0,100,,3256,2,,,0,105,,3257,2,,,0,105,,3259,2,,,0,105,,3258,2,,,0
1601,'Dimanche',841,,3269,2,,,0,105,,3262,2,,,0,105,,3263,2,,,0,105,,3264,2,,,0,145,,3265,2,,,0,105,,3266,2,,,0,105,,3267,2,,,0,105,,3268,2,,,0,105,,3261,2,,,0,105,,3270,2,,,0
1601,'EventOff',616,,3286,2,,,0,115,,3271,2,,,0,110,,3272,2,,,0,110,,3273,2,,,0,150,,3274,2,,,0,110,,3275,2,,,0,110,,3276,2,,,0,110,,3277,2,,,0,115,,3278,2,,,0,155,,3279,2,,,0,110,,3280,2,,,0,110,,3281,2,,,0,100,,3282,2,,,0,105,,3283,2,,,0,105,,3285,2,,,0,105,,3284,2,,,0
1601,'EventOn',616,,3302,2,,,0,115,,3287,2,,,0,110,,3288,2,,,0,110,,3289,2,,,0,150,,3290,2,,,0,110,,3291,2,,,0,110,,3292,2,,,0,110,,3293,2,,,0,115,,3294,2,,,0,155,,3295,2,,,0,110,,3296,2,,,0,110,,3297,2,,,0,100,,3298,2,,,0,105,,3299,2,,,0,105,,3301,2,,,0,105,,3300,2,,,0
1601,'KerOffPriveOff',616,,3318,2,,,0,115,,3303,2,,,0,110,,3304,2,,,0,110,,3305,2,,,0,150,,3306,2,,,0,110,,3307,2,,,0,110,,3308,2,,,0,110,,3309,2,,,0,115,,3310,2,,,0,155,,3311,2,,,0,110,,3312,2,,,0,110,,3313,2,,,0,100,,3314,2,,,0,105,,3315,2,,,0,105,,3317,2,,,0,105,,3316,2,,,0
1601,'Samedi',611,,3334,2,,,0,105,,3335,2,,,0,105,,3327,2,,,0,105,,3319,2,,,0,105,,3320,2,,,0,105,,3321,2,,,0,105,,3322,2,,,0,104,,3323,2,,,0,105,,3324,2,,,0,105,,3325,2,,,0,146,,3326,2,,,0,105,,3328,2,,,0,105,,3329,2,,,0,105,,3330,2,,,0,105,,3331,2,,,0,105,,3332,2,,,0,105,,3333,2,,,0
