5000,'CsRoyOff',642,,4263,8,,,0,65,,4262,8,,,0,16,,4218,8,,,0,15,,4219,8,,,0,21,,4220,8,,,0,58,,4221,8,,,0,18,,4222,8,,,0,18,,4223,8,,,0,56,,4224,8,,,0,15,,4225,8,,,0,20,,4226,8,,,0,15,,4227,8,,,0,59,,4228,8,,,0,15,,4229,8,,,0,20,,4230,8,,,0,55,,4231,8,,,0,20,,4232,8,,,0,15,,4233,8,,,0,60,,4234,8,,,0,15,,4235,8,,,0,20,,4236,8,,,0,15,,4237,8,,,0,60,,4238,8,,,0,15,,4239,8,,,0,19,,4240,8,,,0,55,,4241,8,,,0,20,,4242,8,,,0,15,,4243,8,,,0,21,,4244,8,,,0,55,,4245,8,,,0,23,,4246,8,,,0,19,,4247,8,,,0,60,,4248,8,,,0,18,,4249,8,,,0,21,,4250,8,,,0,56,,4251,8,,,0,20,,4252,8,,,0,16,,4253,8,,,0,58,,4254,8,,,0,16,,4255,8,,,0,19,,4256,8,,,0,15,,4257,8,,,0,168,,4258,8,,,0,105,,4259,8,,,0,105,,4260,8,,,0,105,,4261,8,,,0
5000,'CsRoyOffKerOff',642,,4309,8,,,0,65,,4308,8,,,0,16,,4264,8,,,0,15,,4265,8,,,0,21,,4266,8,,,0,58,,4267,8,,,0,18,,4268,8,,,0,18,,4269,8,,,0,56,,4270,8,,,0,15,,4271,8,,,0,20,,4272,8,,,0,15,,4273,8,,,0,59,,4274,8,,,0,15,,4275,8,,,0,20,,4276,8,,,0,55,,4277,8,,,0,20,,4278,8,,,0,15,,4279,8,,,0,60,,4280,8,,,0,15,,4281,8,,,0,20,,4282,8,,,0,15,,4283,8,,,0,60,,4284,8,,,0,15,,4285,8,,,0,19,,4286,8,,,0,55,,4287,8,,,0,20,,4288,8,,,0,15,,4289,8,,,0,21,,4290,8,,,0,55,,4291,8,,,0,23,,4292,8,,,0,19,,4293,8,,,0,60,,4294,8,,,0,18,,4295,8,,,0,21,,4296,8,,,0,56,,4297,8,,,0,20,,4298,8,,,0,16,,4299,8,,,0,58,,4300,8,,,0,16,,4301,8,,,0,19,,4302,8,,,0,15,,4303,8,,,0,168,,4304,8,,,0,105,,4305,8,,,0,105,,4306,8,,,0,105,,4307,8,,,0
5000,'Dimanche',946,,4310,8,,,0,105,,4313,8,,,0,105,,4315,8,,,0,145,,4314,8,,,0,105,,4316,8,,,0,105,,4317,8,,,0,106,,4318,8,,,0,105,,4311,8,,,0,105,,4312,8,,,0
5000,'EventOff',642,,4364,8,,,0,65,,4363,8,,,0,16,,4319,8,,,0,15,,4320,8,,,0,21,,4321,8,,,0,58,,4322,8,,,0,18,,4323,8,,,0,18,,4324,8,,,0,56,,4325,8,,,0,15,,4326,8,,,0,20,,4327,8,,,0,15,,4328,8,,,0,59,,4329,8,,,0,15,,4330,8,,,0,20,,4331,8,,,0,55,,4332,8,,,0,20,,4333,8,,,0,15,,4334,8,,,0,60,,4335,8,,,0,15,,4336,8,,,0,20,,4337,8,,,0,15,,4338,8,,,0,60,,4339,8,,,0,15,,4340,8,,,0,19,,4341,8,,,0,55,,4342,8,,,0,20,,4343,8,,,0,15,,4344,8,,,0,21,,4345,8,,,0,55,,4346,8,,,0,23,,4347,8,,,0,19,,4348,8,,,0,60,,4349,8,,,0,18,,4350,8,,,0,21,,4351,8,,,0,56,,4352,8,,,0,20,,4353,8,,,0,16,,4354,8,,,0,58,,4355,8,,,0,16,,4356,8,,,0,19,,4357,8,,,0,15,,4358,8,,,0,168,,4359,8,,,0,105,,4360,8,,,0,105,,4361,8,,,0,105,,4362,8,,,0
5000,'EventOn',642,,4410,8,,,0,65,,4409,8,,,0,16,,4365,8,,,0,15,,4366,8,,,0,21,,4367,8,,,0,58,,4368,8,,,0,18,,4369,8,,,0,18,,4370,8,,,0,56,,4371,8,,,0,15,,4372,8,,,0,20,,4373,8,,,0,15,,4374,8,,,0,59,,4375,8,,,0,15,,4376,8,,,0,20,,4377,8,,,0,55,,4378,8,,,0,20,,4379,8,,,0,15,,4380,8,,,0,60,,4381,8,,,0,15,,4382,8,,,0,20,,4383,8,,,0,15,,4384,8,,,0,60,,4385,8,,,0,15,,4386,8,,,0,19,,4387,8,,,0,55,,4388,8,,,0,20,,4389,8,,,0,15,,4390,8,,,0,21,,4391,8,,,0,55,,4392,8,,,0,23,,4393,8,,,0,19,,4394,8,,,0,60,,4395,8,,,0,18,,4396,8,,,0,21,,4397,8,,,0,56,,4398,8,,,0,20,,4399,8,,,0,16,,4400,8,,,0,58,,4401,8,,,0,16,,4402,8,,,0,19,,4403,8,,,0,15,,4404,8,,,0,168,,4405,8,,,0,105,,4406,8,,,0,105,,4407,8,,,0,105,,4408,8,,,0
5000,'KerOffPriveOff',642,,4456,8,,,0,65,,4455,8,,,0,16,,4411,8,,,0,15,,4412,8,,,0,21,,4413,8,,,0,58,,4414,8,,,0,18,,4415,8,,,0,18,,4416,8,,,0,56,,4417,8,,,0,15,,4418,8,,,0,20,,4419,8,,,0,15,,4420,8,,,0,59,,4421,8,,,0,15,,4422,8,,,0,20,,4423,8,,,0,55,,4424,8,,,0,20,,4425,8,,,0,15,,4426,8,,,0,60,,4427,8,,,0,15,,4428,8,,,0,20,,4429,8,,,0,15,,4430,8,,,0,60,,4431,8,,,0,15,,4432,8,,,0,19,,4433,8,,,0,55,,4434,8,,,0,20,,4435,8,,,0,15,,4436,8,,,0,21,,4437,8,,,0,55,,4438,8,,,0,23,,4439,8,,,0,19,,4440,8,,,0,60,,4441,8,,,0,18,,4442,8,,,0,21,,4443,8,,,0,56,,4444,8,,,0,20,,4445,8,,,0,16,,4446,8,,,0,58,,4447,8,,,0,16,,4448,8,,,0,19,,4449,8,,,0,15,,4450,8,,,0,168,,4451,8,,,0,105,,4452,8,,,0,105,,4453,8,,,0,105,,4454,8,,,0
5000,'Samedi',716,,4464,8,,,0,106,,4463,8,,,0,104,,4462,8,,,0,105,,4461,8,,,0,105,,4469,8,,,0,105,,4468,8,,,0,105,,4467,8,,,0,105,,4466,8,,,0,106,,4465,8,,,0,145,,4472,8,,,0,105,,4470,8,,,0,105,,4471,8,,,0,105,,4457,8,,,0,105,,4458,8,,,0,105,,4459,8,,,0,105,,4460,8,,,0
6001,'CsRoyOff',611,,4678,9,,,0,34,,4652,33,,,0,73,,4663,33,,,0,82,,4653,33,,,0,34,,4664,33,,,0,72,,4654,33,,,0,36,,4665,33,,,0,74,,4655,33,,,0,35,,4666,33,,,0,75,,4656,33,,,0,75,,4667,33,,,0,35,,4657,33,,,0,73,,4668,33,,,0,35,,4658,33,,,0,67,,4669,33,,,0,40,,4679,33,,,0,71,,4659,33,,,0,84,,4670,33,,,0,30,,4660,33,,,0,78,,4671,33,,,0,36,,4661,33,,,0,75,,4672,33,,,0,29,,4662,33,,,0,153,,4675,33,,,0,105,,4677,33,,,0,105,,4676,33,,,0,105,,4674,33,,,0,103,,4673,33,,,0
6001,'CsRoyOffKerOff',611,,4706,9,,,0,34,,4680,33,,,0,73,,4691,33,,,0,82,,4681,33,,,0,34,,4692,33,,,0,72,,4682,33,,,0,36,,4693,33,,,0,74,,4683,33,,,0,35,,4694,33,,,0,75,,4684,33,,,0,75,,4695,33,,,0,35,,4685,33,,,0,73,,4696,33,,,0,35,,4686,33,,,0,67,,4697,33,,,0,40,,4707,33,,,0,71,,4687,33,,,0,84,,4698,33,,,0,30,,4688,33,,,0,78,,4699,33,,,0,36,,4689,33,,,0,75,,4700,33,,,0,29,,4690,33,,,0,153,,4703,33,,,0,105,,4705,33,,,0,105,,4704,33,,,0,105,,4702,33,,,0,103,,4701,33,,,0
6001,'Dimanche',932,,4708,33,,,0,104,,4710,33,,,0,106,,4711,33,,,0,105,,4713,33,,,0,107,,4714,33,,,0,103,,4715,33,,,0,145,,4716,33,,,0,104,,4717,33,,,0,106,,4712,33,,,0,105,,4709,33,,,0
6001,'EventOff',611,,4744,9,,,0,34,,4718,33,,,0,73,,4729,33,,,0,82,,4719,33,,,0,34,,4730,33,,,0,72,,4720,33,,,0,36,,4731,33,,,0,74,,4721,33,,,0,35,,4732,33,,,0,75,,4722,33,,,0,75,,4733,33,,,0,35,,4723,33,,,0,73,,4734,33,,,0,35,,4724,33,,,0,67,,4735,33,,,0,40,,4745,33,,,0,71,,4725,33,,,0,84,,4736,33,,,0,30,,4726,33,,,0,78,,4737,33,,,0,36,,4727,33,,,0,75,,4738,33,,,0,29,,4728,33,,,0,153,,4741,33,,,0,105,,4743,33,,,0,105,,4742,33,,,0,105,,4740,33,,,0,103,,4739,33,,,0
6001,'EventOn',611,,4772,9,,,0,34,,4746,33,,,0,73,,4757,33,,,0,82,,4747,33,,,0,34,,4758,33,,,0,72,,4748,33,,,0,36,,4759,33,,,0,74,,4749,33,,,0,35,,4760,33,,,0,75,,4750,33,,,0,75,,4761,33,,,0,35,,4751,33,,,0,73,,4762,33,,,0,35,,4752,33,,,0,67,,4763,33,,,0,40,,4773,33,,,0,71,,4753,33,,,0,84,,4764,33,,,0,30,,4754,33,,,0,78,,4765,33,,,0,36,,4755,33,,,0,75,,4766,33,,,0,29,,4756,33,,,0,153,,4769,33,,,0,105,,4771,33,,,0,105,,4770,33,,,0,105,,4768,33,,,0,103,,4767,33,,,0
6001,'KerOffPriveOff',611,,4803,9,,,0,34,,4777,33,,,0,73,,4788,33,,,0,82,,4778,33,,,0,34,,4789,33,,,0,72,,4779,33,,,0,36,,4790,33,,,0,74,,4780,33,,,0,35,,4791,33,,,0,75,,4781,33,,,0,75,,4792,33,,,0,35,,4782,33,,,0,73,,4793,33,,,0,35,,4783,33,,,0,67,,4794,33,,,0,40,,4804,33,,,0,71,,4784,33,,,0,84,,4795,33,,,0,30,,4785,33,,,0,78,,4796,33,,,0,36,,4786,33,,,0,75,,4797,33,,,0,29,,4787,33,,,0,153,,4800,33,,,0,105,,4802,33,,,0,105,,4801,33,,,0,105,,4799,33,,,0,103,,4798,33,,,0
6001,'Samedi',702,,4813,33,,,0,105,,4819,33,,,0,105,,4808,33,,,0,105,,4814,33,,,0,106,,4820,33,,,0,105,,4809,33,,,0,106,,4815,33,,,0,105,,4821,33,,,0,105,,4810,33,,,0,103,,4816,33,,,0,105,,4822,33,,,0,105,,4811,33,,,0,145,,4817,33,,,0,105,,4823,33,,,0,105,,4812,33,,,0,105,,4818,33,,,0,105,,4824,33,,,0
111800501,'CsRoyOff',800,,4941,27,,,0
111800501,'EventOn',800,,4944,27,,,0
