601,'CsRoyOff',621,,1181,30,,,0,35,,1159,36,,,0,76,,1182,36,,,0,6,,1154,36,,,0,74,,1165,36,,,0,36,,1171,36,,,0,74,,1158,36,,,0,35,,1160,36,,,0,75,,1155,36,,,0,75,,1166,36,,,0,35,,1172,36,,,0,75,,1164,36,,,0,35,,1161,36,,,0,75,,1156,36,,,0,75,,1167,36,,,0,35,,1173,36,,,0,81,,1170,36,,,0,30,,1183,21,,,0,7,,1162,36,,,0,77,,1157,36,,,0,75,,1168,36,,,0,34,,1174,36,,,0,75,,1169,36,,,0,35,,1163,36,,,0,79,,1179,36,,,0,100,,1178,36,,,0,105,,1177,36,,,0,105,,1176,36,,,0,105,,1175,36,,,0,100,,1180,36,,,0
601,'CsRoyOffKerOff',621,,1211,30,,,0,35,,1189,36,,,0,76,,1212,36,,,0,6,,1184,36,,,0,74,,1195,36,,,0,36,,1201,36,,,0,74,,1188,36,,,0,35,,1190,36,,,0,75,,1185,36,,,0,75,,1196,36,,,0,35,,1202,36,,,0,75,,1194,36,,,0,35,,1191,36,,,0,75,,1186,36,,,0,75,,1197,36,,,0,35,,1203,36,,,0,81,,1200,36,,,0,37,,1192,36,,,0,77,,1187,36,,,0,75,,1198,36,,,0,34,,1204,36,,,0,75,,1199,36,,,0,35,,1193,36,,,0,79,,1209,36,,,0,100,,1208,36,,,0,105,,1207,36,,,0,105,,1206,36,,,0,105,,1205,36,,,0,100,,1210,36,,,0
601,'Dimanche',848,,1215,36,,,0,105,,1214,36,,,0,106,,1219,36,,,0,145,,1218,36,,,0,105,,1220,36,,,0,105,,1221,36,,,0,105,,1222,36,,,0,105,,1223,36,,,0,105,,1217,36,,,0,104,,1216,36,,,0,101,,1213,36,,,0
601,'EventOff',621,,1251,30,,,0,35,,1229,36,,,0,82,,1224,36,,,0,74,,1235,36,,,0,36,,1241,36,,,0,74,,1228,36,,,0,35,,1230,36,,,0,75,,1225,36,,,0,75,,1236,36,,,0,35,,1242,36,,,0,75,,1234,36,,,0,35,,1231,36,,,0,75,,1226,36,,,0,75,,1237,36,,,0,35,,1243,36,,,0,81,,1240,36,,,0,37,,1232,36,,,0,77,,1227,36,,,0,75,,1238,36,,,0,34,,1244,36,,,0,75,,1239,36,,,0,35,,1233,36,,,0,79,,1249,36,,,0,100,,1248,36,,,0,105,,1247,36,,,0,105,,1246,36,,,0,105,,1245,36,,,0,100,,1250,36,,,0
601,'EventOn',621,,1279,30,,,0,35,,1257,36,,,0,76,,1280,36,,,0,6,,1252,36,,,0,74,,1263,36,,,0,36,,1269,36,,,0,74,,1256,36,,,0,35,,1258,36,,,0,75,,1253,36,,,0,75,,1264,36,,,0,35,,1270,36,,,0,75,,1262,36,,,0,35,,1259,36,,,0,75,,1254,36,,,0,75,,1265,36,,,0,35,,1271,36,,,0,81,,1268,36,,,0,30,,1281,21,,,0,7,,1260,36,,,0,58,,1282,36,,,0,19,,1255,36,,,0,75,,1266,36,,,0,34,,1272,36,,,0,75,,1267,36,,,0,35,,1261,36,,,0,79,,1277,36,,,0,100,,1276,36,,,0,105,,1275,36,,,0,105,,1274,36,,,0,105,,1273,36,,,0,100,,1278,36,,,0
601,'KerOffPriveOff',621,,1310,30,,,0,35,,1288,36,,,0,82,,1283,36,,,0,74,,1294,36,,,0,36,,1300,36,,,0,74,,1287,36,,,0,35,,1289,36,,,0,75,,1284,36,,,0,75,,1295,36,,,0,35,,1301,36,,,0,75,,1293,36,,,0,35,,1290,36,,,0,75,,1285,36,,,0,75,,1296,36,,,0,35,,1302,36,,,0,81,,1299,36,,,0,37,,1291,36,,,0,58,,1311,36,,,0,19,,1286,36,,,0,75,,1297,36,,,0,34,,1303,36,,,0,75,,1298,36,,,0,35,,1292,36,,,0,79,,1308,36,,,0,100,,1307,36,,,0,105,,1306,36,,,0,105,,1305,36,,,0,105,,1304,36,,,0,100,,1309,36,,,0
601,'Samedi',619,,1328,30,,,0,105,,1312,36,,,0,105,,1320,36,,,0,106,,1313,36,,,0,105,,1321,36,,,0,105,,1314,36,,,0,105,,1322,36,,,0,104,,1315,36,,,0,104,,1323,36,,,0,145,,1316,36,,,0,106,,1324,36,,,0,105,,1317,36,,,0,105,,1325,36,,,0,105,,1318,36,,,0,105,,1326,36,,,0,105,,1319,36,,,0,105,,1327,36,,,0,97,,1329,36,,,0
8901,'CsRoyOff',2029,,4880,40,,,0,105,,4879,40,,,0,105,,4878,40,,,0,105,,4877,40,,,0
8901,'CsRoyOffKerOff',2029,,4884,40,,,0,105,,4883,40,,,0,105,,4882,40,,,0,105,,4881,40,,,0
8901,'Dimanche',848,,4886,40,,,0,105,,4888,40,,,0,106,,4890,40,,,0,145,,4891,40,,,0,105,,4892,40,,,0,105,,4893,40,,,0,105,,4894,40,,,0,105,,4895,40,,,0,105,,4885,40,,,0,104,,4889,40,,,0,101,,4887,40,,,0
8901,'EventOff',2029,,4899,40,,,0,105,,4898,40,,,0,105,,4897,40,,,0,105,,4896,40,,,0
8901,'EventOn',2029,,4903,40,,,0,105,,4902,40,,,0,105,,4901,40,,,0,105,,4900,40,,,0
8901,'KerOffPriveOff',2029,,4907,40,,,0,105,,4906,40,,,0,105,,4905,40,,,0,105,,4904,40,,,0
8901,'Samedi',724,,4916,40,,,0,105,,4908,40,,,0,106,,4917,40,,,0,105,,4909,40,,,0,105,,4918,40,,,0,105,,4910,40,,,0,104,,4919,40,,,0,105,,4911,40,,,0,145,,4920,40,,,0,106,,4912,40,,,0,104,,4921,40,,,0,105,,4913,40,,,0,105,,4922,40,,,0,105,,4914,40,,,0,105,,4923,40,,,0,105,,4915,40,,,0
160900100,'EventOn',1555,,4946,20,,,0
160900100,'KerOffPriveOff',1555,,4947,20,,,0
