600,'CsRoyOff',630,,1014,29,,,0,27,,1003,39,,,0,81,,995,39,,,0,75,,988,39,,,0,32,,999,39,,,0,73,,1005,39,,,0,35,,994,39,,,0,76,,996,39,,,0,75,,989,39,,,0,35,,1000,39,,,0,75,,1006,39,,,0,35,,992,39,,,0,75,,997,39,,,0,35,,990,39,,,0,76,,1001,39,,,0,76,,1007,39,,,0,40,,1004,39,,,0,76,,998,39,,,0,79,,991,39,,,0,34,,1002,39,,,0,75,,1008,39,,,0,34,,993,39,,,0,107,,1010,39,,,0,101,,1013,39,,,0,145,,1012,39,,,0,107,,1011,39,,,0,103,,1009,39,,,0
600,'CsRoyOffKerOff',630,,1042,29,,,0,27,,1031,39,,,0,81,,1023,39,,,0,75,,1016,39,,,0,32,,1027,39,,,0,73,,1033,39,,,0,35,,1022,39,,,0,76,,1024,39,,,0,75,,1017,39,,,0,35,,1028,39,,,0,75,,1034,39,,,0,35,,1020,39,,,0,75,,1025,39,,,0,35,,1018,39,,,0,76,,1029,39,,,0,76,,1035,39,,,0,40,,1032,39,,,0,76,,1026,39,,,0,79,,1019,39,,,0,34,,1030,39,,,0,75,,1036,39,,,0,34,,1021,39,,,0,107,,1038,39,,,0,101,,1041,39,,,0,145,,1040,39,,,0,107,,1039,39,,,0,103,,1037,39,,,0
600,'Dimanche',916,,1044,39,,,0,105,,1047,39,,,0,106,,1046,39,,,0,106,,1048,39,,,0,105,,1049,39,,,0,105,,1050,39,,,0,105,,1051,39,,,0,105,,1052,39,,,0,105,,1043,39,,,0,143,,1045,39,,,0
600,'EventOff',630,,1079,29,,,0,27,,1068,39,,,0,81,,1060,39,,,0,75,,1053,39,,,0,32,,1064,39,,,0,73,,1070,39,,,0,35,,1059,39,,,0,76,,1061,39,,,0,75,,1054,39,,,0,35,,1065,39,,,0,75,,1071,39,,,0,35,,1057,39,,,0,75,,1062,39,,,0,35,,1055,39,,,0,76,,1066,39,,,0,76,,1072,39,,,0,40,,1069,39,,,0,76,,1063,39,,,0,79,,1056,39,,,0,34,,1067,39,,,0,75,,1073,39,,,0,34,,1058,39,,,0,107,,1075,39,,,0,101,,1078,39,,,0,145,,1077,39,,,0,107,,1076,39,,,0,103,,1074,39,,,0
600,'EventOn',630,,1106,29,,,0,27,,1095,39,,,0,81,,1087,39,,,0,75,,1108,29,,,0,32,,1091,39,,,0,73,,1097,39,,,0,35,,1086,39,,,0,76,,1088,39,,,0,75,,1081,39,,,0,35,,1092,39,,,0,75,,1098,39,,,0,35,,1084,39,,,0,75,,1089,39,,,0,35,,1082,39,,,0,76,,1093,39,,,0,76,,1099,39,,,0,40,,1096,39,,,0,76,,1090,39,,,0,79,,1083,39,,,0,34,,1094,39,,,0,75,,1100,39,,,0,34,,1085,39,,,0,107,,1102,39,,,0,101,,1105,39,,,0,145,,1104,39,,,0,107,,1103,39,,,0,103,,1101,39,,,0
600,'KerOffPriveOff',630,,1135,29,,,0,27,,1124,39,,,0,81,,1116,39,,,0,75,,1136,29,,,0,32,,1120,39,,,0,73,,1126,39,,,0,35,,1115,39,,,0,76,,1117,39,,,0,75,,1110,39,,,0,35,,1121,39,,,0,75,,1127,39,,,0,35,,1113,39,,,0,75,,1118,39,,,0,35,,1111,39,,,0,76,,1122,39,,,0,76,,1128,39,,,0,40,,1125,39,,,0,76,,1119,39,,,0,79,,1112,39,,,0,34,,1123,39,,,0,75,,1129,39,,,0,34,,1114,39,,,0,107,,1131,39,,,0,101,,1134,39,,,0,145,,1133,39,,,0,107,,1132,39,,,0,103,,1130,39,,,0
600,'Samedi',649,,1137,39,,,0,103,,1146,39,,,0,105,,1138,39,,,0,147,,1147,39,,,0,105,,1139,39,,,0,105,,1148,39,,,0,105,,1140,39,,,0,104,,1149,39,,,0,105,,1141,39,,,0,105,,1150,39,,,0,106,,1142,39,,,0,104,,1151,39,,,0,104,,1143,39,,,0,105,,1152,39,,,0,105,,1144,39,,,0,145,,1153,39,,,0,105,,1145,39,,,0
901,'CsRoyOff',630,,1744,42,,,0,25,,1758,42,,,0,78,,1745,42,,,0,79,,1757,42,,,0,34,,1746,42,,,0,75,,1759,42,,,0,35,,1747,42,,,0,150,,1748,42,,,0,111,,1749,42,,,0,109,,1750,42,,,0,113,,1751,42,,,0,76,,1756,42,,,0,36,,1752,42,,,0,79,,1755,42,,,0,77,,1753,42,,,0,37,,1760,42,,,0,74,,1754,42,,,0,110,,1761,42,,,0
901,'CsRoyOffKerOff',630,,1764,42,,,0,25,,1778,42,,,0,78,,1765,42,,,0,79,,1777,42,,,0,34,,1766,42,,,0,75,,1779,42,,,0,35,,1767,42,,,0,150,,1768,42,,,0,111,,1769,42,,,0,109,,1770,42,,,0,113,,1771,42,,,0,76,,1776,42,,,0,36,,1772,42,,,0,79,,1775,42,,,0,77,,1773,42,,,0,37,,1780,42,,,0,74,,1774,42,,,0,110,,1781,42,,,0
901,'EventOff',630,,1783,42,,,0,25,,1797,42,,,0,78,,1784,42,,,0,79,,1796,42,,,0,34,,1785,42,,,0,75,,1798,42,,,0,35,,1786,42,,,0,150,,1787,42,,,0,111,,1788,42,,,0,109,,1789,42,,,0,113,,1790,42,,,0,76,,1795,42,,,0,36,,1791,42,,,0,79,,1794,42,,,0,77,,1792,42,,,0,37,,1799,42,,,0,74,,1793,42,,,0,110,,1800,42,,,0
901,'EventOn',630,,1801,42,,,0,25,,1815,42,,,0,78,,1802,42,,,0,79,,1814,42,,,0,34,,1803,42,,,0,75,,1816,42,,,0,35,,1804,42,,,0,150,,1805,42,,,0,111,,1806,42,,,0,109,,1807,42,,,0,113,,1808,42,,,0,76,,1813,42,,,0,36,,1809,42,,,0,79,,1812,42,,,0,77,,1810,42,,,0,37,,1817,42,,,0,74,,1811,42,,,0,110,,1818,42,,,0
901,'KerOffPriveOff',630,,1821,42,,,0,25,,1835,42,,,0,78,,1822,42,,,0,79,,1834,42,,,0,34,,1823,42,,,0,75,,1836,42,,,0,35,,1824,42,,,0,150,,1825,42,,,0,111,,1826,42,,,0,109,,1827,42,,,0,113,,1828,42,,,0,76,,1833,42,,,0,36,,1829,42,,,0,79,,1832,42,,,0,77,,1830,42,,,0,37,,1837,42,,,0,74,,1831,42,,,0,110,,1838,42,,,0
160900101,'EventOn',748,,4948,20,,,0
160900101,'KerOffPriveOff',748,,4949,20,,,0
