5190100000,'EventOn',821,,4986,15,4,,0
5190100000,'KerOffPriveOff',821,,4987,15,4,,0
5190100001,'EventOn',1530,,4988,1,,,0
5190100001,'KerOffPriveOff',1530,,4989,1,,,0
5190200001,'EventOn',1530,,4990,1,,,0
5190200001,'KerOffPriveOff',1530,,4991,1,,,0
5190300000,'EventOn',818,,4992,9,4,,0
5190300000,'KerOffPriveOff',818,,4993,9,4,,0
5190300001,'EventOn',1600,,4994,1,,,0
5190300001,'KerOffPriveOff',1600,,4995,1,,,0
5190400000,'EventOn',822,,4996,2,4,,0
5190400000,'KerOffPriveOff',822,,4997,2,4,,0
