1300,'CsRoyOff',623,,2737,15,,,0,35,,2726,15,,,0,83,,2743,15,,,0,74,,2732,15,,,0,35,,2738,15,,,0,74,,2727,15,,,0,35,,2744,15,,,0,75,,2733,15,,,0,75,,2739,15,,,0,35,,2728,15,,,0,75,,2745,15,,,0,35,,2734,15,,,0,75,,2740,15,,,0,75,,2729,15,,,0,35,,2746,15,,,0,80,,2735,15,,,0,38,,2741,15,,,0,77,,2730,15,,,0,75,,2747,15,,,0,34,,2736,15,,,0,75,,2742,15,,,0,35,,2731,15,,,0,105,,2752,15,,,0,145,,2751,15,,,0,105,,2750,15,,,0,105,,2749,15,,,0,105,,2748,15,,,0
1300,'CsRoyOffKerOff',623,,2764,15,,,0,35,,2753,15,,,0,83,,2770,15,,,0,74,,2759,15,,,0,35,,2765,15,,,0,74,,2754,15,,,0,35,,2771,15,,,0,75,,2760,15,,,0,75,,2766,15,,,0,35,,2755,15,,,0,75,,2772,15,,,0,35,,2761,15,,,0,75,,2767,15,,,0,75,,2756,15,,,0,35,,2773,15,,,0,80,,2762,15,,,0,38,,2768,15,,,0,77,,2757,15,,,0,75,,2774,15,,,0,34,,2763,15,,,0,75,,2769,15,,,0,35,,2758,15,,,0,105,,2779,15,,,0,145,,2778,15,,,0,105,,2777,15,,,0,105,,2776,15,,,0,105,,2775,15,,,0
1300,'Dimanche',923,,2783,15,,,0,105,,2784,15,,,0,105,,2785,15,,,0,105,,2786,15,,,0,105,,2787,15,,,0,105,,2788,15,,,0,105,,2789,15,,,0,105,,2782,15,,,0,145,,2780,15,,,0,105,,2781,15,,,0
1300,'EventOff',623,,2801,15,,,0,35,,2790,15,,,0,83,,2807,15,,,0,74,,2796,15,,,0,35,,2802,15,,,0,74,,2791,15,,,0,35,,2808,15,,,0,75,,2797,15,,,0,75,,2803,15,,,0,35,,2792,15,,,0,75,,2809,15,,,0,35,,2798,15,,,0,75,,2804,15,,,0,75,,2793,15,,,0,35,,2810,15,,,0,80,,2799,15,,,0,38,,2805,15,,,0,77,,2794,15,,,0,75,,2811,15,,,0,34,,2800,15,,,0,75,,2806,15,,,0,35,,2795,15,,,0,105,,2816,15,,,0,145,,2815,15,,,0,105,,2814,15,,,0,105,,2813,15,,,0,105,,2812,15,,,0
1300,'EventOn',623,,2828,15,,,0,35,,2817,15,,,0,83,,2834,15,,,0,74,,2823,15,,,0,35,,2829,15,,,0,74,,2818,15,,,0,35,,2835,15,,,0,75,,2824,15,,,0,75,,2830,15,,,0,35,,2819,15,,,0,75,,2836,15,,,0,35,,2825,15,,,0,75,,2831,15,,,0,75,,2820,15,,,0,35,,2837,15,,,0,80,,2826,15,,,0,38,,2832,15,,,0,52,,2846,15,,,0,25,,2821,15,,,0,75,,2838,15,,,0,34,,2827,15,,,0,75,,2833,15,,,0,35,,2822,15,,,0,105,,2843,15,,,0,145,,2842,15,,,0,105,,2841,15,,,0,105,,2840,15,,,0,105,,2839,15,,,0
1300,'KerOffPriveOff',623,,2858,15,,,0,35,,2847,15,,,0,83,,2864,15,,,0,74,,2853,15,,,0,35,,2859,15,,,0,74,,2848,15,,,0,35,,2865,15,,,0,75,,2854,15,,,0,75,,2860,15,,,0,35,,2849,15,,,0,75,,2866,15,,,0,35,,2855,15,,,0,75,,2861,15,,,0,75,,2850,15,,,0,35,,2867,15,,,0,80,,2856,15,,,0,38,,2862,15,,,0,52,,2876,15,,,0,25,,2851,15,,,0,75,,2868,15,,,0,34,,2857,15,,,0,75,,2863,15,,,0,35,,2852,15,,,0,105,,2873,15,,,0,145,,2872,15,,,0,105,,2871,15,,,0,105,,2870,15,,,0,105,,2869,15,,,0
1300,'Samedi',653,,2885,15,,,0,105,,2877,15,,,0,145,,2886,15,,,0,105,,2878,15,,,0,105,,2887,15,,,0,105,,2879,15,,,0,105,,2888,15,,,0,105,,2880,15,,,0,105,,2889,15,,,0,105,,2881,15,,,0,105,,2890,15,,,0,105,,2882,15,,,0,105,,2891,15,,,0,105,,2883,15,,,0,145,,2892,15,,,0,105,,2884,15,,,0,105,,2893,15,,,0
2500,'CsRoyOff',621,,3548,8,,,0,35,,3546,8,,,0,80,,3549,8,,,0,75,,3547,8,,,0,36,,3550,8,,,0,74,,3551,8,,,0,35,,3552,8,,,0,75,,3553,8,,,0,75,,3554,8,,,0,35,,3555,8,,,0,75,,3556,8,,,0,35,,3557,8,,,0,75,,3558,8,,,0,75,,3559,8,,,0,35,,3560,8,,,0,80,,3561,8,,,0,38,,3562,8,,,0,77,,3563,8,,,0,75,,3564,8,,,0,35,,3565,8,,,0,75,,3566,8,,,0,35,,3567,8,,,0,105,,3568,8,,,0,145,,3569,8,,,0,105,,3570,8,,,0,105,,3571,8,,,0,105,,3572,8,,,0
2500,'CsRoyOffKerOff',621,,3579,8,,,0,35,,3577,8,,,0,80,,3580,8,,,0,75,,3578,8,,,0,36,,3581,8,,,0,74,,3582,8,,,0,35,,3583,8,,,0,75,,3584,8,,,0,75,,3585,8,,,0,35,,3586,8,,,0,75,,3587,8,,,0,35,,3588,8,,,0,75,,3589,8,,,0,75,,3590,8,,,0,35,,3591,8,,,0,80,,3592,8,,,0,38,,3593,8,,,0,77,,3594,8,,,0,75,,3595,8,,,0,35,,3596,8,,,0,75,,3597,8,,,0,35,,3598,8,,,0,105,,3599,8,,,0,145,,3600,8,,,0,105,,3601,8,,,0,105,,3602,8,,,0,105,,3603,8,,,0
2500,'Dimanche',921,,3610,8,,,0,105,,3611,8,,,0,105,,3612,8,,,0,105,,3613,8,,,0,105,,3614,8,,,0,105,,3615,8,,,0,105,,3616,8,,,0,105,,3608,8,,,0,145,,3609,8,,,0,105,,3607,8,,,0
2500,'EventOff',621,,3620,8,,,0,35,,3618,8,,,0,80,,3621,8,,,0,75,,3619,8,,,0,36,,3622,8,,,0,74,,3623,8,,,0,35,,3624,8,,,0,75,,3625,8,,,0,75,,3626,8,,,0,35,,3627,8,,,0,75,,3628,8,,,0,35,,3629,8,,,0,75,,3630,8,,,0,75,,3631,8,,,0,35,,3632,8,,,0,80,,3633,8,,,0,38,,3634,8,,,0,77,,3635,8,,,0,75,,3636,8,,,0,35,,3637,8,,,0,75,,3638,8,,,0,35,,3639,8,,,0,105,,3640,8,,,0,145,,3641,8,,,0,105,,3642,8,,,0,105,,3643,8,,,0,105,,3644,8,,,0
2500,'EventOn',621,,3648,8,,,0,35,,3646,8,,,0,80,,3649,8,,,0,75,,3647,8,,,0,36,,3650,8,,,0,74,,3651,8,,,0,35,,3652,8,,,0,75,,3653,8,,,0,75,,3654,8,,,0,35,,3655,8,,,0,75,,3656,8,,,0,35,,3657,8,,,0,75,,3658,8,,,0,75,,3659,8,,,0,35,,3660,8,,,0,80,,3661,8,,,0,38,,3662,8,,,0,77,,3663,8,,,0,75,,3664,8,,,0,35,,3665,8,,,0,75,,3666,8,,,0,35,,3667,8,,,0,105,,3668,8,,,0,145,,3669,8,,,0,105,,3670,8,,,0,105,,3671,8,,,0,105,,3672,8,,,0
2500,'KerOffPriveOff',621,,3683,8,,,0,35,,3681,8,,,0,80,,3684,8,,,0,75,,3682,8,,,0,36,,3685,8,,,0,74,,3686,8,,,0,35,,3687,8,,,0,75,,3688,8,,,0,75,,3689,8,,,0,35,,3690,8,,,0,75,,3691,8,,,0,35,,3692,8,,,0,75,,3693,8,,,0,75,,3694,8,,,0,35,,3695,8,,,0,80,,3696,8,,,0,38,,3697,8,,,0,77,,3698,8,,,0,75,,3699,8,,,0,35,,3700,8,,,0,75,,3701,8,,,0,35,,3702,8,,,0,105,,3703,8,,,0,145,,3704,8,,,0,105,,3705,8,,,0,105,,3706,8,,,0,105,,3707,8,,,0
2500,'Samedi',651,,3713,8,,,0,105,,3719,8,,,0,145,,3726,8,,,0,105,,3714,8,,,0,105,,3720,8,,,0,105,,3727,8,,,0,105,,3715,8,,,0,105,,3721,8,,,0,105,,3728,8,,,0,105,,3716,8,,,0,105,,3722,8,,,0,105,,3729,8,,,0,105,,3717,8,,,0,105,,3723,8,,,0,145,,3730,8,,,0,105,,3718,8,,,0,105,,3724,8,,,0
