1400,'CsRoyOff',641,,3062,15,,,0,70,,3063,15,,,0,30,,3061,15,,,0,100,,3060,15,,,0
1400,'CsRoyOffKerOff',641,,3069,15,,,0,70,,3070,15,,,0,30,,3068,15,,,0,100,,3067,15,,,0
1400,'EventOff',641,,3076,15,,,0,70,,3077,15,,,0,30,,3075,15,,,0,100,,3074,15,,,0
1400,'EventOn',641,,3083,15,,,0,70,,3084,15,,,0,30,,3082,15,,,0,100,,3081,15,,,0
1400,'KerOffPriveOff',641,,3090,15,,,0,70,,3091,15,,,0,30,,3089,15,,,0,100,,3088,15,,,0
1401,'CsRoyOff',1549,,3094,12,,,0,100,,3093,12,,,0,99,,3092,12,,,0
1401,'CsRoyOffKerOff',1549,,3100,12,,,0,100,,3099,12,,,0,99,,3098,12,,,0
1401,'EventOff',1549,,3106,12,,,0,100,,3105,12,,,0,99,,3104,12,,,0
1401,'EventOn',1549,,3112,12,,,0,100,,3111,12,,,0,99,,3110,12,,,0
1401,'KerOffPriveOff',1549,,3118,12,,,0,100,,3117,12,,,0,99,,3116,12,,,0
