1601,'CsRoyOff',640,,3244,29,,,0,115,,3229,29,,,0,150,,3230,29,,,0,110,,3231,29,,,0,110,,3232,29,,,0,110,,3233,29,,,0,110,,3234,29,,,0,110,,3235,29,,,0,156,,3236,29,,,0,116,,3237,29,,,0,109,,3238,29,,,0,107,,3239,29,,,0,100,,3240,29,,,0,105,,3241,29,,,0,105,,3243,29,,,0,105,,3242,29,,,0
1601,'CsRoyOffKerOff',640,,3260,29,,,0,115,,3245,29,,,0,150,,3246,29,,,0,110,,3247,29,,,0,110,,3248,29,,,0,110,,3249,29,,,0,110,,3250,29,,,0,110,,3251,29,,,0,156,,3252,29,,,0,116,,3253,29,,,0,109,,3254,29,,,0,107,,3255,29,,,0,100,,3256,29,,,0,105,,3257,29,,,0,105,,3259,29,,,0,105,,3258,29,,,0
1601,'Dimanche',904,,3269,29,,,0,105,,3262,29,,,0,105,,3263,29,,,0,105,,3264,29,,,0,105,,3265,29,,,0,105,,3266,29,,,0,106,,3267,29,,,0,105,,3268,29,,,0,104,,3261,29,,,0,105,,3270,29,,,0
1601,'EventOff',640,,3286,29,,,0,115,,3271,29,,,0,150,,3272,29,,,0,110,,3273,29,,,0,110,,3274,29,,,0,110,,3275,29,,,0,110,,3276,29,,,0,110,,3277,29,,,0,156,,3278,29,,,0,116,,3279,29,,,0,109,,3280,29,,,0,107,,3281,29,,,0,100,,3282,29,,,0,105,,3283,29,,,0,105,,3285,29,,,0,105,,3284,29,,,0
1601,'EventOn',640,,3302,29,,,0,115,,3287,29,,,0,150,,3288,29,,,0,110,,3289,29,,,0,110,,3290,29,,,0,110,,3291,29,,,0,110,,3292,29,,,0,110,,3293,29,,,0,156,,3294,29,,,0,116,,3295,29,,,0,109,,3296,29,,,0,107,,3297,29,,,0,100,,3298,29,,,0,105,,3299,29,,,0,105,,3301,29,,,0,105,,3300,29,,,0
1601,'KerOffPriveOff',640,,3318,29,,,0,115,,3303,29,,,0,150,,3304,29,,,0,110,,3305,29,,,0,110,,3306,29,,,0,110,,3307,29,,,0,110,,3308,29,,,0,110,,3309,29,,,0,156,,3310,29,,,0,116,,3311,29,,,0,109,,3312,29,,,0,107,,3313,29,,,0,100,,3314,29,,,0,105,,3315,29,,,0,105,,3317,29,,,0,105,,3316,29,,,0
1601,'Samedi',634,,3334,29,,,0,105,,3335,29,,,0,105,,3327,29,,,0,105,,3319,29,,,0,105,,3320,29,,,0,105,,3321,29,,,0,145,,3322,29,,,0,104,,3323,29,,,0,105,,3324,29,,,0,105,,3325,29,,,0,106,,3326,29,,,0,105,,3328,29,,,0,105,,3329,29,,,0,105,,3330,29,,,0,105,,3331,29,,,0,105,,3332,29,,,0,105,,3333,29,,,0
2501,'CsRoyOff',624,,3731,17,,,0,34,,3733,17,,,0,79,,3732,17,,,0,77,,3734,17,,,0,34,,3752,17,,,0,74,,3735,17,,,0,35,,3736,17,,,0,75,,3737,17,,,0,75,,3738,17,,,0,35,,3739,17,,,0,75,,3740,17,,,0,35,,3741,17,,,0,75,,3742,17,,,0,75,,3743,17,,,0,35,,3744,17,,,0,78,,3745,17,,,0,21,,3758,12,0,7 8,0,18,,3746,17,,,0,78,,3747,17,,,0,76,,3748,17,,,0,35,,3749,17,,,0,75,,3750,17,,,0,33,,3751,17,,,0,75,,3753,17,,,0,104,,3754,17,,,0,105,,3755,17,,,0,105,,3756,17,,,0,105,,3757,17,,,0
2501,'CsRoyOffKerOff',624,,3759,17,,,0,34,,3761,17,,,0,79,,3760,17,,,0,77,,3762,17,,,0,34,,3780,17,,,0,74,,3763,17,,,0,35,,3764,17,,,0,75,,3765,17,,,0,75,,3766,17,,,0,35,,3767,17,,,0,75,,3768,17,,,0,35,,3769,17,,,0,75,,3770,17,,,0,75,,3771,17,,,0,35,,3772,17,,,0,78,,3773,17,,,0,39,,3774,17,,,0,78,,3775,17,,,0,76,,3776,17,,,0,35,,3777,17,,,0,75,,3778,17,,,0,33,,3779,17,,,0,75,,3781,17,,,0,104,,3782,17,,,0,105,,3783,17,,,0,105,,3784,17,,,0,105,,3785,17,,,0
2501,'Dimanche',850,,3788,17,,,0,105,,3789,17,,,0,145,,3790,17,,,0,105,,3791,17,,,0,105,,3792,17,,,0,105,,3793,17,,,0,105,,3794,17,,,0,105,,3795,17,,,0,105,,3787,17,,,0,105,,3786,17,,,0
2501,'EventOff',624,,3796,17,,,0,34,,3798,17,,,0,79,,3797,17,,,0,77,,3799,17,,,0,34,,3817,17,,,0,74,,3800,17,,,0,35,,3801,17,,,0,75,,3802,17,,,0,75,,3803,17,,,0,35,,3804,17,,,0,75,,3805,17,,,0,35,,3806,17,,,0,75,,3807,17,,,0,75,,3808,17,,,0,35,,3809,17,,,0,78,,3810,17,,,0,39,,3811,17,,,0,78,,3812,17,,,0,76,,3813,17,,,0,35,,3814,17,,,0,75,,3815,17,,,0,33,,3816,17,,,0,75,,3818,17,,,0,104,,3819,17,,,0,105,,3820,17,,,0,105,,3821,17,,,0,105,,3822,17,,,0
2501,'EventOn',624,,3823,17,,,0,34,,3825,17,,,0,71,,3850,17,0,9,0,8,,3824,17,,,0,12,,3851,17,0,10,0,65,,3826,17,,,0,34,,3844,17,,,0,74,,3827,17,,,0,35,,3828,17,,,0,75,,3829,17,,,0,75,,3830,17,,,0,35,,3831,17,,,0,75,,3832,17,,,0,35,,3833,17,,,0,75,,3834,17,,,0,75,,3835,17,,,0,35,,3836,17,,,0,78,,3837,17,,,0,21,,3852,12,0,7 8,0,18,,3838,17,,,0,78,,3839,17,,,0,76,,3840,17,,,0,35,,3841,17,,,0,75,,3842,17,,,0,33,,3843,17,,,0,75,,3845,17,,,0,104,,3846,17,,,0,105,,3847,17,,,0,105,,3848,17,,,0,105,,3849,17,,,0
2501,'KerOffPriveOff',624,,3853,17,,,0,34,,3855,17,,,0,71,,3880,17,0,9,0,8,,3854,17,,,0,12,,3881,17,0,10,0,65,,3856,17,,,0,34,,3874,17,,,0,74,,3857,17,,,0,35,,3858,17,,,0,75,,3859,17,,,0,75,,3860,17,,,0,35,,3861,17,,,0,75,,3862,17,,,0,35,,3863,17,,,0,75,,3864,17,,,0,75,,3865,17,,,0,35,,3866,17,,,0,78,,3867,17,,,0,39,,3868,17,,,0,78,,3869,17,,,0,76,,3870,17,,,0,35,,3871,17,,,0,75,,3872,17,,,0,33,,3873,17,,,0,75,,3875,17,,,0,104,,3876,17,,,0,105,,3877,17,,,0,105,,3878,17,,,0,105,,3879,17,,,0
2501,'Samedi',620,,3893,17,,,0,104,,3882,17,,,0,105,,3888,17,,,0,105,,3894,17,,,0,105,,3883,17,,,0,105,,3889,17,,,0,105,,3895,17,,,0,105,,3884,17,,,0,105,,3890,17,,,0,145,,3896,17,,,0,105,,3885,17,,,0,105,,3891,17,,,0,105,,3897,17,,,0,105,,3886,17,,,0,105,,3892,17,,,0,105,,3898,17,,,0,105,,3887,17,,,0
