900,'CsRoyOff',650,,1654,14,0,20,0,79,,1668,14,0,20,0,75,,1655,14,0,20,0,36,,1665,14,0,20,0,75,,1656,14,0,20,0,35,,1669,14,0,20,0,75,,1657,14,0,20,0,111,,1658,14,0,20,0,110,,1659,14,0,20,0,111,,1660,14,0,20,0,75,,1666,14,0,20,0,76,,1661,14,0,20,0,39,,1667,14,0,20,0,63,,1672,2,0,5,0,2,,1671,5,,,0,12,,1662,14,0,20,0,77,,1670,14,0,20,0,36,,1663,14,0,20,0,107,,1664,14,0,20,0
900,'CsRoyOffKerOff',650,,1673,14,0,20,0,79,,1687,14,0,20,0,75,,1674,14,0,20,0,36,,1684,14,0,20,0,75,,1675,14,0,20,0,35,,1688,14,0,20,0,75,,1676,14,0,20,0,111,,1677,14,0,20,0,110,,1678,14,0,20,0,111,,1679,14,0,20,0,75,,1685,14,0,20,0,76,,1680,14,0,20,0,39,,1686,14,0,20,0,63,,1690,2,0,5,0,14,,1681,14,0,20,0,77,,1689,14,0,20,0,36,,1682,14,0,20,0,107,,1683,14,0,20,0
900,'EventOff',650,,1691,14,0,20,0,79,,1705,14,0,20,0,75,,1692,14,0,20,0,36,,1702,14,0,20,0,75,,1693,14,0,20,0,35,,1706,14,0,20,0,75,,1694,14,0,20,0,111,,1695,14,0,20,0,110,,1696,14,0,20,0,111,,1697,14,0,20,0,75,,1703,14,0,20,0,76,,1698,14,0,20,0,39,,1704,14,0,20,0,77,,1699,14,0,20,0,77,,1707,14,0,20,0,36,,1700,14,0,20,0,107,,1701,14,0,20,0
900,'EventOn',650,,1708,14,0,20,0,79,,1722,14,0,20,0,75,,1709,14,0,20,0,36,,1719,14,0,20,0,75,,1710,14,0,20,0,35,,1723,14,0,20,0,75,,1711,14,0,20,0,111,,1712,14,0,20,0,110,,1713,14,0,20,0,111,,1714,14,0,20,0,75,,1720,14,0,20,0,76,,1715,14,0,20,0,39,,1721,14,0,20,0,63,,1726,2,0,5,0,2,,1725,5,,,0,12,,1716,14,0,20,0,77,,1724,14,0,20,0,36,,1717,14,0,20,0,107,,1718,14,0,20,0
900,'KerOffPriveOff',650,,1727,14,0,20,0,79,,1741,14,0,20,0,75,,1728,14,0,20,0,36,,1738,14,0,20,0,75,,1729,14,0,20,0,35,,1742,14,0,20,0,75,,1730,14,0,20,0,111,,1731,14,0,20,0,110,,1732,14,0,20,0,111,,1733,14,0,20,0,75,,1739,14,0,20,0,76,,1734,14,0,20,0,39,,1740,14,0,20,0,77,,1735,14,0,20,0,77,,1743,14,0,20,0,36,,1736,14,0,20,0,107,,1737,14,0,20,0
8900,'CsRoyOff',1944,,4827,15,,,0,100,,4829,15,,,0,105,,4828,15,,,0,107,,4826,15,,,0,103,,4825,15,,,0
8900,'CsRoyOffKerOff',1944,,4832,15,,,0,100,,4834,15,,,0,105,,4833,15,,,0,107,,4831,15,,,0,103,,4830,15,,,0
8900,'Dimanche',903,,4836,15,,,0,105,,4838,15,,,0,106,,4839,15,,,0,105,,4840,15,,,0,105,,4842,15,,,0,105,,4841,15,,,0,105,,4843,15,,,0,105,,4844,15,,,0,105,,4835,15,,,0,104,,4837,15,,,0
8900,'EventOff',1944,,4847,15,,,0,100,,4849,15,,,0,105,,4848,15,,,0,107,,4846,15,,,0,103,,4845,15,,,0
8900,'EventOn',1944,,4852,15,,,0,100,,4854,15,,,0,105,,4853,15,,,0,107,,4851,15,,,0,103,,4850,15,,,0
8900,'KerOffPriveOff',1944,,4857,15,,,0,100,,4859,15,,,0,105,,4858,15,,,0,107,,4856,15,,,0,103,,4855,15,,,0
8900,'Samedi',636,,4876,15,,,0,103,,4860,15,,,0,105,,4868,15,,,0,107,,4861,15,,,0,105,,4869,15,,,0,145,,4862,15,,,0,105,,4870,15,,,0,104,,4863,15,,,0,104,,4871,15,,,0,106,,4864,15,,,0,106,,4872,15,,,0,104,,4865,15,,,0,105,,4873,15,,,0,105,,4866,15,,,0,104,,4874,15,,,0,105,,4867,15,,,0,105,,4875,15,,,0
