600,'CsRoyOff',627,,1014,27,,,0,27,,1003,37,,,0,81,,995,37,,,0,75,,988,37,,,0,33,,999,37,,,0,73,,1005,37,,,0,35,,994,37,,,0,75,,996,37,,,0,75,,989,37,,,0,35,,1000,37,,,0,75,,1006,37,,,0,35,,992,37,,,0,75,,997,37,,,0,35,,990,37,,,0,76,,1001,37,,,0,76,,1007,37,,,0,40,,1004,37,,,0,76,,998,37,,,0,79,,991,37,,,0,34,,1002,37,,,0,75,,1008,37,,,0,34,,993,37,,,0,108,,1010,37,,,0,100,,1013,37,,,0,105,,1012,37,,,0,147,,1011,37,,,0,103,,1009,37,,,0
600,'CsRoyOffKerOff',627,,1042,27,,,0,27,,1031,37,,,0,81,,1023,37,,,0,75,,1016,37,,,0,33,,1027,37,,,0,73,,1033,37,,,0,35,,1022,37,,,0,75,,1024,37,,,0,75,,1017,37,,,0,35,,1028,37,,,0,75,,1034,37,,,0,35,,1020,37,,,0,75,,1025,37,,,0,35,,1018,37,,,0,76,,1029,37,,,0,76,,1035,37,,,0,40,,1032,37,,,0,76,,1026,37,,,0,79,,1019,37,,,0,34,,1030,37,,,0,75,,1036,37,,,0,34,,1021,37,,,0,108,,1038,37,,,0,100,,1041,37,,,0,105,,1040,37,,,0,147,,1039,37,,,0,103,,1037,37,,,0
600,'Dimanche',913,,1044,37,,,0,105,,1047,37,,,0,106,,1046,37,,,0,106,,1048,37,,,0,105,,1049,37,,,0,105,,1050,37,,,0,105,,1051,37,,,0,105,,1052,37,,,0,105,,1043,37,,,0,103,,1045,37,,,0
600,'EventOff',627,,1079,27,,,0,27,,1068,37,,,0,81,,1060,37,,,0,75,,1053,37,,,0,33,,1064,37,,,0,73,,1070,37,,,0,35,,1059,37,,,0,75,,1061,37,,,0,75,,1054,37,,,0,35,,1065,37,,,0,75,,1071,37,,,0,35,,1057,37,,,0,75,,1062,37,,,0,35,,1055,37,,,0,76,,1066,37,,,0,76,,1072,37,,,0,40,,1069,37,,,0,76,,1063,37,,,0,79,,1056,37,,,0,34,,1067,37,,,0,75,,1073,37,,,0,34,,1058,37,,,0,108,,1075,37,,,0,100,,1078,37,,,0,105,,1077,37,,,0,147,,1076,37,,,0,103,,1074,37,,,0
600,'EventOn',627,,1106,27,,,0,27,,1095,37,,,0,81,,1087,37,,,0,75,,1108,27,,,0,33,,1091,37,,,0,73,,1097,37,,,0,35,,1086,37,,,0,75,,1088,37,,,0,75,,1081,37,,,0,35,,1092,37,,,0,75,,1098,37,,,0,35,,1084,37,,,0,75,,1089,37,,,0,35,,1082,37,,,0,76,,1093,37,,,0,76,,1099,37,,,0,40,,1096,37,,,0,76,,1090,37,,,0,79,,1083,37,,,0,34,,1094,37,,,0,75,,1100,37,,,0,34,,1085,37,,,0,108,,1102,37,,,0,100,,1105,37,,,0,105,,1104,37,,,0,147,,1103,37,,,0,103,,1101,37,,,0
600,'KerOffPriveOff',627,,1135,27,,,0,27,,1124,37,,,0,81,,1116,37,,,0,75,,1136,27,,,0,33,,1120,37,,,0,73,,1126,37,,,0,35,,1115,37,,,0,75,,1117,37,,,0,75,,1110,37,,,0,35,,1121,37,,,0,75,,1127,37,,,0,35,,1113,37,,,0,75,,1118,37,,,0,35,,1111,37,,,0,76,,1122,37,,,0,76,,1128,37,,,0,40,,1125,37,,,0,76,,1119,37,,,0,79,,1112,37,,,0,34,,1123,37,,,0,75,,1129,37,,,0,34,,1114,37,,,0,108,,1131,37,,,0,100,,1134,37,,,0,105,,1133,37,,,0,147,,1132,37,,,0,103,,1130,37,,,0
600,'Samedi',646,,1137,37,,,0,103,,1146,37,,,0,105,,1138,37,,,0,147,,1147,37,,,0,105,,1139,37,,,0,105,,1148,37,,,0,105,,1140,37,,,0,104,,1149,37,,,0,105,,1141,37,,,0,105,,1150,37,,,0,106,,1142,37,,,0,104,,1151,37,,,0,104,,1143,37,,,0,105,,1152,37,,,0,105,,1144,37,,,0,105,,1153,37,,,0,145,,1145,37,,,0
901,'CsRoyOff',628,,1744,40,,,0,25,,1758,40,,,0,78,,1745,40,,,0,79,,1757,40,,,0,34,,1746,40,,,0,75,,1759,40,,,0,35,,1747,40,,,0,150,,1748,40,,,0,111,,1749,40,,,0,109,,1750,40,,,0,112,,1751,40,,,0,76,,1756,40,,,0,36,,1752,40,,,0,79,,1755,40,,,0,77,,1753,40,,,0,37,,1760,40,,,0,75,,1754,40,,,0,110,,1761,40,,,0
901,'CsRoyOffKerOff',628,,1764,40,,,0,25,,1778,40,,,0,78,,1765,40,,,0,79,,1777,40,,,0,34,,1766,40,,,0,75,,1779,40,,,0,35,,1767,40,,,0,150,,1768,40,,,0,111,,1769,40,,,0,109,,1770,40,,,0,112,,1771,40,,,0,76,,1776,40,,,0,36,,1772,40,,,0,79,,1775,40,,,0,77,,1773,40,,,0,37,,1780,40,,,0,75,,1774,40,,,0,110,,1781,40,,,0
901,'EventOff',628,,1783,40,,,0,25,,1797,40,,,0,78,,1784,40,,,0,79,,1796,40,,,0,34,,1785,40,,,0,75,,1798,40,,,0,35,,1786,40,,,0,150,,1787,40,,,0,111,,1788,40,,,0,109,,1789,40,,,0,112,,1790,40,,,0,76,,1795,40,,,0,36,,1791,40,,,0,79,,1794,40,,,0,77,,1792,40,,,0,37,,1799,40,,,0,75,,1793,40,,,0,110,,1800,40,,,0
901,'EventOn',628,,1801,40,,,0,25,,1815,40,,,0,78,,1802,40,,,0,79,,1814,40,,,0,34,,1803,40,,,0,75,,1816,40,,,0,35,,1804,40,,,0,150,,1805,40,,,0,111,,1806,40,,,0,109,,1807,40,,,0,112,,1808,40,,,0,76,,1813,40,,,0,36,,1809,40,,,0,79,,1812,40,,,0,77,,1810,40,,,0,37,,1817,40,,,0,75,,1811,40,,,0,110,,1818,40,,,0
901,'KerOffPriveOff',628,,1821,40,,,0,25,,1835,40,,,0,78,,1822,40,,,0,79,,1834,40,,,0,34,,1823,40,,,0,75,,1836,40,,,0,35,,1824,40,,,0,150,,1825,40,,,0,111,,1826,40,,,0,109,,1827,40,,,0,112,,1828,40,,,0,76,,1833,40,,,0,36,,1829,40,,,0,79,,1832,40,,,0,77,,1830,40,,,0,37,,1837,40,,,0,75,,1831,40,,,0,110,,1838,40,,,0
160900101,'EventOn',746,,4948,18,,,0
160900101,'KerOffPriveOff',746,,4949,18,,,0
