1101,'CsRoyOff',618,,2344,5,,,0,40,,2355,5,,,0,58,,2364,5,0,16 17,0,17,,2341,5,,,0,75,,2351,5,,,0,35,,2336,5,,,0,75,,2348,5,,,0,35,,2345,5,,,0,75,,2356,5,,,0,75,,2342,5,,,0,35,,2352,5,,,0,75,,2337,5,,,0,35,,2349,5,,,0,75,,2346,5,,,0,35,,2353,5,,,0,75,,2338,5,,,0,80,,2340,5,,,0,35,,2343,5,,,0,80,,2350,5,,,0,75,,2347,5,,,0,35,,2354,5,,,0,75,,2339,5,,,0,34,,2361,5,,,0,75,,2362,5,,,0,100,,2360,5,,,0,105,,2359,5,,,0,105,,2358,5,,,0,105,,2357,5,,,0
1101,'CsRoyOffKerOff',618,,2373,5,,,0,40,,2384,5,,,0,58,,2393,5,0,16 17,0,17,,2370,5,,,0,75,,2380,5,,,0,35,,2365,5,,,0,75,,2377,5,,,0,35,,2374,5,,,0,75,,2385,5,,,0,75,,2371,5,,,0,35,,2381,5,,,0,75,,2366,5,,,0,35,,2378,5,,,0,75,,2375,5,,,0,35,,2382,5,,,0,75,,2367,5,,,0,80,,2369,5,,,0,35,,2372,5,,,0,80,,2379,5,,,0,75,,2376,5,,,0,35,,2383,5,,,0,75,,2368,5,,,0,34,,2390,5,,,0,75,,2391,5,,,0,100,,2389,5,,,0,105,,2388,5,,,0,105,,2387,5,,,0,105,,2386,5,,,0
1101,'Dimanche',842,,2397,5,,,0,105,,2396,5,,,0,105,,2398,5,,,0,105,,2399,5,,,0,145,,2400,5,,,0,105,,2401,5,,,0,105,,2402,5,,,0,105,,2403,5,,,0,105,,2395,5,,,0,105,,2394,5,,,0
1101,'EventOff',618,,2412,5,,,0,40,,2423,5,,,0,75,,2409,5,,,0,75,,2419,5,,,0,35,,2404,5,,,0,75,,2416,5,,,0,35,,2413,5,,,0,75,,2424,5,,,0,75,,2410,5,,,0,35,,2420,5,,,0,75,,2405,5,,,0,35,,2417,5,,,0,75,,2414,5,,,0,35,,2421,5,,,0,75,,2406,5,,,0,80,,2408,5,,,0,35,,2411,5,,,0,80,,2418,5,,,0,75,,2415,5,,,0,35,,2422,5,,,0,75,,2407,5,,,0,34,,2429,5,,,0,75,,2430,5,,,0,100,,2428,5,,,0,105,,2427,5,,,0,105,,2426,5,,,0,105,,2425,5,,,0
1101,'EventOn',618,,2439,5,,,0,40,,2450,5,,,0,58,,2459,5,0,16 17,0,17,,2436,5,,,0,75,,2446,5,,,0,35,,2431,5,,,0,75,,2443,5,,,0,35,,2440,5,,,0,75,,2451,5,,,0,75,,2437,5,,,0,35,,2447,5,,,0,75,,2432,5,,,0,35,,2444,5,,,0,75,,2441,5,,,0,35,,2448,5,,,0,75,,2433,5,,,0,80,,2435,5,,,0,35,,2438,5,,,0,80,,2445,5,,,0,75,,2442,5,,,0,35,,2449,5,,,0,75,,2434,5,,,0,34,,2456,5,,,0,75,,2457,5,,,0,100,,2455,5,,,0,105,,2454,5,,,0,105,,2453,5,,,0,105,,2452,5,,,0
1101,'KerOffPriveOff',618,,2470,5,,,0,40,,2481,5,,,0,58,,2489,5,0,16 17,0,17,,2467,5,,,0,75,,2477,5,,,0,35,,2462,5,,,0,75,,2474,5,,,0,35,,2471,5,,,0,75,,2482,5,,,0,75,,2468,5,,,0,35,,2478,5,,,0,75,,2463,5,,,0,35,,2475,5,,,0,75,,2472,5,,,0,35,,2479,5,,,0,75,,2464,5,,,0,80,,2466,5,,,0,35,,2469,5,,,0,80,,2476,5,,,0,75,,2473,5,,,0,35,,2480,5,,,0,75,,2465,5,,,0,34,,2487,5,,,0,75,,2488,5,,,0,100,,2486,5,,,0,105,,2485,5,,,0,105,,2484,5,,,0,105,,2483,5,,,0
1101,'Samedi',612,,2500,5,,,0,105,,2492,5,,,0,105,,2501,5,,,0,105,,2493,5,,,0,105,,2502,5,,,0,105,,2494,5,,,0,105,,2503,5,,,0,104,,2495,5,,,0,105,,2504,5,,,0,105,,2496,5,,,0,146,,2505,5,,,0,105,,2497,5,,,0,105,,2506,5,,,0,105,,2498,5,,,0,105,,2507,5,,,0,105,,2499,5,,,0,105,,2508,5,,,0
1601,'CsRoyOff',617,,3244,5,,,0,115,,3229,5,,,0,110,,3230,5,,,0,110,,3231,5,,,0,150,,3232,5,,,0,110,,3233,5,,,0,110,,3234,5,,,0,110,,3235,5,,,0,115,,3236,5,,,0,155,,3237,5,,,0,110,,3238,5,,,0,110,,3239,5,,,0,100,,3240,5,,,0,105,,3241,5,,,0,105,,3243,5,,,0,105,,3242,5,,,0
1601,'CsRoyOffKerOff',617,,3260,5,,,0,115,,3245,5,,,0,110,,3246,5,,,0,110,,3247,5,,,0,150,,3248,5,,,0,110,,3249,5,,,0,110,,3250,5,,,0,110,,3251,5,,,0,115,,3252,5,,,0,155,,3253,5,,,0,110,,3254,5,,,0,110,,3255,5,,,0,100,,3256,5,,,0,105,,3257,5,,,0,105,,3259,5,,,0,105,,3258,5,,,0
1601,'Dimanche',842,,3269,5,,,0,105,,3262,5,,,0,105,,3263,5,,,0,105,,3264,5,,,0,145,,3265,5,,,0,105,,3266,5,,,0,105,,3267,5,,,0,105,,3268,5,,,0,105,,3261,5,,,0,105,,3270,5,,,0
1601,'EventOff',617,,3286,5,,,0,115,,3271,5,,,0,110,,3272,5,,,0,110,,3273,5,,,0,150,,3274,5,,,0,110,,3275,5,,,0,110,,3276,5,,,0,110,,3277,5,,,0,115,,3278,5,,,0,155,,3279,5,,,0,110,,3280,5,,,0,110,,3281,5,,,0,100,,3282,5,,,0,105,,3283,5,,,0,105,,3285,5,,,0,105,,3284,5,,,0
1601,'EventOn',617,,3302,5,,,0,115,,3287,5,,,0,110,,3288,5,,,0,110,,3289,5,,,0,150,,3290,5,,,0,110,,3291,5,,,0,110,,3292,5,,,0,110,,3293,5,,,0,115,,3294,5,,,0,155,,3295,5,,,0,110,,3296,5,,,0,110,,3297,5,,,0,100,,3298,5,,,0,105,,3299,5,,,0,105,,3301,5,,,0,105,,3300,5,,,0
1601,'KerOffPriveOff',617,,3318,5,,,0,115,,3303,5,,,0,110,,3304,5,,,0,110,,3305,5,,,0,150,,3306,5,,,0,110,,3307,5,,,0,110,,3308,5,,,0,110,,3309,5,,,0,115,,3310,5,,,0,155,,3311,5,,,0,110,,3312,5,,,0,110,,3313,5,,,0,100,,3314,5,,,0,105,,3315,5,,,0,105,,3317,5,,,0,105,,3316,5,,,0
1601,'Samedi',612,,3334,5,,,0,105,,3335,5,,,0,105,,3327,5,,,0,105,,3319,5,,,0,105,,3320,5,,,0,105,,3321,5,,,0,105,,3322,5,,,0,104,,3323,5,,,0,105,,3324,5,,,0,105,,3325,5,,,0,146,,3326,5,,,0,105,,3328,5,,,0,105,,3329,5,,,0,105,,3330,5,,,0,105,,3331,5,,,0,105,,3332,5,,,0,105,,3333,5,,,0
