900,'CsRoyOff',650,,1654,13,0,20,0,79,,1668,13,0,20,0,75,,1655,13,0,20,0,36,,1665,13,0,20,0,75,,1656,13,0,20,0,35,,1669,13,0,20,0,75,,1657,13,0,20,0,111,,1658,13,0,20,0,110,,1659,13,0,20,0,111,,1660,13,0,20,0,75,,1666,13,0,20,0,76,,1661,13,0,20,0,39,,1667,13,0,20,0,63,,1672,1,0,5,0,2,,1671,4,,,0,12,,1662,13,0,20,0,77,,1670,13,0,20,0,36,,1663,13,0,20,0,107,,1664,13,0,20,0
900,'CsRoyOffKerOff',650,,1673,13,0,20,0,79,,1687,13,0,20,0,75,,1674,13,0,20,0,36,,1684,13,0,20,0,75,,1675,13,0,20,0,35,,1688,13,0,20,0,75,,1676,13,0,20,0,111,,1677,13,0,20,0,110,,1678,13,0,20,0,111,,1679,13,0,20,0,75,,1685,13,0,20,0,76,,1680,13,0,20,0,39,,1686,13,0,20,0,63,,1690,1,0,5,0,14,,1681,13,0,20,0,77,,1689,13,0,20,0,36,,1682,13,0,20,0,107,,1683,13,0,20,0
900,'EventOff',650,,1691,13,0,20,0,79,,1705,13,0,20,0,75,,1692,13,0,20,0,36,,1702,13,0,20,0,75,,1693,13,0,20,0,35,,1706,13,0,20,0,75,,1694,13,0,20,0,111,,1695,13,0,20,0,110,,1696,13,0,20,0,111,,1697,13,0,20,0,75,,1703,13,0,20,0,76,,1698,13,0,20,0,39,,1704,13,0,20,0,77,,1699,13,0,20,0,77,,1707,13,0,20,0,36,,1700,13,0,20,0,107,,1701,13,0,20,0
900,'EventOn',650,,1708,13,0,20,0,79,,1722,13,0,20,0,75,,1709,13,0,20,0,36,,1719,13,0,20,0,75,,1710,13,0,20,0,35,,1723,13,0,20,0,75,,1711,13,0,20,0,111,,1712,13,0,20,0,110,,1713,13,0,20,0,111,,1714,13,0,20,0,75,,1720,13,0,20,0,76,,1715,13,0,20,0,39,,1721,13,0,20,0,63,,1726,1,0,5,0,2,,1725,4,,,0,12,,1716,13,0,20,0,77,,1724,13,0,20,0,36,,1717,13,0,20,0,107,,1718,13,0,20,0
900,'KerOffPriveOff',650,,1727,13,0,20,0,79,,1741,13,0,20,0,75,,1728,13,0,20,0,36,,1738,13,0,20,0,75,,1729,13,0,20,0,35,,1742,13,0,20,0,75,,1730,13,0,20,0,111,,1731,13,0,20,0,110,,1732,13,0,20,0,111,,1733,13,0,20,0,75,,1739,13,0,20,0,76,,1734,13,0,20,0,39,,1740,13,0,20,0,77,,1735,13,0,20,0,77,,1743,13,0,20,0,36,,1736,13,0,20,0,107,,1737,13,0,20,0
8900,'CsRoyOff',1944,,4827,14,,,0,100,,4829,14,,,0,105,,4828,14,,,0,107,,4826,14,,,0,103,,4825,14,,,0
8900,'CsRoyOffKerOff',1944,,4832,14,,,0,100,,4834,14,,,0,105,,4833,14,,,0,107,,4831,14,,,0,103,,4830,14,,,0
8900,'Dimanche',903,,4836,14,,,0,105,,4838,14,,,0,106,,4839,14,,,0,105,,4840,14,,,0,105,,4842,14,,,0,105,,4841,14,,,0,105,,4843,14,,,0,105,,4844,14,,,0,105,,4835,14,,,0,104,,4837,14,,,0
8900,'EventOff',1944,,4847,14,,,0,100,,4849,14,,,0,105,,4848,14,,,0,107,,4846,14,,,0,103,,4845,14,,,0
8900,'EventOn',1944,,4852,14,,,0,100,,4854,14,,,0,105,,4853,14,,,0,107,,4851,14,,,0,103,,4850,14,,,0
8900,'KerOffPriveOff',1944,,4857,14,,,0,100,,4859,14,,,0,105,,4858,14,,,0,107,,4856,14,,,0,103,,4855,14,,,0
8900,'Samedi',636,,4876,14,,,0,103,,4860,14,,,0,105,,4868,14,,,0,107,,4861,14,,,0,105,,4869,14,,,0,145,,4862,14,,,0,105,,4870,14,,,0,104,,4863,14,,,0,104,,4871,14,,,0,106,,4864,14,,,0,106,,4872,14,,,0,104,,4865,14,,,0,105,,4873,14,,,0,105,,4866,14,,,0,104,,4874,14,,,0,105,,4867,14,,,0,105,,4875,14,,,0
190300401,'CsRoyOff',1610,,4965,3,4,,0
190300401,'CsRoyOffKerOff',1610,,4966,3,4,,0
190300401,'EventOn',1610,,4967,3,4,,0
