1400,'CsRoyOff',642,,3062,16,,,0,70,,3063,16,,,0,30,,3061,16,,,0,100,,3060,16,,,0
1400,'CsRoyOffKerOff',642,,3069,16,,,0,70,,3070,16,,,0,30,,3068,16,,,0,100,,3067,16,,,0
1400,'EventOff',642,,3076,16,,,0,70,,3077,16,,,0,30,,3075,16,,,0,100,,3074,16,,,0
1400,'EventOn',642,,3083,16,,,0,70,,3084,16,,,0,30,,3082,16,,,0,100,,3081,16,,,0
1400,'KerOffPriveOff',642,,3090,16,,,0,70,,3091,16,,,0,30,,3089,16,,,0,100,,3088,16,,,0
1401,'CsRoyOff',1549,,3094,13,,,0,100,,3093,13,,,0,99,,3092,13,,,0
1401,'CsRoyOffKerOff',1549,,3100,13,,,0,100,,3099,13,,,0,99,,3098,13,,,0
1401,'EventOff',1549,,3106,13,,,0,100,,3105,13,,,0,99,,3104,13,,,0
1401,'EventOn',1549,,3112,13,,,0,100,,3111,13,,,0,99,,3110,13,,,0
1401,'KerOffPriveOff',1549,,3118,13,,,0,100,,3117,13,,,0,99,,3116,13,,,0
