1100,'CsRoyOff',619,,2185,7,,,0,35,,2169,7,,,0,80,,2181,7,,,0,75,,2165,7,,,0,36,,2176,7,,,0,74,,2173,7,,,0,35,,2186,7,,,0,75,,2170,7,,,0,75,,2182,7,,,0,35,,2166,7,,,0,75,,2177,7,,,0,35,,2174,7,,,0,75,,2183,7,,,0,35,,2167,7,,,0,75,,2180,7,,,0,80,,2171,7,,,0,26,,2192,1,,,0,12,,2178,7,,,0,77,,2175,7,,,0,75,,2184,7,,,0,35,,2168,7,,,0,75,,2179,7,,,0,35,,2172,7,,,0,105,,2190,7,,,0,105,,2191,7,,,0,145,,2189,7,,,0,105,,2188,7,,,0,105,,2187,7,,,0
1100,'CsRoyOffKerOff',619,,2213,7,,,0,35,,2197,7,,,0,80,,2209,7,,,0,75,,2193,7,,,0,36,,2204,7,,,0,74,,2201,7,,,0,35,,2214,7,,,0,75,,2198,7,,,0,75,,2210,7,,,0,35,,2194,7,,,0,75,,2205,7,,,0,35,,2202,7,,,0,75,,2211,7,,,0,35,,2195,7,,,0,75,,2208,7,,,0,80,,2199,7,,,0,26,,2220,1,,,0,12,,2206,7,,,0,77,,2203,7,,,0,75,,2212,7,,,0,35,,2196,7,,,0,75,,2207,7,,,0,35,,2200,7,,,0,105,,2218,7,,,0,105,,2219,7,,,0,145,,2217,7,,,0,105,,2216,7,,,0,105,,2215,7,,,0
1100,'Dimanche',919,,2224,7,,,0,105,,2226,7,,,0,105,,2225,7,,,0,105,,2227,7,,,0,105,,2228,7,,,0,105,,2229,7,,,0,105,,2230,7,,,0,105,,2222,7,,,0,105,,2221,7,,,0,145,,2223,7,,,0
1100,'EventOff',619,,2251,7,,,0,35,,2235,7,,,0,80,,2247,7,,,0,75,,2231,7,,,0,36,,2242,7,,,0,74,,2239,7,,,0,35,,2252,7,,,0,75,,2236,7,,,0,75,,2248,7,,,0,35,,2232,7,,,0,75,,2243,7,,,0,35,,2240,7,,,0,75,,2249,7,,,0,35,,2233,7,,,0,75,,2246,7,,,0,80,,2237,7,,,0,38,,2244,7,,,0,77,,2241,7,,,0,75,,2250,7,,,0,35,,2234,7,,,0,75,,2245,7,,,0,35,,2238,7,,,0,105,,2256,7,,,0,105,,2257,7,,,0,145,,2255,7,,,0,105,,2254,7,,,0,105,,2253,7,,,0
1100,'EventOn',619,,2278,7,,,0,35,,2262,7,,,0,80,,2274,7,,,0,75,,2258,7,,,0,9,,2286,7,0,11 12 13,0,3,,2285,7,0,11 12 13,0,24,,2269,7,,,0,74,,2266,7,,,0,35,,2279,7,,,0,75,,2263,7,,,0,75,,2275,7,,,0,35,,2259,7,,,0,75,,2270,7,,,0,35,,2267,7,,,0,75,,2276,7,,,0,35,,2260,7,,,0,75,,2273,7,,,0,80,,2264,7,,,0,26,,2288,1,,,0,12,,2271,7,,,0,77,,2268,7,,,0,75,,2277,7,,,0,35,,2261,7,,,0,75,,2272,7,,,0,35,,2265,7,,,0,105,,2283,7,,,0,105,,2284,7,,,0,145,,2282,7,,,0,105,,2281,7,,,0,105,,2280,7,,,0
1100,'KerOffPriveOff',619,,2309,7,,,0,35,,2293,7,,,0,80,,2305,7,,,0,75,,2289,7,,,0,9,,2317,7,0,11 12 13,0,3,,2316,7,0,11 12 13,0,24,,2300,7,,,0,74,,2297,7,,,0,35,,2310,7,,,0,75,,2294,7,,,0,75,,2306,7,,,0,35,,2290,7,,,0,75,,2301,7,,,0,35,,2298,7,,,0,75,,2307,7,,,0,35,,2291,7,,,0,75,,2304,7,,,0,80,,2295,7,,,0,38,,2302,7,,,0,77,,2299,7,,,0,75,,2308,7,,,0,35,,2292,7,,,0,75,,2303,7,,,0,35,,2296,7,,,0,105,,2314,7,,,0,105,,2315,7,,,0,145,,2313,7,,,0,105,,2312,7,,,0,105,,2311,7,,,0
1100,'Samedi',649,,2319,7,,,0,105,,2328,7,,,0,105,,2320,7,,,0,145,,2329,7,,,0,105,,2321,7,,,0,105,,2330,7,,,0,105,,2322,7,,,0,105,,2331,7,,,0,105,,2323,7,,,0,105,,2332,7,,,0,105,,2324,7,,,0,105,,2333,7,,,0,105,,2325,7,,,0,105,,2334,7,,,0,105,,2326,7,,,0,145,,2335,7,,,0,105,,2327,7,,,0
190300301,'CsRoyOff',1540,,4959,6,4,,0
190300301,'CsRoyOffKerOff',1540,,4960,6,4,,0
190300301,'EventOn',1540,,4961,6,4,,0
