800,'CsRoyOff',624,,1330,13,,,0,35,,1341,13,,,0,81,,1331,13,,,0,75,,1342,13,,,0,35,,1332,13,,,0,74,,1343,13,,,0,35,,1333,13,,,0,75,,1344,13,,,0,76,,1334,13,,,0,35,,1345,13,,,0,75,,1335,13,,,0,35,,1346,13,,,0,75,,1336,13,,,0,75,,1347,13,,,0,35,,1337,13,,,0,80,,1348,13,,,0,39,,1338,13,,,0,77,,1349,13,,,0,75,,1339,13,,,0,33,,1350,13,,,0,75,,1340,13,,,0,35,,1351,13,,,0,105,,1356,13,,,0,145,,1355,13,,,0,105,,1352,13,,,0,105,,1353,13,,,0,105,,1354,13,,,0
800,'CsRoyOffKerOff',624,,1357,13,,,0,35,,1368,13,,,0,81,,1358,13,,,0,75,,1369,13,,,0,35,,1359,13,,,0,74,,1370,13,,,0,35,,1360,13,,,0,75,,1371,13,,,0,76,,1361,13,,,0,35,,1372,13,,,0,75,,1362,13,,,0,35,,1373,13,,,0,75,,1363,13,,,0,75,,1374,13,,,0,35,,1364,13,,,0,80,,1375,13,,,0,39,,1365,13,,,0,77,,1376,13,,,0,75,,1366,13,,,0,33,,1377,13,,,0,75,,1367,13,,,0,35,,1378,13,,,0,105,,1383,13,,,0,145,,1382,13,,,0,105,,1379,13,,,0,105,,1380,13,,,0,105,,1381,13,,,0
800,'Dimanche',924,,1386,13,,,0,105,,1387,13,,,0,105,,1389,13,,,0,105,,1390,13,,,0,105,,1391,13,,,0,105,,1392,13,,,0,105,,1393,13,,,0,105,,1388,13,,,0,145,,1384,13,,,0,105,,1385,13,,,0
800,'EventOff',624,,1394,13,,,0,35,,1405,13,,,0,81,,1395,13,,,0,75,,1406,13,,,0,35,,1396,13,,,0,74,,1407,13,,,0,35,,1397,13,,,0,75,,1408,13,,,0,76,,1398,13,,,0,35,,1409,13,,,0,75,,1399,13,,,0,35,,1410,13,,,0,75,,1400,13,,,0,75,,1411,13,,,0,35,,1401,13,,,0,80,,1412,13,,,0,39,,1402,13,,,0,77,,1413,13,,,0,75,,1403,13,,,0,33,,1414,13,,,0,75,,1404,13,,,0,35,,1415,13,,,0,105,,1420,13,,,0,145,,1419,13,,,0,105,,1416,13,,,0,105,,1417,13,,,0,105,,1418,13,,,0
800,'EventOn',624,,1421,13,,,0,35,,1432,13,,,0,81,,1422,13,,,0,75,,1433,13,,,0,35,,1423,13,,,0,74,,1434,13,,,0,35,,1424,13,,,0,75,,1435,13,,,0,76,,1425,13,,,0,35,,1436,13,,,0,75,,1426,13,,,0,35,,1437,13,,,0,75,,1427,13,,,0,75,,1438,13,,,0,35,,1428,13,,,0,80,,1439,13,,,0,39,,1429,13,,,0,77,,1440,13,,,0,75,,1430,13,,,0,33,,1441,13,,,0,75,,1431,13,,,0,35,,1442,13,,,0,105,,1447,13,,,0,145,,1446,13,,,0,105,,1443,13,,,0,105,,1444,13,,,0,105,,1445,13,,,0
800,'KerOffPriveOff',624,,1448,13,,,0,35,,1459,13,,,0,81,,1449,13,,,0,75,,1460,13,,,0,35,,1450,13,,,0,74,,1461,13,,,0,35,,1451,13,,,0,75,,1462,13,,,0,76,,1452,13,,,0,35,,1463,13,,,0,75,,1453,13,,,0,35,,1464,13,,,0,75,,1454,13,,,0,75,,1465,13,,,0,35,,1455,13,,,0,80,,1466,13,,,0,39,,1456,13,,,0,77,,1467,13,,,0,75,,1457,13,,,0,33,,1468,13,,,0,75,,1458,13,,,0,35,,1469,13,,,0,105,,1474,13,,,0,145,,1473,13,,,0,105,,1470,13,,,0,105,,1471,13,,,0,105,,1472,13,,,0
800,'Samedi',653,,1475,13,,,0,105,,1476,13,,,0,145,,1477,13,,,0,106,,1478,13,,,0,105,,1479,13,,,0,105,,1480,13,,,0,105,,1481,13,,,0,105,,1482,13,,,0,105,,1483,13,,,0,105,,1484,13,,,0,105,,1485,13,,,0,105,,1486,13,,,0,105,,1487,13,,,0,105,,1488,13,,,0,144,,1489,13,,,0,105,,1490,13,,,0,105,,1491,13,,,0
1201,'CsRoyOff',643,,2619,47,,,0,113,,2620,47,,,0,148,,2621,47,,,0,110,,2622,47,,,0,112,,2623,47,,,0,108,,2624,47,,,0,108,,2625,47,,,0,107,,2626,47,,,0,156,,2627,47,,,0,117,,2628,47,,,0,112,,2629,47,,,0,104,,2630,47,,,0,105,,2633,47,,,0,105,,2632,47,,,0,105,,2631,47,,,0,105,,2634,47,,,0
1201,'CsRoyOffKerOff',643,,2635,47,,,0,113,,2636,47,,,0,148,,2637,47,,,0,110,,2638,47,,,0,112,,2639,47,,,0,108,,2640,47,,,0,108,,2641,47,,,0,107,,2642,47,,,0,156,,2643,47,,,0,117,,2644,47,,,0,112,,2645,47,,,0,104,,2646,47,,,0,105,,2649,47,,,0,105,,2648,47,,,0,105,,2647,47,,,0,105,,2650,47,,,0
1201,'Dimanche',905,,2652,47,,,0,105,,2653,47,,,0,105,,2655,47,,,0,105,,2656,47,,,0,105,,2657,47,,,0,104,,2658,47,,,0,105,,2659,47,,,0,105,,2660,47,,,0,106,,2651,47,,,0,103,,2654,47,,,0
1201,'EventOff',643,,2661,47,,,0,113,,2662,47,,,0,148,,2663,47,,,0,110,,2664,47,,,0,112,,2665,47,,,0,108,,2666,47,,,0,108,,2667,47,,,0,107,,2668,47,,,0,156,,2669,47,,,0,117,,2670,47,,,0,112,,2671,47,,,0,104,,2672,47,,,0,105,,2675,47,,,0,105,,2674,47,,,0,105,,2673,47,,,0,105,,2676,47,,,0
1201,'EventOn',643,,2677,47,,,0,113,,2678,47,,,0,148,,2679,47,,,0,110,,2680,47,,,0,112,,2681,47,,,0,108,,2682,47,,,0,108,,2683,47,,,0,107,,2684,47,,,0,156,,2685,47,,,0,117,,2686,47,,,0,112,,2687,47,,,0,104,,2688,47,,,0,105,,2691,47,,,0,105,,2690,47,,,0,105,,2689,47,,,0,105,,2692,47,,,0
1201,'KerOffPriveOff',643,,2693,47,,,0,113,,2694,47,,,0,148,,2695,47,,,0,110,,2696,47,,,0,112,,2697,47,,,0,108,,2698,47,,,0,108,,2699,47,,,0,107,,2700,47,,,0,156,,2701,47,,,0,117,,2702,47,,,0,112,,2703,47,,,0,104,,2704,47,,,0,105,,2707,47,,,0,105,,2706,47,,,0,105,,2705,47,,,0,105,,2708,47,,,0
1201,'Samedi',635,,2709,47,,,0,104,,2710,47,,,0,105,,2711,47,,,0,106,,2712,47,,,0,105,,2713,47,,,0,104,,2714,47,,,0,146,,2715,47,,,0,105,,2716,47,,,0,105,,2717,47,,,0,105,,2718,47,,,0,104,,2719,47,,,0,105,,2720,47,,,0,105,,2721,47,,,0,105,,2722,47,,,0,105,,2723,47,,,0,105,,2724,47,,,0,105,,2725,47,,,0
1701,'CsRoyOff',627,,3441,18,,,0,32,,3442,18,,,0,81,,3443,18,,,0,75,,3444,18,,,0,35,,3445,18,,,0,74,,3446,18,,,0,35,,3447,18,,,0,75,,3448,18,,,0,76,,3449,18,,,0,35,,3450,18,,,0,75,,3451,18,,,0,35,,3452,18,,,0,75,,3453,18,,,0,75,,3454,18,,,0,35,,3455,18,,,0,80,,3456,18,,,0,39,,3457,18,,,0,77,,3458,18,,,0,75,,3459,18,,,0,33,,3460,18,,,0,75,,3461,18,,,0
1701,'CsRoyOffKerOff',627,,3462,18,,,0,32,,3463,18,,,0,81,,3464,18,,,0,75,,3465,18,,,0,35,,3466,18,,,0,74,,3467,18,,,0,35,,3468,18,,,0,75,,3469,18,,,0,76,,3470,18,,,0,35,,3471,18,,,0,75,,3472,18,,,0,35,,3473,18,,,0,75,,3474,18,,,0,75,,3475,18,,,0,35,,3476,18,,,0,80,,3477,18,,,0,39,,3478,18,,,0,77,,3479,18,,,0,75,,3480,18,,,0,33,,3481,18,,,0,75,,3482,18,,,0
1701,'EventOff',627,,3483,18,,,0,32,,3484,18,,,0,81,,3485,18,,,0,75,,3486,18,,,0,35,,3487,18,,,0,74,,3488,18,,,0,35,,3489,18,,,0,75,,3490,18,,,0,76,,3491,18,,,0,35,,3492,18,,,0,75,,3493,18,,,0,35,,3494,18,,,0,75,,3495,18,,,0,75,,3496,18,,,0,35,,3497,18,,,0,80,,3498,18,,,0,39,,3499,18,,,0,77,,3500,18,,,0,75,,3501,18,,,0,33,,3502,18,,,0,75,,3503,18,,,0
1701,'EventOn',627,,3504,18,,,0,32,,3505,18,,,0,81,,3506,18,,,0,75,,3507,18,,,0,35,,3508,18,,,0,74,,3509,18,,,0,35,,3510,18,,,0,75,,3511,18,,,0,76,,3512,18,,,0,35,,3513,18,,,0,75,,3514,18,,,0,35,,3515,18,,,0,75,,3516,18,,,0,75,,3517,18,,,0,35,,3518,18,,,0,80,,3519,18,,,0,39,,3520,18,,,0,77,,3521,18,,,0,75,,3522,18,,,0,33,,3523,18,,,0,75,,3524,18,,,0
1701,'KerOffPriveOff',627,,3525,18,,,0,32,,3526,18,,,0,81,,3527,18,,,0,75,,3528,18,,,0,35,,3529,18,,,0,74,,3530,18,,,0,35,,3531,18,,,0,75,,3532,18,,,0,76,,3533,18,,,0,35,,3534,18,,,0,75,,3535,18,,,0,35,,3536,18,,,0,75,,3537,18,,,0,75,,3538,18,,,0,35,,3539,18,,,0,80,,3540,18,,,0,39,,3541,18,,,0,77,,3542,18,,,0,75,,3543,18,,,0,33,,3544,18,,,0,75,,3545,18,,,0
