501,'CsRoyOff',625,,840,9,,,0,79,,837,9,,,0,34,,827,9,,,0,77,,823,9,,,0,36,,833,9,,,0,76,,841,9,,,0,74,,831,9,,,0,35,,828,9,,,0,74,,824,9,,,0,35,,834,9,,,0,75,,842,9,,,0,35,,832,9,,,0,75,,829,9,,,0,75,,825,9,,,0,34,,835,9,,,0,76,,843,9,,,0,37,,839,9,,,0,78,,830,9,,,0,81,,826,9,,,0,35,,836,9,,,0,75,,844,9,,,0,35,,838,9,,,0,75,,849,9,,,0,97,,848,9,,,0,105,,847,9,,,0,105,,846,9,,,0,105,,845,9,,,0
501,'CsRoyOffKerOff',625,,868,9,,,0,79,,865,9,,,0,34,,855,9,,,0,77,,851,9,,,0,36,,861,9,,,0,76,,869,9,,,0,74,,859,9,,,0,35,,856,9,,,0,74,,852,9,,,0,35,,862,9,,,0,75,,870,9,,,0,35,,860,9,,,0,75,,857,9,,,0,75,,853,9,,,0,34,,863,9,,,0,76,,871,9,,,0,37,,867,9,,,0,78,,858,9,,,0,81,,854,9,,,0,35,,864,9,,,0,75,,872,9,,,0,35,,866,9,,,0,75,,877,9,,,0,97,,876,9,,,0,105,,875,9,,,0,105,,874,9,,,0,105,,873,9,,,0
501,'Dimanche',848,,882,9,,,0,105,,881,9,,,0,105,,883,9,,,0,145,,885,9,,,0,105,,884,9,,,0,106,,886,9,,,0,105,,887,9,,,0,105,,888,9,,,0,105,,879,9,,,0,105,,880,9,,,0
501,'EventOff',625,,906,9,,,0,79,,903,9,,,0,34,,893,9,,,0,77,,889,9,,,0,36,,899,9,,,0,76,,907,9,,,0,74,,897,9,,,0,35,,894,9,,,0,74,,890,9,,,0,35,,900,9,,,0,75,,908,9,,,0,35,,898,9,,,0,75,,895,9,,,0,75,,891,9,,,0,34,,901,9,,,0,76,,909,9,,,0,37,,905,9,,,0,78,,896,9,,,0,81,,892,9,,,0,35,,902,9,,,0,75,,910,9,,,0,35,,904,9,,,0,75,,915,9,,,0,97,,914,9,,,0,105,,913,9,,,0,105,,912,9,,,0,105,,911,9,,,0
501,'EventOn',625,,933,9,,,0,79,,930,9,,,0,34,,920,9,,,0,77,,916,9,,,0,36,,926,9,,,0,76,,934,9,,,0,74,,924,9,,,0,35,,921,9,,,0,74,,917,9,,,0,35,,927,9,,,0,75,,935,9,,,0,35,,925,9,,,0,75,,922,9,,,0,75,,918,9,,,0,34,,928,9,,,0,76,,936,9,,,0,37,,932,9,,,0,78,,923,9,,,0,81,,919,9,,,0,35,,929,9,,,0,75,,937,9,,,0,35,,931,9,,,0,75,,942,9,,,0,97,,941,9,,,0,105,,940,9,,,0,105,,939,9,,,0,105,,938,9,,,0
501,'KerOffPriveOff',625,,961,9,,,0,79,,958,9,,,0,34,,948,9,,,0,77,,944,9,,,0,36,,954,9,,,0,76,,962,9,,,0,74,,952,9,,,0,35,,949,9,,,0,74,,945,9,,,0,35,,955,9,,,0,75,,963,9,,,0,35,,953,9,,,0,75,,950,9,,,0,75,,946,9,,,0,34,,956,9,,,0,76,,964,9,,,0,37,,960,9,,,0,78,,951,9,,,0,81,,947,9,,,0,35,,957,9,,,0,75,,965,9,,,0,35,,959,9,,,0,75,,970,9,,,0,97,,969,9,,,0,105,,968,9,,,0,105,,967,9,,,0,105,,966,9,,,0
501,'Samedi',618,,971,9,,,0,105,,977,9,,,0,105,,983,9,,,0,105,,972,9,,,0,105,,978,9,,,0,105,,984,9,,,0,105,,973,9,,,0,106,,979,9,,,0,105,,985,9,,,0,145,,974,9,,,0,105,,980,9,,,0,105,,986,9,,,0,104,,975,9,,,0,105,,981,9,,,0,105,,987,9,,,0,105,,976,9,,,0,105,,982,9,,,0
2501,'CsRoyOff',636,,3731,32,,,0,74,,3733,32,,,0,41,,3732,32,,,0,77,,3734,32,,,0,73,,3752,32,,,0,33,,3735,32,,,0,75,,3736,32,,,0,35,,3737,32,,,0,75,,3738,32,,,0,35,,3739,32,,,0,75,,3740,32,,,0,75,,3741,32,,,0,35,,3742,32,,,0,75,,3743,32,,,0,35,,3744,32,,,0,78,,3745,32,,,0,80,,3746,32,,,0,38,,3747,32,,,0,75,,3748,32,,,0,35,,3749,32,,,0,75,,3750,32,,,0,73,,3751,32,,,0,35,,3753,32,,,0,104,,3754,32,,,0,105,,3755,32,,,0,105,,3756,32,,,0,105,,3757,32,,,0
2501,'CsRoyOffKerOff',636,,3759,32,,,0,74,,3761,32,,,0,41,,3760,32,,,0,77,,3762,32,,,0,73,,3780,32,,,0,33,,3763,32,,,0,75,,3764,32,,,0,35,,3765,32,,,0,75,,3766,32,,,0,35,,3767,32,,,0,75,,3768,32,,,0,75,,3769,32,,,0,35,,3770,32,,,0,75,,3771,32,,,0,35,,3772,32,,,0,78,,3773,32,,,0,80,,3774,32,,,0,38,,3775,32,,,0,75,,3776,32,,,0,35,,3777,32,,,0,75,,3778,32,,,0,73,,3779,32,,,0,35,,3781,32,,,0,104,,3782,32,,,0,105,,3783,32,,,0,105,,3784,32,,,0,105,,3785,32,,,0
2501,'Dimanche',902,,3788,32,,,0,105,,3789,32,,,0,105,,3790,32,,,0,105,,3791,32,,,0,105,,3792,32,,,0,105,,3793,32,,,0,105,,3794,32,,,0,105,,3795,32,,,0,105,,3787,32,,,0,105,,3786,32,,,0
2501,'EventOff',636,,3796,32,,,0,74,,3798,32,,,0,41,,3797,32,,,0,77,,3799,32,,,0,73,,3817,32,,,0,33,,3800,32,,,0,75,,3801,32,,,0,35,,3802,32,,,0,75,,3803,32,,,0,35,,3804,32,,,0,75,,3805,32,,,0,75,,3806,32,,,0,35,,3807,32,,,0,75,,3808,32,,,0,35,,3809,32,,,0,78,,3810,32,,,0,80,,3811,32,,,0,38,,3812,32,,,0,75,,3813,32,,,0,35,,3814,32,,,0,75,,3815,32,,,0,73,,3816,32,,,0,35,,3818,32,,,0,104,,3819,32,,,0,105,,3820,32,,,0,105,,3821,32,,,0,105,,3822,32,,,0
2501,'EventOn',636,,3823,32,,,0,74,,3825,32,,,0,41,,3824,32,,,0,52,,3851,32,0,10,0,25,,3826,32,,,0,73,,3844,32,,,0,33,,3827,32,,,0,75,,3828,32,,,0,35,,3829,32,,,0,75,,3830,32,,,0,35,,3831,32,,,0,75,,3832,32,,,0,75,,3833,32,,,0,35,,3834,32,,,0,75,,3835,32,,,0,35,,3836,32,,,0,78,,3837,32,,,0,80,,3838,32,,,0,38,,3839,32,,,0,75,,3840,32,,,0,35,,3841,32,,,0,75,,3842,32,,,0,73,,3843,32,,,0,35,,3845,32,,,0,104,,3846,32,,,0,105,,3847,32,,,0,105,,3848,32,,,0,105,,3849,32,,,0
2501,'KerOffPriveOff',636,,3853,32,,,0,74,,3855,32,,,0,41,,3854,32,,,0,52,,3881,32,0,10,0,25,,3856,32,,,0,73,,3874,32,,,0,33,,3857,32,,,0,75,,3858,32,,,0,35,,3859,32,,,0,75,,3860,32,,,0,35,,3861,32,,,0,75,,3862,32,,,0,75,,3863,32,,,0,35,,3864,32,,,0,75,,3865,32,,,0,35,,3866,32,,,0,78,,3867,32,,,0,80,,3868,32,,,0,38,,3869,32,,,0,75,,3870,32,,,0,35,,3871,32,,,0,75,,3872,32,,,0,73,,3873,32,,,0,35,,3875,32,,,0,104,,3876,32,,,0,105,,3877,32,,,0,105,,3878,32,,,0,105,,3879,32,,,0
2501,'Samedi',632,,3893,32,,,0,104,,3882,32,,,0,105,,3888,32,,,0,105,,3894,32,,,0,105,,3883,32,,,0,105,,3889,32,,,0,145,,3895,32,,,0,106,,3884,32,,,0,105,,3890,32,,,0,105,,3896,32,,,0,105,,3885,32,,,0,104,,3891,32,,,0,105,,3897,32,,,0,105,,3886,32,,,0,105,,3892,32,,,0,105,,3898,32,,,0,105,,3887,32,,,0
6000,'CsRoyOff',625,,4484,9,,,0,82,,4474,9,,,0,31,,4485,9,,,0,80,,4475,9,,,0,35,,4486,9,,,0,74,,4476,9,,,0,76,,4487,9,,,0,34,,4477,9,,,0,75,,4488,9,,,0,33,,4478,9,,,0,76,,4489,9,,,0,35,,4479,9,,,0,68,,4490,9,,,0,77,,4501,9,,,0,25,,4480,9,,,0,80,,4491,9,,,0,38,,4481,9,,,0,78,,4492,9,,,0,34,,4482,9,,,0,76,,4493,9,,,0,75,,4483,9,,,0,35,,4494,9,,,0,78,,4495,9,,,0,105,,4500,9,,,0,105,,4499,9,,,0,105,,4498,9,,,0,105,,4496,9,,,0,101,,4497,9,0,14 15,0
6000,'CsRoyOffKerOff',625,,4513,9,,,0,82,,4503,9,,,0,31,,4514,9,,,0,80,,4504,9,,,0,35,,4515,9,,,0,74,,4505,9,,,0,76,,4516,9,,,0,34,,4506,9,,,0,75,,4517,9,,,0,33,,4507,9,,,0,76,,4518,9,,,0,35,,4508,9,,,0,68,,4519,9,,,0,77,,4530,9,,,0,25,,4509,9,,,0,80,,4520,9,,,0,38,,4510,9,,,0,78,,4521,9,,,0,34,,4511,9,,,0,76,,4522,9,,,0,75,,4512,9,,,0,35,,4523,9,,,0,78,,4524,9,,,0,105,,4529,9,,,0,105,,4528,9,,,0,105,,4527,9,,,0,105,,4525,9,,,0,101,,4526,9,0,14 15,0
6000,'Dimanche',847,,4531,9,,,0,105,,4532,9,,,0,104,,4534,9,,,0,147,,4536,9,,,0,104,,4537,9,,,0,104,,4538,9,,,0,105,,4539,9,,,0,104,,4540,9,,,0,106,,4535,9,,,0,105,,4533,9,,,0
6000,'EventOff',625,,4552,9,,,0,82,,4542,9,,,0,31,,4553,9,,,0,80,,4543,9,,,0,35,,4554,9,,,0,74,,4544,9,,,0,76,,4555,9,,,0,34,,4545,9,,,0,75,,4556,9,,,0,33,,4546,9,,,0,76,,4557,9,,,0,35,,4547,9,,,0,68,,4558,9,,,0,77,,4569,9,,,0,25,,4548,9,,,0,80,,4559,9,,,0,38,,4549,9,,,0,78,,4560,9,,,0,34,,4550,9,,,0,76,,4561,9,,,0,75,,4551,9,,,0,35,,4562,9,,,0,78,,4563,9,,,0,105,,4568,9,,,0,105,,4567,9,,,0,105,,4566,9,,,0,105,,4564,9,,,0,101,,4565,9,0,14 15,0
6000,'EventOn',625,,4581,9,,,0,82,,4571,9,,,0,31,,4582,9,,,0,80,,4572,9,,,0,35,,4583,9,,,0,74,,4573,9,,,0,76,,4584,9,,,0,34,,4574,9,,,0,75,,4585,9,,,0,33,,4575,9,,,0,76,,4586,9,,,0,35,,4576,9,,,0,68,,4587,9,,,0,77,,4598,9,,,0,25,,4577,9,,,0,80,,4588,9,,,0,38,,4578,9,,,0,78,,4589,9,,,0,34,,4579,9,,,0,76,,4590,9,,,0,75,,4580,9,,,0,35,,4591,9,,,0,78,,4592,9,,,0,105,,4597,9,,,0,105,,4596,9,,,0,105,,4595,9,,,0,105,,4593,9,,,0,101,,4594,9,0,14 15,0
6000,'KerOffPriveOff',625,,4613,9,,,0,82,,4603,9,,,0,31,,4614,9,,,0,80,,4604,9,,,0,35,,4615,9,,,0,74,,4605,9,,,0,76,,4616,9,,,0,34,,4606,9,,,0,75,,4617,9,,,0,33,,4607,9,,,0,76,,4618,9,,,0,35,,4608,9,,,0,68,,4619,9,,,0,77,,4630,9,,,0,25,,4609,9,,,0,80,,4620,9,,,0,38,,4610,9,,,0,78,,4621,9,,,0,34,,4611,9,,,0,76,,4622,9,,,0,75,,4612,9,,,0,35,,4623,9,,,0,78,,4624,9,,,0,105,,4629,9,,,0,105,,4628,9,,,0,105,,4627,9,,,0,105,,4625,9,,,0,101,,4626,9,0,14 15,0
6000,'Samedi',617,,4639,9,,,0,104,,4645,9,,,0,105,,4634,9,,,0,105,,4640,9,,,0,106,,4646,9,,,0,105,,4635,9,,,0,105,,4641,9,,,0,106,,4647,9,,,0,104,,4636,9,,,0,145,,4642,9,,,0,104,,4648,9,,,0,105,,4637,9,,,0,105,,4643,9,,,0,105,,4649,9,,,0,105,,4638,9,,,0,105,,4644,9,,,0,105,,4650,9,,,0,100,,4651,9,0,14 15,0
111800500,'CsRoyOff',1547,,4937,7,,,0
111800500,'CsRoyOffKerOff',1547,,4938,7,,,0
111800500,'EventOn',1547,,4940,7,,,0
