500,'CsRoyOff',631,,654,25,,,0,77,,663,25,,,0,26,,681,25,,,0,15,,671,25,,,0,75,,668,25,,,0,35,,659,25,,,0,75,,655,25,,,0,75,,664,25,,,0,35,,672,25,,,0,75,,667,25,,,0,35,,660,25,,,0,75,,656,25,,,0,75,,665,25,,,0,35,,673,25,,,0,75,,670,25,,,0,35,,661,25,,,0,80,,657,25,,,0,78,,666,25,,,0,36,,674,25,,,0,75,,669,25,,,0,35,,662,25,,,0,73,,658,25,,,0,75,,680,25,,,0,105,,679,25,,,0,105,,678,25,,,0,105,,677,25,,,0,105,,676,25,,,0,105,,675,25,,,0
500,'CsRoyOffKerOff',631,,682,25,,,0,77,,691,25,,,0,26,,709,25,,,0,15,,699,25,,,0,75,,696,25,,,0,35,,687,25,,,0,75,,683,25,,,0,75,,692,25,,,0,35,,700,25,,,0,75,,695,25,,,0,35,,688,25,,,0,75,,684,25,,,0,75,,693,25,,,0,35,,701,25,,,0,75,,698,25,,,0,35,,689,25,,,0,80,,685,25,,,0,78,,694,25,,,0,36,,702,25,,,0,75,,697,25,,,0,35,,690,25,,,0,73,,686,25,,,0,75,,708,25,,,0,105,,707,25,,,0,105,,706,25,,,0,105,,705,25,,,0,105,,704,25,,,0,105,,703,25,,,0
500,'Dimanche',931,,712,25,,,0,105,,715,25,,,0,105,,714,25,,,0,105,,716,25,,,0,107,,717,25,,,0,105,,718,25,,,0,145,,719,25,,,0,105,,713,25,,,0,105,,710,25,,,0,103,,711,25,,,0
500,'EventOff',631,,720,25,,,0,77,,729,25,,,0,26,,747,25,,,0,15,,737,25,,,0,75,,734,25,,,0,35,,725,25,,,0,75,,721,25,,,0,75,,730,25,,,0,35,,738,25,,,0,75,,733,25,,,0,35,,726,25,,,0,75,,722,25,,,0,75,,731,25,,,0,35,,739,25,,,0,75,,736,25,,,0,35,,727,25,,,0,80,,723,25,,,0,78,,732,25,,,0,36,,740,25,,,0,75,,735,25,,,0,35,,728,25,,,0,73,,724,25,,,0,75,,746,25,,,0,105,,745,25,,,0,105,,744,25,,,0,105,,743,25,,,0,105,,742,25,,,0,105,,741,25,,,0
500,'EventOn',631,,748,25,,,0,77,,757,25,,,0,26,,775,25,,,0,15,,765,25,,,0,75,,762,25,,,0,35,,753,25,,,0,75,,749,25,,,0,75,,758,25,,,0,35,,766,25,,,0,75,,761,25,,,0,35,,754,25,,,0,75,,750,25,,,0,75,,759,25,,,0,35,,767,25,,,0,75,,764,25,,,0,35,,755,25,,,0,80,,751,25,,,0,78,,760,25,,,0,12,,776,25,,,0,24,,768,25,,,0,75,,763,25,,,0,35,,756,25,,,0,73,,752,25,,,0,75,,774,25,,,0,105,,773,25,,,0,105,,772,25,,,0,105,,771,25,,,0,105,,770,25,,,0,105,,769,25,,,0
500,'KerOffPriveOff',631,,777,25,,,0,77,,786,25,,,0,26,,804,25,,,0,15,,794,25,,,0,75,,791,25,,,0,35,,782,25,,,0,75,,778,25,,,0,75,,787,25,,,0,35,,795,25,,,0,75,,790,25,,,0,35,,783,25,,,0,75,,779,25,,,0,75,,788,25,,,0,35,,796,25,,,0,75,,793,25,,,0,35,,784,25,,,0,80,,780,25,,,0,78,,789,25,,,0,12,,805,25,,,0,24,,797,25,,,0,75,,792,25,,,0,35,,785,25,,,0,73,,781,25,,,0,75,,803,25,,,0,105,,802,25,,,0,105,,801,25,,,0,105,,800,25,,,0,105,,799,25,,,0,105,,798,25,,,0
500,'Samedi',701,,817,25,,,0,105,,806,25,,,0,105,,812,25,,,0,105,,818,25,,,0,105,,807,25,,,0,105,,813,25,,,0,107,,819,25,,,0,105,,808,25,,,0,105,,814,25,,,0,105,,820,25,,,0,105,,809,25,,,0,103,,815,25,,,0,145,,821,25,,,0,105,,810,25,,,0,105,,816,25,,,0,105,,822,25,,,0,105,,811,25,,,0
2501,'CsRoyOff',634,,3731,28,,,0,74,,3733,28,,,0,40,,3732,28,,,0,77,,3734,28,,,0,33,,3752,28,,,0,74,,3735,28,,,0,75,,3736,28,,,0,35,,3737,28,,,0,75,,3738,28,,,0,35,,3739,28,,,0,75,,3740,28,,,0,75,,3741,28,,,0,35,,3742,28,,,0,75,,3743,28,,,0,35,,3744,28,,,0,78,,3745,28,,,0,79,,3746,28,,,0,38,,3747,28,,,0,76,,3748,28,,,0,35,,3749,28,,,0,75,,3750,28,,,0,73,,3751,28,,,0,35,,3753,28,,,0,104,,3754,28,,,0,105,,3755,28,,,0,105,,3756,28,,,0,105,,3757,28,,,0
2501,'CsRoyOffKerOff',634,,3759,28,,,0,74,,3761,28,,,0,40,,3760,28,,,0,77,,3762,28,,,0,33,,3780,28,,,0,74,,3763,28,,,0,75,,3764,28,,,0,35,,3765,28,,,0,75,,3766,28,,,0,35,,3767,28,,,0,75,,3768,28,,,0,75,,3769,28,,,0,35,,3770,28,,,0,75,,3771,28,,,0,35,,3772,28,,,0,78,,3773,28,,,0,79,,3774,28,,,0,38,,3775,28,,,0,76,,3776,28,,,0,35,,3777,28,,,0,75,,3778,28,,,0,73,,3779,28,,,0,35,,3781,28,,,0,104,,3782,28,,,0,105,,3783,28,,,0,105,,3784,28,,,0,105,,3785,28,,,0
2501,'Dimanche',900,,3788,28,,,0,105,,3789,28,,,0,105,,3790,28,,,0,105,,3791,28,,,0,105,,3792,28,,,0,105,,3793,28,,,0,105,,3794,28,,,0,105,,3795,28,,,0,105,,3787,28,,,0,105,,3786,28,,,0
2501,'EventOff',634,,3796,28,,,0,74,,3798,28,,,0,40,,3797,28,,,0,77,,3799,28,,,0,33,,3817,28,,,0,74,,3800,28,,,0,75,,3801,28,,,0,35,,3802,28,,,0,75,,3803,28,,,0,35,,3804,28,,,0,75,,3805,28,,,0,75,,3806,28,,,0,35,,3807,28,,,0,75,,3808,28,,,0,35,,3809,28,,,0,78,,3810,28,,,0,79,,3811,28,,,0,38,,3812,28,,,0,76,,3813,28,,,0,35,,3814,28,,,0,75,,3815,28,,,0,73,,3816,28,,,0,35,,3818,28,,,0,104,,3819,28,,,0,105,,3820,28,,,0,105,,3821,28,,,0,105,,3822,28,,,0
2501,'EventOn',634,,3823,28,,,0,74,,3825,28,,,0,31,,3850,28,0,9,0,9,,3824,28,,,0,52,,3851,28,0,10,0,25,,3826,28,,,0,33,,3844,28,,,0,74,,3827,28,,,0,75,,3828,28,,,0,35,,3829,28,,,0,75,,3830,28,,,0,35,,3831,28,,,0,75,,3832,28,,,0,75,,3833,28,,,0,35,,3834,28,,,0,75,,3835,28,,,0,35,,3836,28,,,0,78,,3837,28,,,0,79,,3838,28,,,0,38,,3839,28,,,0,76,,3840,28,,,0,35,,3841,28,,,0,75,,3842,28,,,0,73,,3843,28,,,0,35,,3845,28,,,0,104,,3846,28,,,0,105,,3847,28,,,0,105,,3848,28,,,0,105,,3849,28,,,0
2501,'KerOffPriveOff',634,,3853,28,,,0,74,,3855,28,,,0,31,,3880,28,0,9,0,9,,3854,28,,,0,52,,3881,28,0,10,0,25,,3856,28,,,0,33,,3874,28,,,0,74,,3857,28,,,0,75,,3858,28,,,0,35,,3859,28,,,0,75,,3860,28,,,0,35,,3861,28,,,0,75,,3862,28,,,0,75,,3863,28,,,0,35,,3864,28,,,0,75,,3865,28,,,0,35,,3866,28,,,0,78,,3867,28,,,0,79,,3868,28,,,0,38,,3869,28,,,0,76,,3870,28,,,0,35,,3871,28,,,0,75,,3872,28,,,0,73,,3873,28,,,0,35,,3875,28,,,0,104,,3876,28,,,0,105,,3877,28,,,0,105,,3878,28,,,0,105,,3879,28,,,0
2501,'Samedi',630,,3893,28,,,0,104,,3882,28,,,0,105,,3888,28,,,0,105,,3894,28,,,0,105,,3883,28,,,0,105,,3889,28,,,0,105,,3895,28,,,0,146,,3884,28,,,0,105,,3890,28,,,0,105,,3896,28,,,0,105,,3885,28,,,0,104,,3891,28,,,0,105,,3897,28,,,0,105,,3886,28,,,0,105,,3892,28,,,0,105,,3898,28,,,0,105,,3887,28,,,0
