6000,'CsRoyOff',612,,4473,4,,,0,27,,4484,23,,,0,81,,4474,23,,,0,33,,4485,23,,,0,79,,4475,23,,,0,75,,4486,23,,,0,33,,4476,23,,,0,76,,4487,23,,,0,34,,4477,23,,,0,76,,4488,23,,,0,33,,4478,23,,,0,76,,4489,23,,,0,75,,4479,23,,,0,28,,4490,23,,,0,78,,4501,23,,,0,25,,4480,23,,,0,80,,4491,23,,,0,80,,4481,23,,,0,39,,4492,23,,,0,73,,4482,23,,,0,34,,4493,23,,,0,75,,4483,23,,,0,35,,4494,23,,,0,78,,4495,23,,,0,105,,4500,23,,,0,105,,4499,23,,,0,105,,4498,23,,,0,105,,4496,23,,,0
6000,'CsRoyOffKerOff',612,,4502,4,,,0,27,,4513,23,,,0,81,,4503,23,,,0,33,,4514,23,,,0,79,,4504,23,,,0,75,,4515,23,,,0,33,,4505,23,,,0,76,,4516,23,,,0,34,,4506,23,,,0,76,,4517,23,,,0,33,,4507,23,,,0,76,,4518,23,,,0,75,,4508,23,,,0,28,,4519,23,,,0,78,,4530,23,,,0,25,,4509,23,,,0,80,,4520,23,,,0,80,,4510,23,,,0,39,,4521,23,,,0,73,,4511,23,,,0,34,,4522,23,,,0,75,,4512,23,,,0,35,,4523,23,,,0,78,,4524,23,,,0,105,,4529,23,,,0,105,,4528,23,,,0,105,,4527,23,,,0,105,,4525,23,,,0
6000,'Dimanche',902,,4531,23,,,0,105,,4532,23,,,0,104,,4534,23,,,0,105,,4536,23,,,0,104,,4537,23,,,0,105,,4538,23,,,0,105,,4539,23,,,0,105,,4540,23,,,0,106,,4535,23,,,0,104,,4533,23,,,0
6000,'EventOff',612,,4541,4,,,0,27,,4552,23,,,0,81,,4542,23,,,0,33,,4553,23,,,0,79,,4543,23,,,0,75,,4554,23,,,0,33,,4544,23,,,0,76,,4555,23,,,0,34,,4545,23,,,0,76,,4556,23,,,0,33,,4546,23,,,0,76,,4557,23,,,0,75,,4547,23,,,0,28,,4558,23,,,0,78,,4569,23,,,0,25,,4548,23,,,0,80,,4559,23,,,0,80,,4549,23,,,0,39,,4560,23,,,0,73,,4550,23,,,0,34,,4561,23,,,0,75,,4551,23,,,0,35,,4562,23,,,0,78,,4563,23,,,0,105,,4568,23,,,0,105,,4567,23,,,0,105,,4566,23,,,0,105,,4564,23,,,0
6000,'EventOn',612,,4570,4,,,0,27,,4581,23,,,0,81,,4571,23,,,0,33,,4582,23,,,0,79,,4572,23,,,0,75,,4583,23,,,0,33,,4573,23,,,0,76,,4584,23,,,0,34,,4574,23,,,0,76,,4585,23,,,0,33,,4575,23,,,0,76,,4586,23,,,0,75,,4576,23,,,0,28,,4587,23,,,0,78,,4598,23,,,0,25,,4577,23,,,0,80,,4588,23,,,0,80,,4578,23,,,0,39,,4589,23,,,0,73,,4579,23,,,0,34,,4590,23,,,0,75,,4580,23,,,0,35,,4591,23,,,0,78,,4592,23,,,0,105,,4597,23,,,0,105,,4596,23,,,0,105,,4595,23,,,0,105,,4593,23,,,0
6000,'KerOffPriveOff',612,,4602,4,,,0,27,,4613,23,,,0,81,,4603,23,,,0,33,,4614,23,,,0,79,,4604,23,,,0,75,,4615,23,,,0,33,,4605,23,,,0,76,,4616,23,,,0,34,,4606,23,,,0,76,,4617,23,,,0,33,,4607,23,,,0,76,,4618,23,,,0,75,,4608,23,,,0,28,,4619,23,,,0,78,,4630,23,,,0,25,,4609,23,,,0,80,,4620,23,,,0,80,,4610,23,,,0,39,,4621,23,,,0,73,,4611,23,,,0,34,,4622,23,,,0,75,,4612,23,,,0,35,,4623,23,,,0,78,,4624,23,,,0,105,,4629,23,,,0,105,,4628,23,,,0,105,,4627,23,,,0,105,,4625,23,,,0
6000,'Samedi',632,,4639,23,,,0,104,,4645,23,,,0,105,,4634,23,,,0,105,,4640,23,,,0,105,,4646,23,,,0,104,,4635,23,,,0,146,,4641,23,,,0,105,,4647,23,,,0,105,,4636,23,,,0,105,,4642,23,,,0,104,,4648,23,,,0,106,,4637,23,,,0,105,,4643,23,,,0,105,,4649,23,,,0,105,,4638,23,,,0,105,,4644,23,,,0,105,,4650,23,,,0
111800500,'CsRoyOff',721,,4936,4,,,0,880,,4937,21,,,0
111800500,'CsRoyOffKerOff',1601,,4938,21,,,0
111800500,'EventOn',721,,4939,4,,,0,880,,4940,21,,,0
19200300000,'CsRoyOff',725,,5009,4,0,11 18,0
19200300000,'CsRoyOffKerOff',725,,5011,4,0,11 18,0
19200300000,'EventOn',725,,5013,4,0,11 18,0
