600,'CsRoyOff',629,,1014,28,,,0,27,,1003,38,,,0,81,,995,38,,,0,75,,988,38,,,0,32,,999,38,,,0,73,,1005,38,,,0,35,,994,38,,,0,76,,996,38,,,0,75,,989,38,,,0,35,,1000,38,,,0,75,,1006,38,,,0,35,,992,38,,,0,75,,997,38,,,0,35,,990,38,,,0,76,,1001,38,,,0,76,,1007,38,,,0,40,,1004,38,,,0,76,,998,38,,,0,79,,991,38,,,0,34,,1002,38,,,0,75,,1008,38,,,0,34,,993,38,,,0,107,,1010,38,,,0,101,,1013,38,,,0,145,,1012,38,,,0,107,,1011,38,,,0,103,,1009,38,,,0
600,'CsRoyOffKerOff',629,,1042,28,,,0,27,,1031,38,,,0,81,,1023,38,,,0,75,,1016,38,,,0,32,,1027,38,,,0,73,,1033,38,,,0,35,,1022,38,,,0,76,,1024,38,,,0,75,,1017,38,,,0,35,,1028,38,,,0,75,,1034,38,,,0,35,,1020,38,,,0,75,,1025,38,,,0,35,,1018,38,,,0,76,,1029,38,,,0,76,,1035,38,,,0,40,,1032,38,,,0,76,,1026,38,,,0,79,,1019,38,,,0,34,,1030,38,,,0,75,,1036,38,,,0,34,,1021,38,,,0,107,,1038,38,,,0,101,,1041,38,,,0,145,,1040,38,,,0,107,,1039,38,,,0,103,,1037,38,,,0
600,'Dimanche',915,,1044,38,,,0,105,,1047,38,,,0,106,,1046,38,,,0,106,,1048,38,,,0,105,,1049,38,,,0,105,,1050,38,,,0,105,,1051,38,,,0,105,,1052,38,,,0,105,,1043,38,,,0,143,,1045,38,,,0
600,'EventOff',629,,1079,28,,,0,27,,1068,38,,,0,81,,1060,38,,,0,75,,1053,38,,,0,32,,1064,38,,,0,73,,1070,38,,,0,35,,1059,38,,,0,76,,1061,38,,,0,75,,1054,38,,,0,35,,1065,38,,,0,75,,1071,38,,,0,35,,1057,38,,,0,75,,1062,38,,,0,35,,1055,38,,,0,76,,1066,38,,,0,76,,1072,38,,,0,40,,1069,38,,,0,76,,1063,38,,,0,79,,1056,38,,,0,34,,1067,38,,,0,75,,1073,38,,,0,34,,1058,38,,,0,107,,1075,38,,,0,101,,1078,38,,,0,145,,1077,38,,,0,107,,1076,38,,,0,103,,1074,38,,,0
600,'EventOn',629,,1106,28,,,0,27,,1095,38,,,0,81,,1087,38,,,0,75,,1108,28,,,0,32,,1091,38,,,0,73,,1097,38,,,0,35,,1086,38,,,0,76,,1088,38,,,0,75,,1081,38,,,0,35,,1092,38,,,0,75,,1098,38,,,0,35,,1084,38,,,0,75,,1089,38,,,0,35,,1082,38,,,0,76,,1093,38,,,0,76,,1099,38,,,0,40,,1096,38,,,0,76,,1090,38,,,0,79,,1083,38,,,0,34,,1094,38,,,0,75,,1100,38,,,0,34,,1085,38,,,0,107,,1102,38,,,0,101,,1105,38,,,0,145,,1104,38,,,0,107,,1103,38,,,0,103,,1101,38,,,0
600,'KerOffPriveOff',629,,1135,28,,,0,27,,1124,38,,,0,81,,1116,38,,,0,75,,1136,28,,,0,32,,1120,38,,,0,73,,1126,38,,,0,35,,1115,38,,,0,76,,1117,38,,,0,75,,1110,38,,,0,35,,1121,38,,,0,75,,1127,38,,,0,35,,1113,38,,,0,75,,1118,38,,,0,35,,1111,38,,,0,76,,1122,38,,,0,76,,1128,38,,,0,40,,1125,38,,,0,76,,1119,38,,,0,79,,1112,38,,,0,34,,1123,38,,,0,75,,1129,38,,,0,34,,1114,38,,,0,107,,1131,38,,,0,101,,1134,38,,,0,145,,1133,38,,,0,107,,1132,38,,,0,103,,1130,38,,,0
600,'Samedi',648,,1137,38,,,0,103,,1146,38,,,0,105,,1138,38,,,0,147,,1147,38,,,0,105,,1139,38,,,0,105,,1148,38,,,0,105,,1140,38,,,0,104,,1149,38,,,0,105,,1141,38,,,0,105,,1150,38,,,0,106,,1142,38,,,0,104,,1151,38,,,0,104,,1143,38,,,0,105,,1152,38,,,0,105,,1144,38,,,0,145,,1153,38,,,0,105,,1145,38,,,0
901,'CsRoyOff',629,,1744,41,,,0,25,,1758,41,,,0,78,,1745,41,,,0,79,,1757,41,,,0,34,,1746,41,,,0,75,,1759,41,,,0,35,,1747,41,,,0,150,,1748,41,,,0,111,,1749,41,,,0,109,,1750,41,,,0,113,,1751,41,,,0,76,,1756,41,,,0,36,,1752,41,,,0,79,,1755,41,,,0,77,,1753,41,,,0,37,,1760,41,,,0,74,,1754,41,,,0,110,,1761,41,,,0
901,'CsRoyOffKerOff',629,,1764,41,,,0,25,,1778,41,,,0,78,,1765,41,,,0,79,,1777,41,,,0,34,,1766,41,,,0,75,,1779,41,,,0,35,,1767,41,,,0,150,,1768,41,,,0,111,,1769,41,,,0,109,,1770,41,,,0,113,,1771,41,,,0,76,,1776,41,,,0,36,,1772,41,,,0,79,,1775,41,,,0,77,,1773,41,,,0,37,,1780,41,,,0,74,,1774,41,,,0,110,,1781,41,,,0
901,'EventOff',629,,1783,41,,,0,25,,1797,41,,,0,78,,1784,41,,,0,79,,1796,41,,,0,34,,1785,41,,,0,75,,1798,41,,,0,35,,1786,41,,,0,150,,1787,41,,,0,111,,1788,41,,,0,109,,1789,41,,,0,113,,1790,41,,,0,76,,1795,41,,,0,36,,1791,41,,,0,79,,1794,41,,,0,77,,1792,41,,,0,37,,1799,41,,,0,74,,1793,41,,,0,110,,1800,41,,,0
901,'EventOn',629,,1801,41,,,0,25,,1815,41,,,0,78,,1802,41,,,0,79,,1814,41,,,0,34,,1803,41,,,0,75,,1816,41,,,0,35,,1804,41,,,0,150,,1805,41,,,0,111,,1806,41,,,0,109,,1807,41,,,0,113,,1808,41,,,0,76,,1813,41,,,0,36,,1809,41,,,0,79,,1812,41,,,0,77,,1810,41,,,0,37,,1817,41,,,0,74,,1811,41,,,0,110,,1818,41,,,0
901,'KerOffPriveOff',629,,1821,41,,,0,25,,1835,41,,,0,78,,1822,41,,,0,79,,1834,41,,,0,34,,1823,41,,,0,75,,1836,41,,,0,35,,1824,41,,,0,150,,1825,41,,,0,111,,1826,41,,,0,109,,1827,41,,,0,113,,1828,41,,,0,76,,1833,41,,,0,36,,1829,41,,,0,79,,1832,41,,,0,77,,1830,41,,,0,37,,1837,41,,,0,74,,1831,41,,,0,110,,1838,41,,,0
160900101,'EventOn',747,,4948,19,,,0
160900101,'KerOffPriveOff',747,,4949,19,,,0
