200,596,1,0,0
200,572,2,0,0
200,1011,3,0,0
200,571,4,0,0
200,79,5,0,0
200,59,6,0,0
200,951,7,0,0
200,574,8,0,0
200,114,9,0,0
200,605,10,0,0
200,55,11,0,0
200,110,12,0,0
200,209,13,0,0
200,712,14,0,0
200,711,15,0,0
200,709,16,0,0
200,708,17,0,0
200,705,18,0,0
200,1544,19,0,0
200,1313,20,0,0
200,1309,21,0,0
200,713,22,0,0
200,693,23,0,0
200,692,24,0,0
200,691,25,0,0
200,687,26,0,0
200,686,27,0,0
200,685,28,0,0
200,1576,29,0,0
200,1579,30,0,0
200,1441,31,0,0
200,70,32,0,0
200,1110,33,0,0
200,1144,34,0,0
200,1145,35,0,0
200,1146,36,0,0
200,1147,37,0,0
200,1148,38,1,1
201,1148,1,0,0
201,1149,2,0,0
201,1150,3,0,0
201,1151,4,0,0
201,1152,5,0,0
201,1153,6,0,0
201,1154,7,0,0
201,1155,8,0,0
201,753,9,0,0
201,684,10,0,0
201,1577,11,0,0
201,683,12,0,0
201,1156,13,0,0
201,1157,14,0,0
201,700,15,0,0
201,699,16,0,0
201,704,17,0,0
201,1545,18,0,0
201,1611,19,0,0
201,1612,20,0,0
201,1592,21,0,0
201,1564,22,0,0
201,710,23,0,0
201,209,24,0,0
201,109,25,0,0
201,604,26,0,0
201,603,27,0,0
201,573,28,0,0
201,576,29,0,0
201,575,30,0,0
201,60,31,0,0
201,78,32,0,0
201,84,33,0,0
201,1158,34,0,0
201,1497,35,0,0
201,596,36,1,1
400,596,1,0,0
400,589,2,0,0
400,588,3,0,0
400,538,4,0,0
400,13,5,0,0
400,9,6,0,0
400,476,7,0,0
400,472,8,0,0
400,470,9,0,0
400,1464,10,0,0
400,386,11,0,0
400,403,12,0,0
400,401,13,0,0
400,920,14,0,0
400,322,15,0,0
400,328,16,0,0
400,324,17,0,0
400,353,18,0,0
400,351,19,0,0
400,284,20,0,0
400,275,21,0,0
400,276,22,0,0
400,277,23,0,0
400,298,24,0,0
400,297,25,0,0
400,296,26,0,0
400,295,27,0,0
400,294,28,0,0
400,248,29,0,0
400,244,30,0,0
400,242,31,0,0
400,241,32,0,0
400,254,33,0,0
400,258,34,0,0
400,256,35,0,0
400,252,36,0,0
400,269,37,0,0
400,268,38,0,0
400,263,39,0,0
400,928,40,1,1
401,928,1,0,0
401,264,2,0,0
401,267,3,0,0
401,259,4,0,0
401,253,5,0,0
401,255,6,0,0
401,257,7,0,0
401,930,8,0,0
401,931,9,0,0
401,243,10,0,0
401,245,11,0,0
401,249,12,0,0
401,293,13,0,0
401,292,14,0,0
401,291,15,0,0
401,290,16,0,0
401,289,17,0,0
401,1174,18,0,0
401,279,19,0,0
401,280,20,0,0
401,283,21,0,0
401,350,22,0,0
401,352,23,0,0
401,327,24,0,0
401,924,25,0,0
401,375,26,0,0
401,991,27,0,0
401,992,28,0,0
401,1659,29,0,0
401,387,30,0,0
401,468,31,0,0
401,469,32,0,0
401,471,33,0,0
401,477,34,0,0
401,12,35,0,0
401,14,36,0,0
401,1301,37,0,0
401,543,38,0,0
401,1437,39,0,0
401,590,40,0,0
401,592,41,0,0
401,596,42,1,1
500,596,1,0,0
500,572,2,0,0
500,80,3,0,0
500,61,4,0,0
500,63,5,0,0
500,65,6,0,0
500,584,7,0,0
500,103,8,0,0
500,115,9,0,0
500,117,10,0,0
500,1,11,0,0
500,566,12,0,0
500,54,13,0,0
500,51,14,0,0
500,1586,15,0,0
500,564,16,0,0
500,560,17,0,0
500,521,18,0,0
500,40,19,0,0
500,38,20,0,0
500,481,21,0,0
500,482,22,0,0
500,479,23,0,0
500,499,24,0,0
500,497,25,0,0
500,502,26,0,0
500,1168,27,0,0
500,1659,28,0,0
500,387,29,0,0
500,386,30,1,1
501,386,1,0,0
501,409,2,0,0
501,501,3,0,0
501,498,4,0,0
501,500,5,0,0
501,478,6,0,0
501,1445,7,0,0
501,480,8,0,0
501,37,9,0,0
501,39,10,0,0
501,463,11,0,0
501,561,12,0,0
501,565,13,0,0
501,1658,14,0,0
501,53,15,0,0
501,3,16,0,0
501,567,17,0,0
501,118,18,0,0
501,116,19,0,0
501,113,20,0,0
501,583,21,0,0
501,66,22,0,0
501,64,23,0,0
501,62,24,0,0
501,83,25,0,0
501,82,26,0,0
501,1204,27,0,0
501,596,28,1,1
600,907,1,0,0
600,910,2,0,0
600,668,3,0,0
600,662,4,0,0
600,868,5,0,0
600,1289,6,0,0
600,622,7,0,0
600,873,8,0,0
600,872,9,0,0
600,614,10,0,0
600,654,11,0,0
600,610,12,0,0
600,609,13,0,0
600,671,14,0,0
600,612,15,0,0
600,638,16,0,0
600,87,17,0,0
600,85,18,0,0
600,635,19,0,0
600,634,20,0,0
600,632,21,0,0
600,629,22,0,0
600,627,23,0,0
600,626,24,0,0
600,624,25,0,0
600,96,26,0,0
600,94,27,0,0
600,104,28,0,0
600,106,29,0,0
600,107,30,0,0
600,97,31,0,0
600,101,32,0,0
600,99,33,0,0
600,88,34,0,0
600,91,35,0,0
600,92,36,0,0
600,394,37,0,0
600,392,38,0,0
600,391,39,0,0
600,1111,40,0,0
600,387,41,0,0
600,386,42,1,1
601,386,1,0,0
601,1112,2,0,0
601,381,3,0,0
601,390,4,0,0
601,395,5,0,0
601,93,6,0,0
601,90,7,0,0
601,89,8,0,0
601,100,9,0,0
601,102,10,0,0
601,98,11,0,0
601,108,12,0,0
601,1434,13,0,0
601,105,14,0,0
601,945,15,0,0
601,95,16,0,0
601,623,17,0,0
601,625,18,0,0
601,628,19,0,0
601,946,20,0,0
601,630,21,0,0
601,633,22,0,0
601,636,23,0,0
601,639,24,0,0
601,86,25,0,0
601,1657,26,0,0
601,947,27,0,0
601,672,28,0,0
601,608,29,0,0
601,611,30,0,0
601,948,31,0,0
601,615,32,0,0
601,613,33,0,0
601,619,34,0,0
601,874,35,0,0
601,1164,36,0,0
601,659,37,0,0
601,661,38,0,0
601,664,39,0,0
601,666,40,0,0
601,907,41,1,1
800,170,1,0,0
800,1017,2,0,0
800,144,3,0,0
800,166,4,0,0
800,1177,5,0,0
800,151,6,0,0
800,148,7,0,0
800,218,8,0,0
800,220,9,0,0
800,212,10,0,0
800,211,11,0,0
800,217,12,0,0
800,216,13,0,0
800,209,14,0,0
800,712,15,0,0
800,711,16,0,0
800,1311,17,0,0
800,1477,18,0,0
800,794,19,0,0
800,793,20,0,0
800,1565,21,0,0
800,1563,22,0,0
800,194,23,0,0
800,199,24,0,0
800,1495,25,0,0
800,1494,26,0,0
800,787,27,0,0
800,785,28,0,0
800,779,29,0,0
800,783,30,0,0
800,777,31,0,0
800,1516,32,0,0
800,1518,33,0,0
800,1552,34,0,0
800,1556,35,0,0
800,681,36,0,0
800,680,37,0,0
800,679,38,0,0
800,678,39,0,0
800,1571,40,0,0
800,1000,41,0,0
800,1045,42,0,0
800,1002,43,0,0
800,1042,44,0,0
800,1044,45,0,0
800,1043,46,1,1
801,1043,1,0,0
801,1574,2,0,0
801,1572,3,0,0
801,1573,4,0,0
801,1575,5,0,0
801,1551,6,0,0
801,689,7,0,0
801,698,8,0,0
801,697,9,0,0
801,1517,10,0,0
801,1004,11,0,0
801,1003,12,0,0
801,780,13,0,0
801,786,14,0,0
801,789,15,0,0
801,788,16,0,0
801,1569,17,0,0
801,1568,18,0,0
801,1493,19,0,0
801,197,20,0,0
801,193,21,0,0
801,1594,22,0,0
801,796,23,0,0
801,795,24,0,0
801,1478,25,0,0
801,706,26,0,0
801,707,27,0,0
801,710,28,0,0
801,209,29,0,0
801,202,30,0,0
801,214,31,0,0
801,213,32,0,0
801,210,33,0,0
801,219,34,0,0
801,221,35,0,0
801,147,36,0,0
801,150,37,0,0
801,164,38,0,0
801,950,39,0,0
801,162,40,0,0
801,757,41,0,0
801,1436,42,0,0
801,943,43,0,0
801,170,44,1,1
900,386,1,0,0
900,1112,2,0,0
900,381,3,0,0
900,390,4,0,0
900,395,5,0,0
900,981,6,0,0
900,870,7,0,0
900,872,8,0,0
900,614,9,0,0
900,654,10,0,0
900,886,11,0,0
900,1654,12,0,0
900,959,13,0,0
900,891,14,0,0
900,1430,15,0,0
900,903,16,0,0
900,1428,17,0,0
900,901,18,0,0
900,1419,19,0,0
900,843,20,0,0
900,1456,21,0,0
900,1455,22,0,0
900,1454,23,0,0
900,842,24,0,0
900,846,25,0,0
900,1431,26,0,0
900,225,27,0,0
900,226,28,0,0
900,229,29,0,0
900,1645,30,0,0
900,851,31,0,0
900,850,32,0,0
900,853,33,0,0
900,1661,34,0,0
900,1539,35,0,0
900,1618,36,0,0
900,1663,37,0,0
900,1664,38,0,0
900,1619,39,0,0
900,1620,40,0,0
900,1621,41,0,0
900,1622,42,0,0
900,1623,43,0,0
900,1624,44,0,0
900,235,45,0,0
900,847,46,0,0
900,1424,47,0,0
900,857,48,0,0
900,858,49,0,0
900,800,50,0,0
900,1409,51,0,0
900,1411,52,0,0
900,1412,53,0,0
900,1410,54,0,0
900,128,55,1,1
901,2,1,0,0
901,1410,2,0,0
901,1408,3,0,0
901,1426,4,0,0
901,801,5,0,0
901,859,6,0,0
901,856,7,0,0
901,1425,8,0,0
901,848,9,0,0
901,237,10,0,0
901,236,11,0,0
901,1665,12,0,0
901,1625,13,0,0
901,1626,14,0,0
901,1627,15,0,0
901,1628,16,0,0
901,1629,17,0,0
901,1630,18,0,0
901,1538,19,0,0
901,1662,20,0,0
901,852,21,0,0
901,956,22,0,0
901,849,23,0,0
901,1646,24,0,0
901,228,25,0,0
901,227,26,0,0
901,957,27,0,0
901,224,28,0,0
901,223,29,0,0
901,844,30,0,0
901,841,31,0,0
901,1456,32,0,0
901,1455,33,0,0
901,1454,34,0,0
901,904,35,0,0
901,1420,36,0,0
901,900,37,0,0
901,1427,38,0,0
901,1423,39,0,0
901,1429,40,0,0
901,890,41,0,0
901,888,42,0,0
901,1653,43,0,0
901,887,44,0,0
901,885,45,0,0
901,615,46,0,0
901,613,47,0,0
901,980,48,0,0
901,871,49,0,0
901,394,50,0,0
901,392,51,0,0
901,391,52,0,0
901,1111,53,0,0
901,387,54,0,0
901,386,55,1,1
1000,596,1,0,0
1000,589,2,0,0
1000,588,3,0,0
1000,936,4,0,0
1000,170,5,0,0
1000,1017,6,0,0
1000,1488,7,0,0
1000,1582,8,0,0
1000,1583,9,0,0
1000,721,10,0,0
1000,205,11,0,0
1000,1509,12,0,0
1000,1613,13,0,0
1000,1051,14,0,0
1000,1540,15,0,0
1000,1532,16,0,0
1000,1524,17,0,0
1000,1304,18,0,0
1000,1305,19,0,0
1000,1463,20,0,0
1000,158,21,0,0
1000,1486,22,0,0
1000,1481,23,0,0
1000,1462,24,0,0
1000,1124,25,0,0
1000,1125,26,0,0
1000,1053,27,0,0
1000,1126,28,0,0
1000,1127,29,0,0
1000,1128,30,0,0
1000,1129,31,0,0
1000,1130,32,0,0
1000,1131,33,0,0
1000,1310,34,1,1
1001,1310,1,0,0
1001,1132,2,0,0
1001,1133,3,0,0
1001,1522,4,0,0
1001,1521,5,0,0
1001,1525,6,0,0
1001,1054,7,0,0
1001,1526,8,0,0
1001,1138,9,0,0
1001,1303,10,0,0
1001,1393,11,0,0
1001,1523,12,0,0
1001,1533,13,0,0
1001,1052,14,0,0
1001,1614,15,0,0
1001,1238,16,0,0
1001,204,17,0,0
1001,206,18,0,0
1001,939,19,0,0
1001,940,20,0,0
1001,941,21,0,0
1001,1655,22,0,0
1001,943,23,0,0
1001,170,24,0,0
1001,543,25,0,0
1001,1437,26,0,0
1001,590,27,0,0
1001,592,28,0,0
1001,596,29,1,1
1100,596,1,0,0
1100,591,2,0,0
1100,569,3,0,0
1100,26,4,0,0
1100,547,5,0,0
1100,549,6,0,0
1100,550,7,0,0
1100,557,8,0,0
1100,555,9,0,0
1100,494,10,0,0
1100,1615,11,0,0
1100,1180,12,0,0
1100,669,13,0,0
1100,1181,14,0,0
1100,907,15,0,0
1100,960,16,0,0
1100,961,17,0,0
1100,962,18,0,0
1100,963,19,0,0
1100,660,20,0,0
1100,658,21,0,0
1100,656,22,0,0
1100,139,23,0,0
1100,141,24,0,0
1100,640,25,0,0
1100,642,26,0,0
1100,135,27,0,0
1100,136,28,0,0
1100,133,29,0,0
1100,129,30,0,0
1100,125,31,0,0
1100,127,32,0,0
1100,119,33,0,0
1100,1643,34,0,0
1100,1137,35,0,0
1100,131,36,0,0
1100,1140,37,0,0
1100,781,38,0,0
1100,1653,39,0,0
1100,887,40,0,0
1100,1648,41,0,0
1100,1649,42,0,0
1100,1466,43,1,1
1100,1236,44,1,1
1101,1466,1,0,0
1101,1469,2,0,0
1101,1635,3,0,0
1101,1636,4,0,0
1101,1637,5,0,0
1101,120,6,0,0
1101,966,7,0,0
1101,128,8,0,0
1101,126,9,0,0
1101,1236,10,0,0
1101,130,11,0,0
1101,967,12,0,0
1101,137,13,0,0
1101,134,14,0,0
1101,641,15,0,0
1101,143,16,0,0
1101,142,17,0,0
1101,140,18,0,0
1101,657,19,0,0
1101,655,20,0,0
1101,1435,21,0,0
1101,968,22,0,0
1101,969,23,0,0
1101,970,24,0,0
1101,971,25,0,0
1101,907,26,0,0
1101,972,27,0,0
1101,973,28,0,0
1101,1067,29,0,0
1101,432,30,0,0
1101,553,31,0,0
1101,552,32,0,0
1101,551,33,0,0
1101,548,34,0,0
1101,546,35,0,0
1101,25,36,0,0
1101,1068,37,0,0
1101,1109,38,0,0
1101,596,39,1,1
1200,209,1,0,0
1200,202,2,0,0
1200,214,3,0,0
1200,213,4,0,0
1200,210,5,0,0
1200,219,6,0,0
1200,221,7,0,0
1200,147,8,0,0
1200,150,9,0,0
1200,164,10,0,0
1200,936,11,0,0
1200,170,12,0,0
1200,759,13,0,0
1200,837,14,0,0
1200,1018,15,0,0
1200,1519,16,0,0
1200,1561,17,0,0
1200,1049,18,0,0
1200,1050,19,0,0
1200,1543,20,0,0
1200,1491,21,0,0
1200,1490,22,0,0
1200,840,23,0,0
1200,835,24,0,0
1200,771,25,0,0
1200,770,26,0,0
1200,1100,27,0,0
1200,320,28,0,0
1200,767,29,0,0
1200,766,30,0,0
1200,772,31,0,0
1200,762,32,0,0
1200,761,33,0,0
1200,812,34,0,0
1200,811,35,0,0
1200,810,36,0,0
1200,807,37,0,0
1200,816,38,0,0
1200,814,39,0,0
1200,813,40,0,0
1200,1101,41,0,0
1200,1102,42,0,0
1200,1106,43,0,0
1200,1085,44,1,1
1201,1085,1,0,0
1201,1086,2,0,0
1201,1396,3,0,0
1201,1401,4,0,0
1201,828,5,0,0
1201,827,6,0,0
1201,1091,7,0,0
1201,1092,8,0,0
1201,821,9,0,0
1201,820,10,0,0
1201,819,11,0,0
1201,817,12,0,0
1201,815,13,0,0
1201,1103,14,0,0
1201,978,15,0,0
1201,760,16,0,0
1201,765,17,0,0
1201,764,18,0,0
1201,763,19,0,0
1201,10,20,0,0
1201,1104,21,0,0
1201,769,22,0,0
1201,768,23,0,0
1201,834,24,0,0
1201,839,25,0,0
1201,1549,26,0,0
1201,1492,27,0,0
1201,1489,28,0,0
1201,1597,29,0,0
1201,748,30,0,0
1201,1596,31,0,0
1201,1033,32,0,0
1201,836,33,0,0
1201,157,34,0,0
1201,1069,35,0,0
1201,943,36,0,0
1201,170,37,0,0
1201,746,38,0,0
1201,163,39,0,0
1201,151,40,0,0
1201,148,41,0,0
1201,218,42,0,0
1201,220,43,0,0
1201,212,44,0,0
1201,211,45,0,0
1201,217,46,0,0
1201,216,47,0,0
1201,209,48,1,1
1300,596,1,0,0
1300,591,2,0,0
1300,569,3,0,0
1300,570,4,0,0
1300,542,5,0,0
1300,528,6,0,0
1300,540,7,0,0
1300,537,8,0,0
1300,532,9,0,0
1300,534,10,0,0
1300,535,11,0,0
1300,541,12,0,0
1300,1640,13,0,0
1300,1642,14,0,0
1300,473,15,0,0
1300,466,16,0,0
1300,386,17,0,0
1300,383,18,0,0
1300,382,19,0,0
1300,336,20,0,0
1300,274,21,0,0
1300,334,22,0,0
1300,365,23,0,0
1300,368,24,0,0
1300,305,25,0,0
1300,457,26,0,0
1300,462,27,0,0
1300,404,28,0,0
1300,407,29,0,0
1300,408,30,0,0
1300,501,31,0,0
1300,506,32,0,0
1300,1291,33,0,0
1300,509,34,0,0
1300,378,35,0,0
1300,436,36,0,0
1300,434,37,0,0
1300,438,38,0,0
1300,439,39,0,0
1300,1513,40,0,0
1300,16,41,0,0
1300,447,42,0,0
1300,338,43,0,0
1300,1514,44,0,0
1300,454,45,0,0
1300,357,46,0,0
1300,397,47,0,0
1300,356,48,0,0
1300,343,49,1,1
1301,1447,1,0,0
1301,356,2,0,0
1301,343,3,0,0
1301,341,4,0,0
1301,339,5,0,0
1301,337,6,0,0
1301,446,7,0,0
1301,17,8,0,0
1301,1512,9,0,0
1301,440,10,0,0
1301,437,11,0,0
1301,433,12,0,0
1301,435,13,0,0
1301,377,14,0,0
1301,507,15,0,0
1301,514,16,0,0
1301,505,17,0,0
1301,503,18,0,0
1301,1168,19,0,0
1301,406,20,0,0
1301,405,21,0,0
1301,461,22,0,0
1301,1166,23,0,0
1301,459,24,0,0
1301,1203,25,0,0
1301,304,26,0,0
1301,1176,27,0,0
1301,331,28,0,0
1301,332,29,0,0
1301,333,30,0,0
1301,273,31,0,0
1301,272,32,0,0
1301,913,33,0,0
1301,912,34,0,0
1301,387,35,0,0
1301,386,36,1,1
1301,474,37,0,0
1301,490,38,0,0
1301,1641,39,0,0
1301,1639,40,0,0
1301,544,41,0,0
1301,545,42,0,0
1301,554,43,0,0
1301,536,44,0,0
1301,539,45,0,0
1301,1170,46,0,0
1301,1161,47,0,0
1301,1171,48,0,0
1301,1109,49,0,0
1301,596,50,1,1
1301,1291,51,1,1
1400,386,1,0,0
1400,383,2,0,0
1400,382,3,0,0
1400,336,4,0,0
1400,274,5,0,0
1400,334,6,0,0
1400,365,7,0,0
1400,1061,8,0,0
1400,1302,9,0,0
1400,1012,10,0,0
1400,1013,11,0,0
1400,1014,12,0,0
1400,1016,13,0,0
1400,1470,14,0,0
1400,1457,15,0,0
1400,1472,16,0,0
1400,1458,17,0,0
1400,1473,18,0,0
1400,1474,19,0,0
1400,982,20,0,0
1400,271,21,0,0
1400,987,22,0,0
1400,1475,23,0,0
1400,270,24,0,0
1400,1182,25,0,0
1400,1190,26,1,1
1400,1414,27,0,0
1400,1415,28,0,0
1400,1397,29,0,0
1400,1417,30,0,0
1400,1398,31,0,0
1400,1399,32,0,0
1400,1406,33,0,0
1400,1400,34,0,0
1400,1402,35,0,0
1400,1403,36,0,0
1400,1331,37,0,0
1400,1404,38,0,0
1400,1405,39,0,0
1400,1183,40,0,0
1400,1184,41,0,0
1400,1185,42,0,0
1400,1187,43,0,0
1400,1186,44,1,1
1401,1186,1,0,0
1401,1188,2,0,0
1401,1344,3,0,0
1401,1407,4,0,0
1401,1418,5,0,0
1401,985,6,0,0
1401,986,7,0,0
1401,1422,8,0,0
1401,1432,9,0,0
1401,1442,10,0,0
1401,1440,11,0,0
1401,1443,12,0,0
1401,1190,13,0,0
1401,1194,14,0,0
1401,1191,15,0,0
1401,1192,16,0,0
1401,1193,17,0,0
1401,1476,18,0,0
1401,1480,19,0,0
1401,1482,20,0,0
1401,1485,21,0,0
1401,1487,22,0,0
1401,1496,23,0,0
1401,1414,24,0,0
1401,1415,25,0,0
1401,1397,26,0,0
1401,1417,27,0,0
1401,1398,28,0,0
1401,1399,29,0,0
1401,1406,30,0,0
1401,1010,31,0,0
1401,1196,32,0,0
1401,1606,33,0,0
1401,1607,34,0,0
1401,331,35,0,0
1401,332,36,0,0
1401,333,37,0,0
1401,273,38,0,0
1401,272,39,0,0
1401,913,40,0,0
1401,912,41,0,0
1401,387,42,0,0
1401,386,43,1,1
1600,386,1,0,0
1600,383,2,0,0
1600,1189,3,0,0
1600,935,4,0,0
1600,1203,5,0,0
1600,456,6,0,0
1600,304,7,0,0
1600,1176,8,0,0
1600,1061,9,0,0
1600,1302,10,0,0
1600,1012,11,0,0
1600,1013,12,0,0
1600,1014,13,0,0
1600,1016,14,0,0
1600,1019,15,0,0
1600,1470,16,0,0
1600,1330,17,0,0
1600,1324,18,0,0
1600,1325,19,0,0
1600,1326,20,0,0
1600,889,21,0,0
1600,1341,22,0,0
1600,1589,23,0,0
1600,1590,24,0,0
1600,886,25,0,0
1600,1654,26,0,0
1600,773,27,0,0
1600,774,28,0,0
1600,132,29,0,0
1600,775,30,0,0
1600,776,31,0,0
1600,1634,32,0,0
1600,778,33,0,0
1600,1465,34,0,0
1600,1466,35,1,1
1601,1466,1,0,0
1601,1469,2,0,0
1601,1635,3,0,0
1601,1636,4,0,0
1601,1637,5,0,0
1601,1137,6,0,0
1601,131,7,0,0
1601,1140,8,0,0
1601,781,9,0,0
1601,1653,10,0,0
1601,887,11,0,0
1601,1604,12,0,0
1601,1605,13,0,0
1601,1346,14,0,0
1601,984,15,0,0
1601,1327,16,0,0
1601,1328,17,0,0
1601,1322,18,0,0
1601,1329,19,0,0
1601,1471,20,0,0
1601,1562,21,0,0
1601,1010,22,0,0
1601,1196,23,0,0
1601,1606,24,0,0
1601,1607,25,0,0
1601,1197,26,0,0
1601,368,27,0,0
1601,456,28,0,0
1601,1656,29,0,0
1601,911,30,0,0
1601,944,31,0,0
1601,913,32,0,0
1601,912,33,0,0
1601,387,34,0,0
1601,386,35,1,1
1700,209,1,0,0
1700,1113,2,0,0
1700,1115,3,0,0
1700,194,4,0,0
1700,199,5,0,0
1700,721,6,0,0
1700,205,7,0,0
1700,1248,8,0,0
1700,1122,9,0,0
1700,1134,10,0,0
1700,1136,11,0,0
1700,836,12,0,0
1700,157,13,0,0
1700,1069,14,0,0
1700,943,15,0,0
1700,170,16,1,1
1701,170,1,0,0
1701,759,2,0,0
1701,837,3,0,0
1701,1018,4,0,0
1701,1519,5,0,0
1701,1135,6,0,0
1701,1123,7,0,0
1701,1143,8,0,0
1701,204,9,0,0
1701,206,10,0,0
1701,1141,11,0,0
1701,197,12,0,0
1701,193,13,0,0
1701,1142,14,0,0
1701,1114,15,0,0
1701,211,16,0,0
1701,217,17,0,0
1701,216,18,0,0
1701,209,19,1,1
2500,596,1,0,0
2500,589,2,0,0
2500,588,3,0,0
2500,538,4,0,0
2500,486,5,0,0
2500,489,6,0,0
2500,491,7,0,0
2500,473,8,0,0
2500,466,9,0,0
2500,386,10,0,0
2500,383,11,0,0
2500,382,12,0,0
2500,335,13,0,0
2500,388,14,0,0
2500,935,15,0,0
2500,1203,16,0,0
2500,304,17,0,0
2500,1176,18,0,0
2500,1061,19,0,0
2500,363,20,0,0
2500,1479,21,0,0
2500,1542,22,0,0
2500,317,23,0,0
2500,1483,24,0,0
2500,1484,25,0,0
2500,1528,26,0,0
2500,1498,27,0,0
2500,1508,28,0,0
2500,1471,29,0,0
2500,1291,30,0,0
2500,1562,31,0,0
2500,1504,32,0,0
2500,1503,33,0,0
2500,1373,34,0,0
2500,1374,35,0,0
2500,1375,36,0,0
2500,1376,37,0,0
2500,1377,38,0,0
2500,287,39,0,0
2500,298,40,0,0
2500,297,41,0,0
2500,993,42,0,0
2500,1449,43,0,0
2500,1450,44,0,0
2500,1451,45,0,0
2500,1452,46,0,0
2500,1453,47,0,0
2500,299,48,0,0
2500,1500,49,0,0
2500,1501,50,0,0
2500,1505,51,0,0
2500,1499,52,0,0
2500,1531,53,0,0
2500,1371,54,0,0
2500,376,55,1,1
2500,369,56,1,1
2500,1447,57,1,1
2501,369,1,0,0
2501,376,2,0,0
2501,1502,3,0,0
2501,1560,4,0,0
2501,1015,5,0,0
2501,286,6,0,0
2501,285,7,0,0
2501,1447,8,0,0
2501,288,9,0,0
2501,281,10,0,0
2501,361,11,0,0
2501,316,12,0,0
2501,311,13,0,0
2501,362,14,0,0
2501,364,15,0,0
2501,1197,16,0,0
2501,368,17,0,0
2501,305,18,0,0
2501,1656,19,0,0
2501,911,20,0,0
2501,944,21,0,0
2501,913,22,0,0
2501,912,23,0,0
2501,387,24,0,0
2501,468,25,0,0
2501,1558,26,0,0
2501,1467,27,0,0
2501,1559,28,0,0
2501,499,29,0,0
2501,497,30,0,0
2501,1107,31,0,0
2501,1529,32,0,0
2501,480,33,0,0
2501,37,34,0,0
2501,39,35,0,0
2501,463,36,0,0
2501,561,37,0,0
2501,562,38,0,0
2501,41,39,0,0
2501,43,40,0,0
2501,20,41,0,0
2501,21,42,0,0
2501,19,43,0,0
2501,915,44,0,0
2501,76,45,0,0
2501,71,46,0,0
2501,81,47,0,0
2501,596,48,1,1
2501,1291,49,1,1
2600,596,1,0,0
2600,589,2,0,0
2600,588,3,0,0
2600,530,4,0,0
2600,919,5,0,0
2600,918,6,0,0
2600,18,7,0,0
2600,23,8,0,0
2600,22,9,0,0
2600,44,10,0,0
2600,42,11,0,0
2600,563,12,0,0
2600,1439,13,0,0
2600,560,14,0,0
2600,521,15,0,0
2600,40,16,0,0
2600,38,17,0,0
2600,481,18,0,0
2600,1291,19,0,0
2600,1530,20,0,0
2600,1357,21,0,0
2600,1358,22,0,0
2600,500,23,0,0
2600,478,24,0,0
2600,1557,25,0,0
2600,1464,26,0,0
2600,386,27,1,1
2601,386,1,0,0
2601,387,2,0,0
2601,474,3,0,0
2601,475,4,0,0
2601,483,5,0,0
2601,485,6,0,0
2601,1301,7,0,0
2601,543,8,0,0
2601,1437,9,0,0
2601,590,10,0,0
2601,592,11,0,0
2601,596,12,1,1
5000,386,1,0,0
5000,409,2,0,0
5000,501,3,0,0
5000,498,4,0,0
5000,1107,5,0,0
5000,1097,6,0,0
5000,519,7,0,0
5000,525,8,0,0
5000,524,9,0,0
5000,40,10,0,0
5000,38,11,0,0
5000,481,12,0,0
5000,1007,13,0,0
5000,1001,14,0,0
5000,472,15,0,0
5000,470,16,0,0
5000,1464,17,0,0
6000,386,1,0,0
6000,387,2,0,0
6000,468,3,0,0
6000,1558,4,0,0
6000,1467,5,0,0
6000,1559,6,0,0
6000,1445,7,0,0
6000,480,8,0,0
6000,37,9,0,0
6000,39,10,0,0
6000,522,11,0,0
6000,520,12,0,0
6000,516,13,0,0
6000,515,14,0,0
6000,513,15,0,0
6000,559,16,0,0
6000,496,17,0,0
6000,35,18,0,0
6000,936,19,0,0
6000,170,20,0,0
6000,1315,21,0,0
6000,169,22,0,0
6000,160,23,0,0
6000,159,24,0,0
6000,742,25,0,0
6000,1519,26,0,0
6000,838,27,0,0
6000,743,28,0,0
6000,738,29,0,0
6000,737,30,0,0
6000,732,31,0,0
6000,731,32,0,0
6000,730,33,0,0
6000,729,34,0,0
6000,736,35,0,0
6000,735,36,0,0
6000,734,37,0,0
6000,733,38,1,1
6000,1291,39,1,1
6001,733,1,0,0
6001,1340,2,0,0
6001,728,3,0,0
6001,727,4,0,0
6001,176,5,0,0
6001,182,6,0,0
6001,1139,7,0,0
6001,180,8,0,0
6001,1179,9,0,0
6001,1062,10,0,0
6001,1248,11,0,0
6001,1029,12,0,0
6001,1031,13,0,0
6001,1047,14,0,0
6001,1048,15,0,0
6001,152,16,0,0
6001,1105,17,0,0
6001,745,18,0,0
6001,836,19,0,0
6001,156,20,0,0
6001,155,21,0,0
6001,161,22,0,0
6001,168,23,0,0
6001,1316,24,0,0
6001,170,25,0,0
6001,36,26,0,0
6001,495,27,0,0
6001,933,28,0,0
6001,558,29,0,0
6001,517,30,0,0
6001,518,31,0,0
6001,519,32,0,0
6001,525,33,0,0
6001,524,34,0,0
6001,40,35,0,0
6001,38,36,0,0
6001,481,37,0,0
6001,1291,38,0,0
6001,482,39,0,0
6001,479,40,0,0
6001,1557,41,0,0
6001,1464,42,0,0
6001,386,43,1,1
8900,907,1,0,0
8900,910,2,0,0
8900,668,3,0,0
8900,662,4,0,0
8900,868,5,0,0
8900,1289,6,0,0
8900,622,7,0,0
8900,873,8,0,0
8900,872,9,0,0
8900,614,10,0,0
8900,654,11,0,0
8900,886,12,0,0
8900,1654,13,0,0
8900,959,14,0,0
8900,891,15,0,0
8900,1430,16,0,0
8900,903,17,0,0
8900,1428,18,0,0
8900,901,19,0,0
8900,1419,20,0,0
8900,843,21,0,0
8900,842,22,0,0
8900,846,23,0,0
8900,1431,24,0,0
8900,225,25,0,0
8900,226,26,0,0
8900,229,27,0,0
8900,1645,28,0,0
8900,851,29,0,0
8900,850,30,0,0
8900,853,31,0,0
8900,1661,32,0,0
8900,1539,33,0,0
8900,1618,34,0,0
8900,1663,35,0,0
8900,1664,36,0,0
8900,847,37,0,0
8900,1424,38,0,0
8900,857,39,0,0
8900,858,40,0,0
8900,800,41,0,0
8900,1409,42,0,0
8900,1411,43,0,0
8900,1412,44,0,0
8900,1410,45,1,1
8901,1410,1,0,0
8901,1408,2,0,0
8901,1426,3,0,0
8901,801,4,0,0
8901,859,5,0,0
8901,856,6,0,0
8901,1425,7,0,0
8901,848,8,0,0
8901,237,9,0,0
8901,236,10,0,0
8901,1665,11,0,0
8901,1625,12,0,0
8901,1626,13,0,0
8901,1627,14,0,0
8901,956,15,0,0
8901,849,16,0,0
8901,1646,17,0,0
8901,228,18,0,0
8901,227,19,0,0
8901,957,20,0,0
8901,224,21,0,0
8901,223,22,0,0
8901,844,23,0,0
8901,841,24,0,0
8901,904,25,0,0
8901,1420,26,0,0
8901,900,27,0,0
8901,1427,28,0,0
8901,1423,29,0,0
8901,1429,30,0,0
8901,890,31,0,0
8901,888,32,0,0
8901,1653,33,0,0
8901,887,34,0,0
8901,885,35,0,0
8901,615,36,0,0
8901,613,37,0,0
8901,619,38,0,0
8901,874,39,0,0
8901,1164,40,0,0
8901,659,41,0,0
8901,661,42,0,0
8901,664,43,0,0
8901,666,44,0,0
8901,907,45,1,1
111800200,1447,1,0,0
111800200,1347,2,0,0
111800200,1348,3,0,0
111800200,1326,4,0,0
111800200,1365,5,0,0
111800200,1366,6,0,0
111800200,1369,7,0,0
111800200,1370,8,0,0
111800200,1372,9,0,0
111800200,1385,10,0,0
111800200,1387,11,0,0
111800200,1367,12,0,0
111800200,1368,13,0,0
111800200,1351,14,0,0
111800200,1220,15,0,0
111800200,1507,16,0,0
111800200,1448,17,1,1
111800201,1589,1,0,0
111800201,1590,2,0,0
111800201,1507,3,0,0
111800201,1448,4,0,0
111800201,1380,5,0,0
111800201,1381,6,0,0
111800201,1382,7,0,0
111800201,1421,8,0,0
111800201,1383,9,0,0
111800201,1369,10,0,0
111800201,1370,11,0,0
111800201,1372,12,0,0
111800201,1385,13,0,0
111800201,1387,14,0,0
111800201,1384,15,0,0
111800201,1395,16,0,0
111800201,1386,17,0,0
111800201,1347,18,0,0
111800201,1348,19,0,0
111800201,1447,20,1,1
111800300,96,1,0,0
111800300,94,2,0,0
111800300,104,3,0,0
111800300,1014,4,0,0
111800300,1016,5,0,0
111800300,286,6,0,0
111800300,285,7,0,0
111800300,1447,8,1,1
111800301,1447,1,0,0
111800301,1498,2,0,0
111800301,1010,3,0,0
111800301,1196,4,0,0
111800301,105,5,0,0
111800301,945,6,0,0
111800301,95,7,1,1
111800400,615,1,0,0
111800400,613,2,0,0
111800400,619,3,0,0
111800400,980,4,0,0
111800400,871,5,0,0
111800400,93,6,0,0
111800400,90,7,0,0
111800400,89,8,0,0
111800400,100,9,0,0
111800400,102,10,0,0
111800400,98,11,0,0
111800400,108,12,0,0
111800400,1434,13,0,0
111800400,1014,14,0,0
111800400,1016,15,0,0
111800400,286,16,0,0
111800400,285,17,0,0
111800400,1447,18,1,1
111800401,1447,1,0,0
111800401,1498,2,0,0
111800401,1010,3,0,0
111800401,1196,4,0,0
111800401,107,5,0,0
111800401,97,6,0,0
111800401,101,7,0,0
111800401,99,8,0,0
111800401,88,9,0,0
111800401,91,10,0,0
111800401,92,11,0,0
111800401,981,12,0,0
111800401,870,13,0,0
111800401,872,14,0,0
111800401,614,15,0,0
111800401,654,16,1,1
111800500,387,1,0,0
111800500,1558,2,0,0
111800500,1467,3,0,0
111800500,1559,4,0,0
111800500,1445,5,0,0
111800500,480,6,0,0
111800500,37,7,0,0
111800500,39,8,0,0
111800500,522,9,0,0
111800500,520,10,0,0
111800500,516,11,0,0
111800500,515,12,0,0
111800500,513,13,0,0
111800500,559,14,0,0
111800500,496,15,0,0
111800500,35,16,0,0
111800500,936,17,0,0
111800500,170,18,0,0
111800500,1315,19,0,0
111800500,169,20,0,0
111800500,160,21,0,0
111800500,159,22,0,0
111800500,742,23,0,0
111800500,1519,24,0,0
111800500,838,25,0,0
111800500,1816,26,0,0
111800500,1809,27,0,0
111800500,1810,28,0,0
111800500,1811,29,0,0
111800500,1812,30,0,0
111800500,1813,31,0,0
111800500,1814,32,0,0
111800500,1815,33,0,0
111800500,736,34,0,0
111800500,735,35,0,0
111800500,734,36,0,0
111800500,733,37,1,1
111800501,733,1,0,0
111800501,1340,2,0,0
111800501,728,3,0,0
111800501,727,4,0,0
111800501,176,5,0,0
111800501,182,6,0,0
111800501,1139,7,0,0
111800501,180,8,0,0
111800501,1120,9,0,0
111800501,1047,10,0,0
111800501,1048,11,0,0
111800501,152,12,0,0
111800501,1105,13,0,0
111800501,745,14,0,0
111800501,836,15,0,0
111800501,157,16,0,0
111800501,1069,17,0,0
111800501,943,18,0,0
111800501,170,19,0,0
111800501,36,20,0,0
111800501,495,21,0,0
111800501,933,22,0,0
111800501,558,23,0,0
111800501,517,24,0,0
111800501,518,25,0,0
111800501,519,26,0,0
111800501,525,27,0,0
111800501,524,28,0,0
111800501,40,29,0,0
111800501,38,30,0,0
111800501,481,31,0,0
111800501,482,32,0,0
111800501,479,33,0,0
111800501,1557,34,0,0
111800501,1464,35,0,0
111800501,386,36,1,1
160900100,1291,1,0,0
160900100,482,2,0,0
160900100,470,3,0,0
160900100,386,4,0,0
160900100,1112,5,0,0
160900100,381,6,0,0
160900100,390,7,0,0
160900100,395,8,0,0
160900100,981,9,0,0
160900100,870,10,0,0
160900100,947,11,0,0
160900100,672,12,0,0
160900100,608,13,0,0
160900100,611,14,0,0
160900100,948,15,0,0
160900100,615,16,0,0
160900100,613,17,0,0
160900100,619,18,0,0
160900100,874,19,0,0
160900100,1164,20,0,0
160900100,659,21,0,0
160900100,661,22,0,0
160900100,664,23,0,0
160900100,666,24,0,0
160900100,907,25,1,1
160900101,907,1,0,0
160900101,910,2,0,0
160900101,668,3,0,0
160900101,662,4,0,0
160900101,868,5,0,0
160900101,1289,6,0,0
160900101,622,7,0,0
160900101,873,8,0,0
160900101,872,9,0,0
160900101,614,10,0,0
160900101,654,11,0,0
160900101,610,12,0,0
160900101,609,13,0,0
160900101,671,14,0,0
160900101,612,15,0,0
160900101,980,16,0,0
160900101,871,17,0,0
160900101,394,18,0,0
160900101,392,19,0,0
160900101,391,20,0,0
160900101,1111,21,0,0
160900101,387,22,0,0
160900101,468,23,0,0
160900101,469,24,0,0
160900101,1445,25,0,0
160900101,1291,26,1,1
190300200,376,1,0,0
190300200,1502,2,0,0
190300200,1560,3,0,0
190300200,1015,4,0,0
190300200,286,5,0,0
190300200,1447,6,0,0
190300200,288,7,0,0
190300200,281,8,0,0
190300200,350,9,0,0
190300200,352,10,0,0
190300200,327,11,0,0
190300200,571,12,0,0
190300200,1204,13,1,1
190300201,1204,1,0,0
190300201,1447,2,0,0
190300201,1562,3,1,1
190300300,596,1,0,0
190300300,1204,2,0,0
190300300,571,3,1,1
190300301,1446,1,0,0
190300301,1204,2,0,0
190300301,26,3,0,0
190300301,547,4,0,0
190300301,549,5,0,0
190300301,550,6,1,1
190300400,888,1,0,0
190300400,1653,2,0,0
190300400,887,3,0,0
190300400,1466,4,1,1
190300401,1466,1,0,0
190300401,1654,2,0,0
190300401,959,3,1,1
1141500000,1394,1,0,0
1141500000,700,2,0,0
1141500000,699,3,0,0
1141500000,704,4,0,0
1141500000,1545,5,0,0
1141500000,1611,6,0,0
1141500000,1612,7,0,0
1141500000,1592,8,0,0
1141500000,1564,9,0,0
1141500000,710,10,0,0
1141500000,209,11,0,0
1141500000,109,12,0,0
1141500000,604,13,0,0
1141500000,603,14,0,0
1141500000,573,15,0,0
1141500000,576,16,0,0
1141500000,575,17,0,0
1141500000,60,18,0,0
1141500000,78,19,0,0
1141500000,84,20,0,0
1141500000,1158,21,0,0
1141500000,1497,22,0,0
1141500000,596,23,1,1
3080100000,1346,1,0,0
3080100000,984,2,0,0
3080100000,1365,3,0,0
3080100000,1366,4,0,0
3080100000,1369,5,0,0
3080100000,1370,6,0,0
3080100000,1372,7,0,0
3080100000,1385,8,0,0
3080100000,1387,9,0,0
3080100000,1367,10,0,0
3080100000,1368,11,0,0
3080100000,1351,12,0,0
3080100000,1236,13,1,1
3080100001,1236,1,0,0
3080100001,1380,2,0,0
3080100001,1381,3,0,0
3080100001,1382,4,0,0
3080100001,1421,5,0,0
3080100001,1383,6,0,0
3080100001,1369,7,0,0
3080100001,1370,8,0,0
3080100001,1372,9,0,0
3080100001,1385,10,0,0
3080100001,1387,11,0,0
3080100001,1384,12,0,0
3080100001,1395,13,0,0
3080100001,1386,14,0,0
3080100001,889,15,0,0
3080100001,1341,16,0,0
3080100001,1589,17,1,1
3080200000,1562,1,0,0
3080200000,1504,2,0,0
3080200000,1503,3,0,0
3080200000,1373,4,0,0
3080200000,1374,5,0,0
3080200000,1375,6,0,0
3080200000,1376,7,0,0
3080200000,1377,8,0,0
3080200000,287,9,0,0
3080200000,298,10,0,0
3080200000,297,11,0,0
3080200000,993,12,0,0
3080200000,1449,13,0,0
3080200000,1450,14,0,0
3080200000,1451,15,0,0
3080200000,1452,16,0,0
3080200000,1453,17,0,0
3080200000,299,18,0,0
3080200000,1500,19,0,0
3080200000,1501,20,0,0
3080200000,1347,21,0,0
3080200000,1348,22,0,0
3080200000,1507,23,0,0
3080200000,1448,24,0,0
3080200000,1236,25,1,1
3080200001,1236,1,0,0
3080200001,1471,2,0,0
3080200001,1562,3,0,0
3080200001,1504,4,0,0
3080200001,1503,5,0,0
3080200001,1373,6,0,0
3080200001,1374,7,0,0
3080200001,1375,8,0,0
3080200001,1376,9,0,0
3080200001,1377,10,0,0
3080200001,287,11,0,0
3080200001,298,12,0,0
3080200001,297,13,0,0
3080200001,993,14,0,0
3080200001,1449,15,0,0
3080200001,1450,16,0,0
3080200001,1451,17,0,0
3080200001,1452,18,0,0
3080200001,1453,19,0,0
3080200001,299,20,0,0
3080200001,1500,21,0,0
3080200001,1501,22,0,0
3080200001,1502,23,0,0
3080200001,1560,24,0,0
3080200001,1347,25,0,0
3080200001,1348,26,0,0
3080200001,1507,27,0,0
3080200001,1448,28,1,1
3080300000,1562,1,0,0
3080300000,1504,2,0,0
3080300000,1505,3,0,0
3080300000,1499,4,0,0
3080300000,1531,5,0,0
3080300000,1371,6,0,0
3080300000,376,7,0,0
3080300000,1502,8,0,0
3080300000,1560,9,0,0
3080300000,1236,10,1,1
3080300001,1236,1,0,0
3080300001,1471,2,0,0
3080300001,1562,3,0,0
3080300001,1504,4,0,0
3080300001,1505,5,0,0
3080300001,1499,6,0,0
3080300001,1531,7,0,0
3080300001,1371,8,0,0
3080300001,376,9,1,1
3080400000,928,1,0,0
3080400000,264,2,0,0
3080400000,267,3,0,0
3080400000,259,4,0,0
3080400000,253,5,0,0
3080400000,255,6,0,0
3080400000,257,7,0,0
3080400000,930,8,0,0
3080400000,931,9,0,0
3080400000,243,10,0,0
3080400000,245,11,0,0
3080400000,249,12,0,0
3080400000,293,13,0,0
3080400000,292,14,0,0
3080400000,291,15,0,0
3080400000,290,16,0,0
3080400000,289,17,0,0
3080400000,1174,18,0,0
3080400000,279,19,0,0
3080400000,280,20,0,0
3080400000,283,21,0,0
3080400000,1504,22,0,0
3080400000,1503,23,0,0
3080400000,1373,24,0,0
3080400000,1374,25,0,0
3080400000,1375,26,0,0
3080400000,1376,27,0,0
3080400000,1377,28,0,0
3080400000,1500,29,0,0
3080400000,1501,30,0,0
3080400000,1505,31,0,0
3080400000,1499,32,0,0
3080400000,1531,33,0,0
3080400000,1371,34,0,0
3080400000,376,35,0,0
3080400000,1236,36,1,1
3080400001,1236,1,0,0
3080400001,1562,2,0,0
3080400001,1504,3,0,0
3080400001,1503,4,0,0
3080400001,1373,5,0,0
3080400001,1374,6,0,0
3080400001,1375,7,0,0
3080400001,1376,8,0,0
3080400001,1377,9,0,0
3080400001,1500,10,0,0
3080400001,1501,11,0,0
3080400001,1505,12,0,0
3080400001,1499,13,0,0
3080400001,1531,14,0,0
3080400001,1371,15,0,0
3080400001,376,16,0,0
3080400001,284,17,0,0
3080400001,275,18,0,0
3080400001,276,19,0,0
3080400001,277,20,0,0
3080400001,298,21,0,0
3080400001,297,22,0,0
3080400001,296,23,0,0
3080400001,295,24,0,0
3080400001,294,25,0,0
3080400001,248,26,0,0
3080400001,244,27,0,0
3080400001,242,28,0,0
3080400001,241,29,0,0
3080400001,254,30,0,0
3080400001,258,31,0,0
3080400001,256,32,0,0
3080400001,252,33,0,0
3080400001,269,34,0,0
3080400001,268,35,0,0
3080400001,263,36,0,0
3080400001,928,37,1,1
5190100000,1339,1,0,0
5190100000,1804,2,0,0
5190100000,1806,3,0,0
5190100000,726,4,0,0
5190100000,1378,5,0,0
5190100000,398,6,0,0
5190100000,402,7,0,0
5190100000,1379,8,0,0
5190100000,1281,9,0,0
5190100000,1393,10,0,0
5190100000,1523,11,0,0
5190100000,1801,12,0,0
5190100000,1803,13,0,0
5190100000,1802,14,0,0
5190100000,1257,15,1,1
5190100001,1257,1,0,0
5190100001,1523,2,0,0
5190100001,1801,3,0,0
5190100001,1803,4,0,0
5190100001,1802,5,0,0
5190100001,1524,6,0,0
5190100001,1388,7,0,0
5190100001,1389,8,0,0
5190100001,1390,9,0,0
5190100001,1391,10,0,0
5190100001,1392,11,0,0
5190100001,725,12,0,0
5190100001,1807,13,0,0
5190100001,1805,14,0,0
5190100001,1338,15,1,1
5190200001,1257,1,0,0
5190200001,1031,2,1,1
5190300000,1816,1,0,0
5190300000,1809,2,0,0
5190300000,1810,3,0,0
5190300000,1811,4,0,0
5190300000,1812,5,0,0
5190300000,1813,6,0,0
5190300000,1814,7,0,0
5190300000,1815,8,0,0
5190300000,1257,9,1,1
5190300001,1257,1,0,0
5190300001,1816,2,0,0
5190300001,1809,3,0,0
5190300001,1810,4,0,0
5190300001,1811,5,0,0
5190300001,1812,6,0,0
5190300001,1813,7,0,0
5190300001,1814,8,0,0
5190300001,1815,9,1,1
5190400000,1062,1,0,0
5190400000,1257,2,1,1
19200100000,1346,1,0,0
19200100000,984,2,0,0
19200100000,1327,3,0,0
19200100000,1347,4,0,0
19200100000,1348,5,0,0
19200100000,1326,6,0,0
19200100000,1365,7,0,0
19200100000,1366,8,0,0
19200100000,1369,9,0,0
19200100000,1370,10,0,0
19200100000,1372,11,0,0
19200100000,1385,12,0,0
19200100000,1387,13,0,0
19200100000,1367,14,0,0
19200100000,1368,15,0,0
19200100000,1351,16,0,0
19200100000,1220,17,0,0
19200100000,1507,18,0,0
19200100000,1448,19,0,0
19200100000,571,20,0,0
19200100000,1204,21,0,0
19200100000,1291,22,1,1
19200100001,1204,1,0,0
19200100001,1291,2,0,0
19200100001,1507,3,0,0
19200100001,1448,4,0,0
19200100001,1380,5,0,0
19200100001,1381,6,0,0
19200100001,1382,7,0,0
19200100001,1421,8,0,0
19200100001,1383,9,0,0
19200100001,1369,10,0,0
19200100001,1370,11,0,0
19200100001,1372,12,0,0
19200100001,1385,13,0,0
19200100001,1387,14,0,0
19200100001,1384,15,0,0
19200100001,1395,16,0,0
19200100001,1386,17,0,0
19200100001,1347,18,0,0
19200100001,1348,19,0,0
19200100001,889,20,1,1
19200200000,907,1,0,0
19200200000,1204,2,1,1
19200300000,1204,1,0,0
19200300000,170,2,0,0
19200300000,1315,3,0,0
19200300000,169,4,0,0
19200300000,160,5,0,0
19200300000,159,6,0,0
19200300000,742,7,0,0
19200300000,1519,8,0,0
19200300000,838,9,0,0
19200300000,743,10,0,0
19200300000,738,11,0,0
19200300000,737,12,0,0
19200300000,732,13,0,0
19200300000,731,14,0,0
19200300000,730,15,0,0
19200300000,729,16,0,0
19200300000,736,17,0,0
19200300000,735,18,0,0
19200300000,734,19,0,0
19200300000,733,20,1,1
19200300001,733,1,0,0
19200300001,1340,2,0,0
19200300001,728,3,0,0
19200300001,727,4,0,0
19200300001,176,5,0,0
19200300001,182,6,0,0
19200300001,1139,7,0,0
19200300001,180,8,0,0
19200300001,1118,9,0,0
19200300001,1120,10,0,0
19200300001,1047,11,0,0
19200300001,1048,12,0,0
19200300001,152,13,0,0
19200300001,1105,14,0,0
19200300001,745,15,0,0
19200300001,836,16,0,0
19200300001,157,17,0,0
19200300001,1069,18,0,0
19200300001,943,19,0,0
19200300001,170,20,0,0
19200300001,1204,21,0,0
19200300001,571,22,1,1
