401,'CsRoyOff',626,,496,23,,,0,79,,509,23,,,0,32,,519,23,0,7 8,0,4,,493,23,,,0,75,,504,23,,,0,35,,500,23,,,0,75,,512,23,,,0,74,,497,23,,,0,35,,510,23,,,0,75,,494,23,,,0,35,,505,23,,,0,75,,501,23,,,0,35,,513,23,,,0,74,,498,23,,,0,75,,506,23,,,0,36,,502,23,,,0,78,,511,23,,,0,38,,495,23,,,0,79,,508,23,,,0,77,,499,23,,,0,34,,507,23,,,0,75,,503,23,,,0,107,,515,23,,,0,105,,518,23,,,0,105,,517,23,,,0,105,,516,23,,,0,105,,514,23,,,0
401,'CsRoyOffKerOff',626,,523,23,,,0,79,,536,23,,,0,32,,546,23,0,7 8,0,4,,520,23,,,0,75,,531,23,,,0,35,,527,23,,,0,75,,539,23,,,0,74,,524,23,,,0,35,,537,23,,,0,75,,521,23,,,0,35,,532,23,,,0,75,,528,23,,,0,35,,540,23,,,0,74,,525,23,,,0,75,,533,23,,,0,36,,529,23,,,0,78,,538,23,,,0,38,,522,23,,,0,79,,535,23,,,0,77,,526,23,,,0,34,,534,23,,,0,75,,530,23,,,0,107,,542,23,,,0,105,,545,23,,,0,105,,544,23,,,0,105,,543,23,,,0,105,,541,23,,,0
401,'Dimanche',854,,549,23,,,0,104,,550,23,,,0,145,,551,23,,,0,105,,552,23,,,0,105,,553,23,,,0,105,,554,23,,,0,106,,555,23,,,0,104,,556,23,,,0,106,,548,23,,,0,105,,547,23,,,0
401,'EventOff',626,,560,23,,,0,79,,573,23,,,0,36,,557,23,,,0,75,,568,23,,,0,35,,564,23,,,0,75,,576,23,,,0,74,,561,23,,,0,35,,574,23,,,0,75,,558,23,,,0,35,,569,23,,,0,75,,565,23,,,0,35,,577,23,,,0,74,,562,23,,,0,75,,570,23,,,0,36,,566,23,,,0,78,,575,23,,,0,38,,559,23,,,0,79,,572,23,,,0,77,,563,23,,,0,34,,571,23,,,0,75,,567,23,,,0,107,,579,23,,,0,105,,582,23,,,0,105,,581,23,,,0,105,,580,23,,,0,105,,578,23,,,0
401,'EventOn',626,,586,23,,,0,79,,599,23,,,0,32,,609,23,0,7 8,0,4,,583,23,,,0,75,,594,23,,,0,35,,590,23,,,0,75,,602,23,,,0,74,,587,23,,,0,35,,600,23,,,0,75,,584,23,,,0,35,,595,23,,,0,75,,591,23,,,0,35,,603,23,,,0,74,,588,23,,,0,75,,596,23,,,0,36,,592,23,,,0,78,,601,23,,,0,38,,585,23,,,0,79,,598,23,,,0,77,,589,23,,,0,34,,597,23,,,0,75,,593,23,,,0,107,,605,23,,,0,105,,608,23,,,0,105,,607,23,,,0,105,,606,23,,,0,105,,604,23,,,0
401,'KerOffPriveOff',626,,613,23,,,0,79,,626,23,,,0,32,,636,23,0,7 8,0,4,,610,23,,,0,75,,621,23,,,0,35,,617,23,,,0,75,,629,23,,,0,74,,614,23,,,0,35,,627,23,,,0,75,,611,23,,,0,35,,622,23,,,0,75,,618,23,,,0,35,,630,23,,,0,74,,615,23,,,0,75,,623,23,,,0,36,,619,23,,,0,78,,628,23,,,0,38,,612,23,,,0,79,,625,23,,,0,77,,616,23,,,0,34,,624,23,,,0,75,,620,23,,,0,107,,632,23,,,0,105,,635,23,,,0,105,,634,23,,,0,105,,633,23,,,0,105,,631,23,,,0
401,'Samedi',625,,637,23,,,0,104,,638,23,,,0,104,,639,23,,,0,104,,640,23,,,0,104,,641,23,,,0,105,,642,23,,,0,105,,643,23,,,0,105,,644,23,,,0,145,,645,23,,,0,105,,646,23,,,0,105,,647,23,,,0,106,,648,23,,,0,105,,649,23,,,0,105,,650,23,,,0,106,,651,23,,,0,106,,652,23,,,0,105,,653,23,,,0
190300200,'CsRoyOff',738,,4950,10,,,0
190300200,'CsRoyOffKerOff',738,,4951,10,,,0
190300200,'EventOn',738,,4952,10,,,0
