1400,'CsRoyOff',644,,3062,19,,,0,70,,3063,19,,,0,30,,3061,19,,,0,100,,3060,19,,,0
1400,'CsRoyOffKerOff',644,,3069,19,,,0,70,,3070,19,,,0,30,,3068,19,,,0,100,,3067,19,,,0
1400,'EventOff',644,,3076,19,,,0,70,,3077,19,,,0,30,,3075,19,,,0,100,,3074,19,,,0
1400,'EventOn',644,,3083,19,,,0,70,,3084,19,,,0,30,,3082,19,,,0,100,,3081,19,,,0
1400,'KerOffPriveOff',644,,3090,19,,,0,70,,3091,19,,,0,30,,3089,19,,,0,100,,3088,19,,,0
1401,'CsRoyOff',1551,,3094,16,,,0,100,,3093,16,,,0,99,,3092,16,,,0
1401,'CsRoyOffKerOff',1551,,3100,16,,,0,100,,3099,16,,,0,99,,3098,16,,,0
1401,'EventOff',1551,,3106,16,,,0,100,,3105,16,,,0,99,,3104,16,,,0
1401,'EventOn',1551,,3112,16,,,0,100,,3111,16,,,0,99,,3110,16,,,0
1401,'KerOffPriveOff',1551,,3118,16,,,0,100,,3117,16,,,0,99,,3116,16,,,0
