901,'CsRoyOff',617,,1744,18,,,0,24,,1758,18,,,0,70,,1762,24,0,5,0,7,,1745,18,,,0,1,,1763,24,0,6,0,38,,1757,18,,,0,74,,1746,18,,,0,76,,1759,18,,,0,35,,1747,18,,,0,110,,1748,18,,,0,151,,1749,18,,,0,109,,1750,18,,,0,111,,1751,18,,,0,36,,1756,18,,,0,76,,1752,18,,,0,79,,1755,18,,,0,37,,1753,18,,,0,77,,1760,18,,,0,75,,1754,18,,,0,110,,1761,18,,,0
901,'CsRoyOffKerOff',617,,1764,18,,,0,24,,1778,18,,,0,70,,1782,24,0,5,0,7,,1765,18,,,0,39,,1777,18,,,0,74,,1766,18,,,0,76,,1779,18,,,0,35,,1767,18,,,0,110,,1768,18,,,0,151,,1769,18,,,0,109,,1770,18,,,0,111,,1771,18,,,0,36,,1776,18,,,0,76,,1772,18,,,0,79,,1775,18,,,0,37,,1773,18,,,0,77,,1780,18,,,0,75,,1774,18,,,0,110,,1781,18,,,0
901,'EventOff',617,,1783,18,,,0,24,,1797,18,,,0,77,,1784,18,,,0,39,,1796,18,,,0,74,,1785,18,,,0,76,,1798,18,,,0,35,,1786,18,,,0,110,,1787,18,,,0,151,,1788,18,,,0,109,,1789,18,,,0,111,,1790,18,,,0,36,,1795,18,,,0,76,,1791,18,,,0,79,,1794,18,,,0,37,,1792,18,,,0,77,,1799,18,,,0,75,,1793,18,,,0,110,,1800,18,,,0
901,'EventOn',617,,1801,18,,,0,24,,1815,18,,,0,70,,1819,24,0,5,0,7,,1802,18,,,0,1,,1820,24,0,6,0,38,,1814,18,,,0,74,,1803,18,,,0,76,,1816,18,,,0,35,,1804,18,,,0,110,,1805,18,,,0,151,,1806,18,,,0,109,,1807,18,,,0,111,,1808,18,,,0,36,,1813,18,,,0,76,,1809,18,,,0,79,,1812,18,,,0,37,,1810,18,,,0,77,,1817,18,,,0,75,,1811,18,,,0,110,,1818,18,,,0
901,'KerOffPriveOff',617,,1821,18,,,0,24,,1835,18,,,0,77,,1822,18,,,0,39,,1834,18,,,0,74,,1823,18,,,0,76,,1836,18,,,0,35,,1824,18,,,0,110,,1825,18,,,0,151,,1826,18,,,0,109,,1827,18,,,0,111,,1828,18,,,0,36,,1833,18,,,0,76,,1829,18,,,0,79,,1832,18,,,0,37,,1830,18,,,0,77,,1837,18,,,0,75,,1831,18,,,0,110,,1838,18,,,0
8901,'CsRoyOff',2018,,4880,18,,,0,105,,4879,18,,,0,105,,4878,18,,,0,105,,4877,18,,,0
8901,'CsRoyOffKerOff',2018,,4884,18,,,0,105,,4883,18,,,0,105,,4882,18,,,0,105,,4881,18,,,0
8901,'Dimanche',836,,4886,18,,,0,105,,4888,18,,,0,106,,4890,18,,,0,105,,4891,18,,,0,105,,4892,18,,,0,145,,4893,18,,,0,105,,4894,18,,,0,105,,4895,18,,,0,105,,4885,18,,,0,104,,4889,18,,,0,101,,4887,18,,,0
8901,'EventOff',2018,,4899,18,,,0,105,,4898,18,,,0,105,,4897,18,,,0,105,,4896,18,,,0
8901,'EventOn',2018,,4903,18,,,0,105,,4902,18,,,0,105,,4901,18,,,0,105,,4900,18,,,0
8901,'KerOffPriveOff',2018,,4907,18,,,0,105,,4906,18,,,0,105,,4905,18,,,0,105,,4904,18,,,0
8901,'Samedi',711,,4916,18,,,0,105,,4908,18,,,0,106,,4917,18,,,0,105,,4909,18,,,0,105,,4918,18,,,0,105,,4910,18,,,0,104,,4919,18,,,0,105,,4911,18,,,0,105,,4920,18,,,0,106,,4912,18,,,0,144,,4921,18,,,0,105,,4913,18,,,0,105,,4922,18,,,0,105,,4914,18,,,0,105,,4923,18,,,0,105,,4915,18,,,0
