2501,'CsRoyOff',632,,3731,25,,,0,74,,3733,25,,,0,40,,3732,25,,,0,77,,3734,25,,,0,33,,3752,25,,,0,74,,3735,25,,,0,75,,3736,25,,,0,35,,3737,25,,,0,75,,3738,25,,,0,35,,3739,25,,,0,75,,3740,25,,,0,75,,3741,25,,,0,35,,3742,25,,,0,75,,3743,25,,,0,35,,3744,25,,,0,78,,3745,25,,,0,79,,3746,25,,,0,38,,3747,25,,,0,76,,3748,25,,,0,35,,3749,25,,,0,75,,3750,25,,,0,33,,3751,25,,,0,75,,3753,25,,,0,104,,3754,25,,,0,105,,3755,25,,,0,105,,3756,25,,,0,105,,3757,25,,,0
2501,'CsRoyOffKerOff',632,,3759,25,,,0,74,,3761,25,,,0,40,,3760,25,,,0,77,,3762,25,,,0,33,,3780,25,,,0,74,,3763,25,,,0,75,,3764,25,,,0,35,,3765,25,,,0,75,,3766,25,,,0,35,,3767,25,,,0,75,,3768,25,,,0,75,,3769,25,,,0,35,,3770,25,,,0,75,,3771,25,,,0,35,,3772,25,,,0,78,,3773,25,,,0,79,,3774,25,,,0,38,,3775,25,,,0,76,,3776,25,,,0,35,,3777,25,,,0,75,,3778,25,,,0,33,,3779,25,,,0,75,,3781,25,,,0,104,,3782,25,,,0,105,,3783,25,,,0,105,,3784,25,,,0,105,,3785,25,,,0
2501,'Dimanche',858,,3788,25,,,0,145,,3789,25,,,0,105,,3790,25,,,0,105,,3791,25,,,0,105,,3792,25,,,0,105,,3793,25,,,0,105,,3794,25,,,0,105,,3795,25,,,0,105,,3787,25,,,0,105,,3786,25,,,0
2501,'EventOff',632,,3796,25,,,0,74,,3798,25,,,0,40,,3797,25,,,0,77,,3799,25,,,0,33,,3817,25,,,0,74,,3800,25,,,0,75,,3801,25,,,0,35,,3802,25,,,0,75,,3803,25,,,0,35,,3804,25,,,0,75,,3805,25,,,0,75,,3806,25,,,0,35,,3807,25,,,0,75,,3808,25,,,0,35,,3809,25,,,0,78,,3810,25,,,0,79,,3811,25,,,0,38,,3812,25,,,0,76,,3813,25,,,0,35,,3814,25,,,0,75,,3815,25,,,0,33,,3816,25,,,0,75,,3818,25,,,0,104,,3819,25,,,0,105,,3820,25,,,0,105,,3821,25,,,0,105,,3822,25,,,0
2501,'EventOn',632,,3823,25,,,0,74,,3825,25,,,0,31,,3850,25,0,9,0,9,,3824,25,,,0,12,,3851,25,0,10,0,65,,3826,25,,,0,33,,3844,25,,,0,74,,3827,25,,,0,75,,3828,25,,,0,35,,3829,25,,,0,75,,3830,25,,,0,35,,3831,25,,,0,75,,3832,25,,,0,75,,3833,25,,,0,35,,3834,25,,,0,75,,3835,25,,,0,35,,3836,25,,,0,78,,3837,25,,,0,79,,3838,25,,,0,38,,3839,25,,,0,76,,3840,25,,,0,35,,3841,25,,,0,75,,3842,25,,,0,33,,3843,25,,,0,75,,3845,25,,,0,104,,3846,25,,,0,105,,3847,25,,,0,105,,3848,25,,,0,105,,3849,25,,,0
2501,'KerOffPriveOff',632,,3853,25,,,0,74,,3855,25,,,0,31,,3880,25,0,9,0,9,,3854,25,,,0,12,,3881,25,0,10,0,65,,3856,25,,,0,33,,3874,25,,,0,74,,3857,25,,,0,75,,3858,25,,,0,35,,3859,25,,,0,75,,3860,25,,,0,35,,3861,25,,,0,75,,3862,25,,,0,75,,3863,25,,,0,35,,3864,25,,,0,75,,3865,25,,,0,35,,3866,25,,,0,78,,3867,25,,,0,79,,3868,25,,,0,38,,3869,25,,,0,76,,3870,25,,,0,35,,3871,25,,,0,75,,3872,25,,,0,33,,3873,25,,,0,75,,3875,25,,,0,104,,3876,25,,,0,105,,3877,25,,,0,105,,3878,25,,,0,105,,3879,25,,,0
2501,'Samedi',628,,3893,25,,,0,104,,3882,25,,,0,105,,3888,25,,,0,105,,3894,25,,,0,105,,3883,25,,,0,105,,3889,25,,,0,105,,3895,25,,,0,146,,3884,25,,,0,105,,3890,25,,,0,105,,3896,25,,,0,105,,3885,25,,,0,104,,3891,25,,,0,105,,3897,25,,,0,105,,3886,25,,,0,105,,3892,25,,,0,105,,3898,25,,,0,105,,3887,25,,,0
6000,'CsRoyOff',622,,4484,5,,,0,82,,4474,5,,,0,30,,4485,5,,,0,81,,4475,5,,,0,35,,4486,5,,,0,74,,4476,5,,,0,76,,4487,5,,,0,34,,4477,5,,,0,75,,4488,5,,,0,33,,4478,5,,,0,76,,4489,5,,,0,35,,4479,5,,,0,68,,4490,5,,,0,37,,4501,5,,,0,65,,4480,5,,,0,80,,4491,5,,,0,38,,4481,5,,,0,78,,4492,5,,,0,34,,4482,5,,,0,76,,4493,5,,,0,75,,4483,5,,,0,35,,4494,5,,,0,78,,4495,5,,,0,105,,4500,5,,,0,105,,4499,5,,,0,105,,4498,5,,,0,105,,4496,5,,,0,101,,4497,5,0,14 15,0
6000,'CsRoyOffKerOff',622,,4513,5,,,0,82,,4503,5,,,0,30,,4514,5,,,0,81,,4504,5,,,0,35,,4515,5,,,0,74,,4505,5,,,0,76,,4516,5,,,0,34,,4506,5,,,0,75,,4517,5,,,0,33,,4507,5,,,0,76,,4518,5,,,0,35,,4508,5,,,0,68,,4519,5,,,0,37,,4530,5,,,0,65,,4509,5,,,0,80,,4520,5,,,0,38,,4510,5,,,0,78,,4521,5,,,0,34,,4511,5,,,0,76,,4522,5,,,0,75,,4512,5,,,0,35,,4523,5,,,0,78,,4524,5,,,0,105,,4529,5,,,0,105,,4528,5,,,0,105,,4527,5,,,0,105,,4525,5,,,0,101,,4526,5,0,14 15,0
6000,'Dimanche',844,,4531,5,,,0,105,,4532,5,,,0,104,,4534,5,,,0,147,,4536,5,,,0,104,,4537,5,,,0,104,,4538,5,,,0,105,,4539,5,,,0,104,,4540,5,,,0,106,,4535,5,,,0,105,,4533,5,,,0
6000,'EventOff',622,,4552,5,,,0,82,,4542,5,,,0,30,,4553,5,,,0,81,,4543,5,,,0,35,,4554,5,,,0,74,,4544,5,,,0,76,,4555,5,,,0,34,,4545,5,,,0,75,,4556,5,,,0,33,,4546,5,,,0,76,,4557,5,,,0,35,,4547,5,,,0,68,,4558,5,,,0,37,,4569,5,,,0,65,,4548,5,,,0,80,,4559,5,,,0,38,,4549,5,,,0,78,,4560,5,,,0,34,,4550,5,,,0,76,,4561,5,,,0,75,,4551,5,,,0,35,,4562,5,,,0,78,,4563,5,,,0,105,,4568,5,,,0,105,,4567,5,,,0,105,,4566,5,,,0,105,,4564,5,,,0,101,,4565,5,0,14 15,0
6000,'EventOn',622,,4581,5,,,0,82,,4571,5,,,0,30,,4582,5,,,0,81,,4572,5,,,0,7,,4599,5,0,9,0,28,,4583,5,,,0,74,,4573,5,,,0,76,,4584,5,,,0,34,,4574,5,,,0,75,,4585,5,,,0,33,,4575,5,,,0,76,,4586,5,,,0,35,,4576,5,,,0,68,,4587,5,,,0,37,,4598,5,,,0,65,,4577,5,,,0,80,,4588,5,,,0,38,,4578,5,,,0,78,,4589,5,,,0,34,,4579,5,,,0,76,,4590,5,,,0,75,,4580,5,,,0,35,,4591,5,,,0,78,,4592,5,,,0,105,,4597,5,,,0,105,,4596,5,,,0,105,,4595,5,,,0,105,,4593,5,,,0,101,,4594,5,0,14 15,0
6000,'KerOffPriveOff',622,,4613,5,,,0,82,,4603,5,,,0,30,,4614,5,,,0,81,,4604,5,,,0,7,,4631,5,0,9,0,28,,4615,5,,,0,74,,4605,5,,,0,76,,4616,5,,,0,34,,4606,5,,,0,75,,4617,5,,,0,33,,4607,5,,,0,76,,4618,5,,,0,35,,4608,5,,,0,68,,4619,5,,,0,37,,4630,5,,,0,65,,4609,5,,,0,80,,4620,5,,,0,38,,4610,5,,,0,78,,4621,5,,,0,34,,4611,5,,,0,76,,4622,5,,,0,75,,4612,5,,,0,35,,4623,5,,,0,78,,4624,5,,,0,105,,4629,5,,,0,105,,4628,5,,,0,105,,4627,5,,,0,105,,4625,5,,,0,101,,4626,5,0,14 15,0
6000,'Samedi',614,,4639,5,,,0,104,,4645,5,,,0,105,,4634,5,,,0,105,,4640,5,,,0,106,,4646,5,,,0,105,,4635,5,,,0,105,,4641,5,,,0,106,,4647,5,,,0,104,,4636,5,,,0,105,,4642,5,,,0,144,,4648,5,,,0,105,,4637,5,,,0,105,,4643,5,,,0,105,,4649,5,,,0,105,,4638,5,,,0,105,,4644,5,,,0,105,,4650,5,,,0,100,,4651,5,0,14 15,0
111800500,'CsRoyOff',1543,,4937,3,,,0
111800500,'CsRoyOffKerOff',1543,,4938,3,,,0
111800500,'EventOn',1543,,4940,3,,,0
