500,'CsRoyOff',633,,654,27,,,0,77,,663,27,,,0,26,,681,27,,,0,15,,671,27,,,0,75,,668,27,,,0,75,,659,27,,,0,35,,655,27,,,0,75,,664,27,,,0,35,,672,27,,,0,75,,667,27,,,0,35,,660,27,,,0,75,,656,27,,,0,75,,665,27,,,0,35,,673,27,,,0,75,,670,27,,,0,35,,661,27,,,0,80,,657,27,,,0,78,,666,27,,,0,36,,674,27,,,0,75,,669,27,,,0,35,,662,27,,,0,73,,658,27,,,0,75,,680,27,,,0,105,,679,27,,,0,105,,678,27,,,0,105,,677,27,,,0,105,,676,27,,,0,105,,675,27,,,0
500,'CsRoyOffKerOff',633,,682,27,,,0,77,,691,27,,,0,26,,709,27,,,0,15,,699,27,,,0,75,,696,27,,,0,75,,687,27,,,0,35,,683,27,,,0,75,,692,27,,,0,35,,700,27,,,0,75,,695,27,,,0,35,,688,27,,,0,75,,684,27,,,0,75,,693,27,,,0,35,,701,27,,,0,75,,698,27,,,0,35,,689,27,,,0,80,,685,27,,,0,78,,694,27,,,0,36,,702,27,,,0,75,,697,27,,,0,35,,690,27,,,0,73,,686,27,,,0,75,,708,27,,,0,105,,707,27,,,0,105,,706,27,,,0,105,,705,27,,,0,105,,704,27,,,0,105,,703,27,,,0
500,'Dimanche',933,,712,27,,,0,105,,715,27,,,0,105,,714,27,,,0,105,,716,27,,,0,107,,717,27,,,0,145,,718,27,,,0,105,,719,27,,,0,105,,713,27,,,0,105,,710,27,,,0,103,,711,27,,,0
500,'EventOff',633,,720,27,,,0,77,,729,27,,,0,26,,747,27,,,0,15,,737,27,,,0,75,,734,27,,,0,75,,725,27,,,0,35,,721,27,,,0,75,,730,27,,,0,35,,738,27,,,0,75,,733,27,,,0,35,,726,27,,,0,75,,722,27,,,0,75,,731,27,,,0,35,,739,27,,,0,75,,736,27,,,0,35,,727,27,,,0,80,,723,27,,,0,78,,732,27,,,0,36,,740,27,,,0,75,,735,27,,,0,35,,728,27,,,0,73,,724,27,,,0,75,,746,27,,,0,105,,745,27,,,0,105,,744,27,,,0,105,,743,27,,,0,105,,742,27,,,0,105,,741,27,,,0
500,'EventOn',633,,748,27,,,0,77,,757,27,,,0,26,,775,27,,,0,15,,765,27,,,0,75,,762,27,,,0,75,,753,27,,,0,35,,749,27,,,0,75,,758,27,,,0,35,,766,27,,,0,75,,761,27,,,0,35,,754,27,,,0,75,,750,27,,,0,75,,759,27,,,0,35,,767,27,,,0,75,,764,27,,,0,35,,755,27,,,0,80,,751,27,,,0,78,,760,27,,,0,12,,776,27,,,0,24,,768,27,,,0,75,,763,27,,,0,35,,756,27,,,0,73,,752,27,,,0,75,,774,27,,,0,105,,773,27,,,0,105,,772,27,,,0,105,,771,27,,,0,105,,770,27,,,0,105,,769,27,,,0
500,'KerOffPriveOff',633,,777,27,,,0,77,,786,27,,,0,26,,804,27,,,0,15,,794,27,,,0,75,,791,27,,,0,75,,782,27,,,0,35,,778,27,,,0,75,,787,27,,,0,35,,795,27,,,0,75,,790,27,,,0,35,,783,27,,,0,75,,779,27,,,0,75,,788,27,,,0,35,,796,27,,,0,75,,793,27,,,0,35,,784,27,,,0,80,,780,27,,,0,78,,789,27,,,0,12,,805,27,,,0,24,,797,27,,,0,75,,792,27,,,0,35,,785,27,,,0,73,,781,27,,,0,75,,803,27,,,0,105,,802,27,,,0,105,,801,27,,,0,105,,800,27,,,0,105,,799,27,,,0,105,,798,27,,,0
500,'Samedi',703,,817,27,,,0,105,,806,27,,,0,105,,812,27,,,0,105,,818,27,,,0,105,,807,27,,,0,105,,813,27,,,0,107,,819,27,,,0,105,,808,27,,,0,105,,814,27,,,0,105,,820,27,,,0,105,,809,27,,,0,103,,815,27,,,0,145,,821,27,,,0,105,,810,27,,,0,105,,816,27,,,0,105,,822,27,,,0,105,,811,27,,,0
1301,'CsRoyOff',622,,2899,17,,,0,80,,2905,17,,,0,32,,2894,17,,,0,81,,2910,17,,,0,34,,2900,17,,,0,74,,2906,17,,,0,34,,2895,17,,,0,75,,2911,17,,,0,77,,2901,17,,,0,34,,2907,17,,,0,75,,2896,17,,,0,35,,2912,17,,,0,74,,2902,17,,,0,75,,2908,17,,,0,38,,2897,17,,,0,79,,2913,17,,,0,26,,2920,19,0,7 8,0,11,,2903,17,,,0,78,,2909,17,,,0,77,,2898,17,,,0,35,,2914,17,,,0,74,,2904,17,,,0,108,,2915,17,,,0,104,,2919,17,,,0,105,,2918,17,,,0,105,,2917,17,,,0,105,,2916,17,,,0
1301,'CsRoyOffKerOff',622,,2926,17,,,0,80,,2932,17,,,0,32,,2921,17,,,0,81,,2937,17,,,0,34,,2927,17,,,0,74,,2933,17,,,0,34,,2922,17,,,0,75,,2938,17,,,0,77,,2928,17,,,0,34,,2934,17,,,0,75,,2923,17,,,0,35,,2939,17,,,0,74,,2929,17,,,0,75,,2935,17,,,0,38,,2924,17,,,0,79,,2940,17,,,0,37,,2930,17,,,0,78,,2936,17,,,0,77,,2925,17,,,0,35,,2941,17,,,0,74,,2931,17,,,0,108,,2942,17,,,0,104,,2946,17,,,0,105,,2945,17,,,0,105,,2944,17,,,0,105,,2943,17,,,0
1301,'Dimanche',850,,2948,17,,,0,105,,2949,17,,,0,146,,2950,17,,,0,106,,2953,17,,,0,105,,2952,17,,,0,105,,2954,17,,,0,104,,2955,17,,,0,105,,2956,17,,,0,105,,2951,17,,,0,105,,2947,17,,,0
1301,'EventOff',622,,2962,17,,,0,80,,2968,17,,,0,32,,2957,17,,,0,81,,2973,17,,,0,34,,2963,17,,,0,74,,2969,17,,,0,34,,2958,17,,,0,75,,2974,17,,,0,77,,2964,17,,,0,34,,2970,17,,,0,75,,2959,17,,,0,35,,2975,17,,,0,74,,2965,17,,,0,75,,2971,17,,,0,38,,2960,17,,,0,79,,2976,17,,,0,37,,2966,17,,,0,78,,2972,17,,,0,77,,2961,17,,,0,35,,2977,17,,,0,74,,2967,17,,,0,108,,2978,17,,,0,104,,2982,17,,,0,105,,2981,17,,,0,105,,2980,17,,,0,105,,2979,17,,,0
1301,'EventOn',622,,2988,17,,,0,80,,2994,17,,,0,32,,2983,17,,,0,81,,2999,17,,,0,34,,2989,17,,,0,74,,2995,17,,,0,34,,2984,17,,,0,75,,3000,17,,,0,77,,2990,17,,,0,34,,2996,17,,,0,75,,2985,17,,,0,35,,3001,17,,,0,74,,2991,17,,,0,75,,2997,17,,,0,38,,2986,17,,,0,79,,3002,17,,,0,26,,3011,19,0,7 8,0,11,,2992,17,,,0,78,,2998,17,,,0,77,,2987,17,,,0,35,,3003,17,,,0,74,,2993,17,,,0,108,,3004,17,,,0,104,,3008,17,,,0,105,,3007,17,,,0,105,,3006,17,,,0,105,,3005,17,,,0
1301,'KerOffPriveOff',622,,3017,17,,,0,80,,3023,17,,,0,32,,3012,17,,,0,81,,3028,17,,,0,34,,3018,17,,,0,74,,3024,17,,,0,34,,3013,17,,,0,75,,3029,17,,,0,77,,3019,17,,,0,34,,3025,17,,,0,75,,3014,17,,,0,35,,3030,17,,,0,74,,3020,17,,,0,75,,3026,17,,,0,38,,3015,17,,,0,79,,3031,17,,,0,37,,3021,17,,,0,78,,3027,17,,,0,77,,3016,17,,,0,35,,3032,17,,,0,74,,3022,17,,,0,108,,3033,17,,,0,104,,3037,17,,,0,105,,3036,17,,,0,105,,3035,17,,,0,105,,3034,17,,,0
1301,'Samedi',622,,3040,17,,,0,103,,3049,17,,,0,105,,3041,17,,,0,106,,3050,17,,,0,107,,3042,17,,,0,105,,3051,17,,,0,105,,3043,17,,,0,105,,3052,17,,,0,145,,3044,17,,,0,105,,3053,17,,,0,105,,3045,17,,,0,104,,3054,17,,,0,104,,3046,17,,,0,105,,3055,17,,,0,104,,3047,17,,,0,105,,3056,17,,,0,105,,3048,17,,,0
