6000,'CsRoyOff',629,,4484,17,,,0,82,,4474,17,,,0,31,,4485,17,,,0,80,,4475,17,,,0,35,,4486,17,,,0,74,,4476,17,,,0,76,,4487,17,,,0,34,,4477,17,,,0,75,,4488,17,,,0,34,,4478,17,,,0,76,,4489,17,,,0,75,,4479,17,,,0,28,,4490,17,,,0,77,,4501,17,,,0,25,,4480,17,,,0,80,,4491,17,,,0,38,,4481,17,,,0,78,,4492,17,,,0,74,,4482,17,,,0,36,,4493,17,,,0,75,,4483,17,,,0,35,,4494,17,,,0,78,,4495,17,,,0,105,,4500,17,,,0,105,,4499,17,,,0,105,,4498,17,,,0,105,,4496,17,,,0,101,,4497,17,0,14 15,0
6000,'CsRoyOffKerOff',629,,4513,17,,,0,82,,4503,17,,,0,31,,4514,17,,,0,80,,4504,17,,,0,35,,4515,17,,,0,74,,4505,17,,,0,76,,4516,17,,,0,34,,4506,17,,,0,75,,4517,17,,,0,34,,4507,17,,,0,76,,4518,17,,,0,75,,4508,17,,,0,28,,4519,17,,,0,77,,4530,17,,,0,25,,4509,17,,,0,80,,4520,17,,,0,38,,4510,17,,,0,78,,4521,17,,,0,74,,4511,17,,,0,36,,4522,17,,,0,75,,4512,17,,,0,35,,4523,17,,,0,78,,4524,17,,,0,105,,4529,17,,,0,105,,4528,17,,,0,105,,4527,17,,,0,105,,4525,17,,,0,101,,4526,17,0,14 15,0
6000,'Dimanche',852,,4531,17,,,0,105,,4532,17,,,0,144,,4534,17,,,0,106,,4536,17,,,0,104,,4537,17,,,0,105,,4538,17,,,0,105,,4539,17,,,0,104,,4540,17,,,0,106,,4535,17,,,0,105,,4533,17,,,0
6000,'EventOff',629,,4552,17,,,0,82,,4542,17,,,0,31,,4553,17,,,0,80,,4543,17,,,0,35,,4554,17,,,0,74,,4544,17,,,0,76,,4555,17,,,0,34,,4545,17,,,0,75,,4556,17,,,0,34,,4546,17,,,0,76,,4557,17,,,0,75,,4547,17,,,0,28,,4558,17,,,0,77,,4569,17,,,0,25,,4548,17,,,0,80,,4559,17,,,0,38,,4549,17,,,0,78,,4560,17,,,0,74,,4550,17,,,0,36,,4561,17,,,0,75,,4551,17,,,0,35,,4562,17,,,0,78,,4563,17,,,0,105,,4568,17,,,0,105,,4567,17,,,0,105,,4566,17,,,0,105,,4564,17,,,0,101,,4565,17,0,14 15,0
6000,'EventOn',629,,4581,17,,,0,82,,4571,17,,,0,31,,4582,17,,,0,80,,4572,17,,,0,35,,4583,17,,,0,74,,4573,17,,,0,76,,4584,17,,,0,34,,4574,17,,,0,75,,4585,17,,,0,34,,4575,17,,,0,76,,4586,17,,,0,75,,4576,17,,,0,28,,4587,17,,,0,77,,4598,17,,,0,25,,4577,17,,,0,80,,4588,17,,,0,38,,4578,17,,,0,78,,4589,17,,,0,74,,4579,17,,,0,36,,4590,17,,,0,75,,4580,17,,,0,35,,4591,17,,,0,78,,4592,17,,,0,105,,4597,17,,,0,105,,4596,17,,,0,105,,4595,17,,,0,105,,4593,17,,,0,101,,4594,17,0,14 15,0
6000,'KerOffPriveOff',629,,4613,17,,,0,82,,4603,17,,,0,31,,4614,17,,,0,80,,4604,17,,,0,35,,4615,17,,,0,74,,4605,17,,,0,76,,4616,17,,,0,34,,4606,17,,,0,75,,4617,17,,,0,34,,4607,17,,,0,76,,4618,17,,,0,75,,4608,17,,,0,28,,4619,17,,,0,77,,4630,17,,,0,25,,4609,17,,,0,80,,4620,17,,,0,38,,4610,17,,,0,78,,4621,17,,,0,74,,4611,17,,,0,36,,4622,17,,,0,75,,4612,17,,,0,35,,4623,17,,,0,78,,4624,17,,,0,105,,4629,17,,,0,105,,4628,17,,,0,105,,4627,17,,,0,105,,4625,17,,,0,101,,4626,17,0,14 15,0
6000,'Samedi',622,,4639,17,,,0,104,,4645,17,,,0,105,,4634,17,,,0,105,,4640,17,,,0,106,,4646,17,,,0,104,,4635,17,,,0,105,,4641,17,,,0,106,,4647,17,,,0,145,,4636,17,,,0,105,,4642,17,,,0,104,,4648,17,,,0,105,,4637,17,,,0,105,,4643,17,,,0,105,,4649,17,,,0,105,,4638,17,,,0,105,,4644,17,,,0,105,,4650,17,,,0,100,,4651,17,0,14 15,0
111800500,'CsRoyOff',1551,,4937,15,,,0
111800500,'CsRoyOffKerOff',1551,,4938,15,,,0
111800500,'EventOn',1551,,4940,15,,,0
