111800200,'CsRoyOff',1615,,4924,8,,,0
111800200,'EventOn',1615,,4925,8,,,0
111800201,'CsRoyOff',808,,4926,11,,,0
111800201,'EventOn',808,,4927,11,,,0
3080100000,'EventOn',816,,4970,6,,,0
3080100000,'KerOffPriveOff',816,,4971,6,,,0
3080100001,'EventOn',1615,,4972,8,,,0
3080100001,'KerOffPriveOff',1615,,4973,8,,,0
19200100000,'CsRoyOff',722,,4998,10,,,0
19200100000,'CsRoyOffKerOff',722,,4999,10,,,0
19200100000,'EventOn',722,,5000,10,,,0
19200100000,'KerOffPriveOff',722,,5001,10,,,0
19200100001,'CsRoyOff',1600,,5002,11,,,0
19200100001,'CsRoyOffKerOff',1600,,5003,11,,,0
19200100001,'EventOn',1600,,5004,11,,,0
19200100001,'KerOffPriveOff',1600,,5005,11,,,0
