1400,'CsRoyOff',637,,3062,13,,,0,70,,3063,13,,,0,30,,3061,13,,,0,100,,3060,13,,,0,685,,3059,13,,,0,100,,3057,13,,,0,100,,3058,13,,,0
1400,'CsRoyOffKerOff',637,,3069,13,,,0,70,,3070,13,,,0,30,,3068,13,,,0,100,,3067,13,,,0,685,,3066,13,,,0,100,,3064,13,,,0,100,,3065,13,,,0
1400,'EventOff',637,,3076,13,,,0,70,,3077,13,,,0,30,,3075,13,,,0,100,,3074,13,,,0,685,,3073,13,,,0,100,,3071,13,,,0,100,,3072,13,,,0
1400,'EventOn',637,,3083,13,,,0,70,,3084,13,,,0,30,,3082,13,,,0,100,,3081,13,,,0,685,,3080,13,,,0,100,,3078,13,,,0,100,,3079,13,,,0
1400,'KerOffPriveOff',637,,3090,13,,,0,70,,3091,13,,,0,30,,3089,13,,,0,100,,3088,13,,,0,685,,3087,13,,,0,100,,3085,13,,,0,100,,3086,13,,,0
1600,'CsRoyOff',711,,3122,14,,,0,109,,3123,14,,,0,112,,3124,14,,,0,110,,3125,14,,,0,110,,3126,14,,,0,150,,3127,14,,,0,109,,3128,14,,,0,115,,3129,14,,,0,114,,3130,14,,,0,111,,3131,14,,,0,151,,3132,14,,,0,100,,3133,14,,,0,106,,3134,14,,,0,104,,3135,14,,,0,106,,3136,14,,,0,102,,3137,14,,,0
1600,'CsRoyOffKerOff',711,,3138,14,,,0,109,,3139,14,,,0,112,,3140,14,,,0,110,,3141,14,,,0,110,,3142,14,,,0,150,,3143,14,,,0,109,,3144,14,,,0,115,,3145,14,,,0,114,,3146,14,,,0,111,,3147,14,,,0,151,,3148,14,,,0,100,,3149,14,,,0,106,,3150,14,,,0,104,,3151,14,,,0,106,,3152,14,,,0,102,,3153,14,,,0
1600,'Dimanche',927,,3155,14,,,0,105,,3156,14,,,0,105,,3157,14,,,0,105,,3158,14,,,0,104,,3159,14,,,0,105,,3160,14,,,0,105,,3161,14,,,0,145,,3154,14,,,0,105,,3162,14,,,0,105,,3163,14,,,0
1600,'EventOff',711,,3164,14,,,0,109,,3165,14,,,0,112,,3166,14,,,0,110,,3167,14,,,0,110,,3168,14,,,0,150,,3169,14,,,0,109,,3170,14,,,0,115,,3171,14,,,0,114,,3172,14,,,0,111,,3173,14,,,0,151,,3174,14,,,0,100,,3175,14,,,0,106,,3176,14,,,0,104,,3177,14,,,0,106,,3178,14,,,0,102,,3179,14,,,0
1600,'EventOn',711,,3180,14,,,0,109,,3181,14,,,0,112,,3182,14,,,0,110,,3183,14,,,0,110,,3184,14,,,0,150,,3185,14,,,0,109,,3186,14,,,0,115,,3187,14,,,0,114,,3188,14,,,0,111,,3189,14,,,0,151,,3190,14,,,0,100,,3191,14,,,0,106,,3192,14,,,0,104,,3193,14,,,0,106,,3194,14,,,0,102,,3195,14,,,0
1600,'KerOffPriveOff',711,,3196,14,,,0,109,,3197,14,,,0,112,,3198,14,,,0,110,,3199,14,,,0,110,,3200,14,,,0,150,,3201,14,,,0,109,,3202,14,,,0,115,,3203,14,,,0,114,,3204,14,,,0,111,,3205,14,,,0,151,,3206,14,,,0,100,,3207,14,,,0,106,,3208,14,,,0,104,,3209,14,,,0,106,,3210,14,,,0,102,,3211,14,,,0
1600,'Samedi',656,,3227,14,,,0,145,,3228,14,,,0,105,,3212,14,,,0,105,,3213,14,,,0,105,,3214,14,,,0,105,,3215,14,,,0,105,,3216,14,,,0,105,,3217,14,,,0,105,,3218,14,,,0,105,,3219,14,,,0,105,,3221,14,,,0,105,,3222,14,,,0,105,,3223,14,,,0,145,,3224,14,,,0,105,,3225,14,,,0,105,,3226,14,,,0,105,,3220,14,,,0
111800300,'CsRoyOff',752,,4928,5,,,0
111800300,'EventOn',752,,4929,5,,,0
111800400,'CsRoyOff',747,,4932,15,,,0
111800400,'EventOn',747,,4933,15,,,0
