800,'CsRoyOff',618,,1330,1,,,0,35,,1341,1,,,0,80,,1331,1,,,0,75,,1342,1,,,0,35,,1332,1,,,0,74,,1343,1,,,0,35,,1333,1,,,0,75,,1344,1,,,0,76,,1334,1,,,0,35,,1345,1,,,0,75,,1335,1,,,0,35,,1346,1,,,0,75,,1336,1,,,0,35,,1347,1,,,0,75,,1337,1,,,0,80,,1348,1,,,0,38,,1338,1,,,0,78,,1349,1,,,0,75,,1339,1,,,0,33,,1350,1,,,0,75,,1340,1,,,0,36,,1351,1,,,0,105,,1356,1,,,0,105,,1355,1,,,0,145,,1352,1,,,0,105,,1353,1,,,0,105,,1354,1,,,0
800,'CsRoyOffKerOff',618,,1357,1,,,0,35,,1368,1,,,0,80,,1358,1,,,0,75,,1369,1,,,0,35,,1359,1,,,0,74,,1370,1,,,0,35,,1360,1,,,0,75,,1371,1,,,0,76,,1361,1,,,0,35,,1372,1,,,0,75,,1362,1,,,0,35,,1373,1,,,0,75,,1363,1,,,0,35,,1374,1,,,0,75,,1364,1,,,0,80,,1375,1,,,0,38,,1365,1,,,0,78,,1376,1,,,0,75,,1366,1,,,0,33,,1377,1,,,0,75,,1367,1,,,0,36,,1378,1,,,0,105,,1383,1,,,0,105,,1382,1,,,0,145,,1379,1,,,0,105,,1380,1,,,0,105,,1381,1,,,0
800,'Dimanche',918,,1386,1,,,0,105,,1387,1,,,0,105,,1389,1,,,0,105,,1390,1,,,0,105,,1391,1,,,0,105,,1392,1,,,0,105,,1393,1,,,0,105,,1388,1,,,0,105,,1384,1,,,0,145,,1385,1,,,0
800,'EventOff',618,,1394,1,,,0,35,,1405,1,,,0,80,,1395,1,,,0,75,,1406,1,,,0,35,,1396,1,,,0,74,,1407,1,,,0,35,,1397,1,,,0,75,,1408,1,,,0,76,,1398,1,,,0,35,,1409,1,,,0,75,,1399,1,,,0,35,,1410,1,,,0,75,,1400,1,,,0,35,,1411,1,,,0,75,,1401,1,,,0,80,,1412,1,,,0,38,,1402,1,,,0,78,,1413,1,,,0,75,,1403,1,,,0,33,,1414,1,,,0,75,,1404,1,,,0,36,,1415,1,,,0,105,,1420,1,,,0,105,,1419,1,,,0,145,,1416,1,,,0,105,,1417,1,,,0,105,,1418,1,,,0
800,'EventOn',618,,1421,1,,,0,35,,1432,1,,,0,80,,1422,1,,,0,75,,1433,1,,,0,35,,1423,1,,,0,74,,1434,1,,,0,35,,1424,1,,,0,75,,1435,1,,,0,76,,1425,1,,,0,35,,1436,1,,,0,75,,1426,1,,,0,35,,1437,1,,,0,75,,1427,1,,,0,35,,1438,1,,,0,75,,1428,1,,,0,80,,1439,1,,,0,38,,1429,1,,,0,78,,1440,1,,,0,75,,1430,1,,,0,33,,1441,1,,,0,75,,1431,1,,,0,36,,1442,1,,,0,105,,1447,1,,,0,105,,1446,1,,,0,145,,1443,1,,,0,105,,1444,1,,,0,105,,1445,1,,,0
800,'KerOffPriveOff',618,,1448,1,,,0,35,,1459,1,,,0,80,,1449,1,,,0,75,,1460,1,,,0,35,,1450,1,,,0,74,,1461,1,,,0,35,,1451,1,,,0,75,,1462,1,,,0,76,,1452,1,,,0,35,,1463,1,,,0,75,,1453,1,,,0,35,,1464,1,,,0,75,,1454,1,,,0,35,,1465,1,,,0,75,,1455,1,,,0,80,,1466,1,,,0,38,,1456,1,,,0,78,,1467,1,,,0,75,,1457,1,,,0,33,,1468,1,,,0,75,,1458,1,,,0,36,,1469,1,,,0,105,,1474,1,,,0,105,,1473,1,,,0,145,,1470,1,,,0,105,,1471,1,,,0,105,,1472,1,,,0
800,'Samedi',647,,1475,1,,,0,105,,1476,1,,,0,105,,1477,1,,,0,146,,1478,1,,,0,104,,1479,1,,,0,105,,1480,1,,,0,105,,1481,1,,,0,105,,1482,1,,,0,105,,1483,1,,,0,105,,1484,1,,,0,105,,1485,1,,,0,106,,1486,1,,,0,105,,1487,1,,,0,105,,1488,1,,,0,104,,1489,1,,,0,145,,1490,1,,,0,105,,1491,1,,,0
801,'CsRoyOff',639,,1503,44,4,,0,80,,1492,44,4,,0,35,,1504,44,4,,0,81,,1493,44,4,,0,74,,1505,44,4,,0,34,,1494,44,4,,0,75,,1506,44,4,,0,35,,1495,44,4,,0,75,,1507,44,4,,0,77,,1496,44,4,,0,34,,1508,44,4,,0,75,,1497,44,4,,0,35,,1509,44,4,,0,75,,1498,44,4,,0,35,,1510,44,4,,0,80,,1499,44,4,,0,78,,1511,44,4,,0,37,,1500,44,4,,0,76,,1512,44,4,,0,74,,1501,44,4,,0,34,,1513,44,4,,0,74,,1502,44,4,,0,34,,1514,44,4,,0,104,,1518,44,4,,0,105,,1517,44,4,,0,145,,1515,44,4,,0,105,,1516,44,4,,0
801,'CsRoyOffKerOff',639,,1530,44,4,,0,80,,1519,44,4,,0,35,,1531,44,4,,0,81,,1520,44,4,,0,74,,1532,44,4,,0,34,,1521,44,4,,0,75,,1533,44,4,,0,35,,1522,44,4,,0,75,,1534,44,4,,0,77,,1523,44,4,,0,34,,1535,44,4,,0,75,,1524,44,4,,0,35,,1536,44,4,,0,75,,1525,44,4,,0,35,,1537,44,4,,0,80,,1526,44,4,,0,78,,1538,44,4,,0,37,,1527,44,4,,0,76,,1539,44,4,,0,74,,1528,44,4,,0,34,,1540,44,4,,0,74,,1529,44,4,,0,34,,1541,44,4,,0,104,,1545,44,4,,0,105,,1544,44,4,,0,145,,1542,44,4,,0,105,,1543,44,4,,0
801,'Dimanche',910,,1547,44,4,,0,105,,1548,44,4,,0,105,,1549,44,4,,0,104,,1552,44,4,,0,106,,1551,44,4,,0,104,,1553,44,4,,0,105,,1554,44,4,,0,105,,1555,44,4,,0,105,,1550,44,4,,0,105,,1546,44,4,,0
801,'EventOff',639,,1567,44,4,,0,80,,1556,44,4,,0,35,,1568,44,4,,0,81,,1557,44,4,,0,74,,1569,44,4,,0,34,,1558,44,4,,0,75,,1570,44,4,,0,35,,1559,44,4,,0,75,,1571,44,4,,0,77,,1560,44,4,,0,34,,1572,44,4,,0,75,,1561,44,4,,0,35,,1573,44,4,,0,75,,1562,44,4,,0,35,,1574,44,4,,0,80,,1563,44,4,,0,78,,1575,44,4,,0,37,,1564,44,4,,0,76,,1576,44,4,,0,74,,1565,44,4,,0,34,,1577,44,4,,0,74,,1566,44,4,,0,34,,1578,44,4,,0,104,,1582,44,4,,0,105,,1581,44,4,,0,145,,1579,44,4,,0,105,,1580,44,4,,0
801,'EventOn',639,,1594,44,4,,0,80,,1583,44,4,,0,35,,1595,44,4,,0,81,,1584,44,4,,0,74,,1596,44,4,,0,34,,1585,44,4,,0,75,,1597,44,4,,0,35,,1586,44,4,,0,75,,1598,44,4,,0,77,,1587,44,4,,0,34,,1599,44,4,,0,75,,1588,44,4,,0,35,,1600,44,4,,0,75,,1589,44,4,,0,35,,1601,44,4,,0,80,,1590,44,4,,0,78,,1602,44,4,,0,37,,1591,44,4,,0,76,,1603,44,4,,0,74,,1592,44,4,,0,34,,1604,44,4,,0,74,,1593,44,4,,0,34,,1605,44,4,,0,104,,1609,44,4,,0,105,,1608,44,4,,0,145,,1606,44,4,,0,105,,1607,44,4,,0
801,'KerOffPriveOff',639,,1621,44,4,,0,80,,1610,44,4,,0,35,,1622,44,4,,0,81,,1611,44,4,,0,74,,1623,44,4,,0,34,,1612,44,4,,0,75,,1624,44,4,,0,35,,1613,44,4,,0,75,,1625,44,4,,0,77,,1614,44,4,,0,34,,1626,44,4,,0,75,,1615,44,4,,0,35,,1627,44,4,,0,75,,1616,44,4,,0,35,,1628,44,4,,0,80,,1617,44,4,,0,78,,1629,44,4,,0,37,,1618,44,4,,0,76,,1630,44,4,,0,74,,1619,44,4,,0,34,,1631,44,4,,0,74,,1620,44,4,,0,34,,1632,44,4,,0,104,,1636,44,4,,0,105,,1635,44,4,,0,145,,1633,44,4,,0,105,,1634,44,4,,0
801,'Samedi',638,,1637,44,4,,0,106,,1638,44,4,,0,106,,1639,44,4,,0,105,,1640,44,4,,0,146,,1641,44,4,,0,104,,1642,44,4,,0,105,,1643,44,4,,0,106,,1644,44,4,,0,103,,1645,44,4,,0,106,,1646,44,4,,0,105,,1647,44,4,,0,105,,1648,44,4,,0,105,,1649,44,4,,0,106,,1650,44,4,,0,105,,1651,44,4,,0,105,,1652,44,4,,0,103,,1653,44,4,,0
1000,'CsRoyOff',623,,1850,5,,,0,36,2,1857,5,,,0,79,,1855,5,,,0,77,3,1845,5,,,0,34,,1839,5,,,0,76,3,1851,5,,,0,33,,1858,5,,,0,77,3,1849,5,,,0,73,,1846,5,,,0,37,3,1840,5,,,0,73,,1852,5,,,0,37,3,1859,5,,,0,73,,1843,5,,,0,76,2,1847,5,,,0,35,2,1841,5,,,0,80,2,1853,5,,,0,40,3,1860,5,,,0,79,3,1856,5,,,0,73,3,1848,5,,,0,34,3,1842,5,,,0,75,3,1854,5,,,0,35,3,1861,5,,,0,145,43,1866,5,,,0,105,3,1865,5,,,0,105,3,1862,5,,,0,105,3,1863,5,,,0,105,3,1864,5,,,0
1000,'CsRoyOffKerOff',623,,1878,5,,,0,36,2,1885,5,,,0,79,,1883,5,,,0,77,3,1873,5,,,0,34,,1867,5,,,0,76,3,1879,5,,,0,33,,1886,5,,,0,77,3,1877,5,,,0,73,,1874,5,,,0,37,3,1868,5,,,0,73,,1880,5,,,0,37,3,1887,5,,,0,73,,1871,5,,,0,76,2,1875,5,,,0,35,2,1869,5,,,0,80,2,1881,5,,,0,40,3,1888,5,,,0,79,3,1884,5,,,0,73,3,1876,5,,,0,34,3,1870,5,,,0,75,3,1882,5,,,0,35,3,1889,5,,,0,145,43,1894,5,,,0,105,3,1893,5,,,0,105,3,1890,5,,,0,105,3,1891,5,,,0,105,3,1892,5,,,0
1000,'Dimanche',925,3,1896,5,,,0,104,2,1898,5,,,0,106,3,1899,5,,,0,104,2,1901,5,,,0,105,2,1902,5,,,0,105,2,1903,5,,,0,105,2,1904,5,,,0,105,2,1900,5,,,0,146,3,1897,5,,,0,105,3,1895,5,,,0
1000,'EventOff',623,,1917,5,,,0,36,2,1924,5,,,0,79,,1922,5,,,0,77,3,1912,5,,,0,34,,1906,5,,,0,76,3,1918,5,,,0,33,,1925,5,,,0,77,3,1916,5,,,0,73,,1913,5,,,0,37,3,1907,5,,,0,73,,1919,5,,,0,37,3,1926,5,,,0,73,,1910,5,,,0,76,2,1914,5,,,0,35,2,1908,5,,,0,80,2,1920,5,,,0,40,3,1927,5,,,0,79,3,1923,5,,,0,73,3,1915,5,,,0,34,3,1909,5,,,0,75,3,1921,5,,,0,35,3,1928,5,,,0,145,43,1933,5,,,0,105,3,1932,5,,,0,105,3,1929,5,,,0,105,3,1930,5,,,0,105,3,1931,5,,,0
1000,'EventOn',623,,1945,5,,,0,36,2,1952,5,,,0,79,,1950,5,,,0,77,3,1940,5,,,0,34,,1934,5,,,0,76,3,1946,5,,,0,33,,1953,5,,,0,77,3,1944,5,,,0,73,,1941,5,,,0,37,3,1935,5,,,0,73,,1947,5,,,0,37,3,1954,5,,,0,73,,1938,5,,,0,76,2,1942,5,,,0,35,2,1936,5,,,0,80,2,1948,5,,,0,40,3,1955,5,,,0,79,3,1951,5,,,0,73,3,1943,5,,,0,34,3,1937,5,,,0,75,3,1949,5,,,0,35,3,1956,5,,,0,145,43,1961,5,,,0,105,3,1960,5,,,0,105,3,1957,5,,,0,105,3,1958,5,,,0,105,3,1959,5,,,0
1000,'KerOffPriveOff',623,,1973,5,,,0,36,2,1980,5,,,0,79,,1978,5,,,0,77,3,1968,5,,,0,34,,1962,5,,,0,76,3,1974,5,,,0,33,,1981,5,,,0,77,3,1972,5,,,0,73,,1969,5,,,0,37,3,1963,5,,,0,73,,1975,5,,,0,37,3,1982,5,,,0,73,,1966,5,,,0,76,2,1970,5,,,0,35,2,1964,5,,,0,80,2,1976,5,,,0,40,3,1983,5,,,0,79,3,1979,5,,,0,73,3,1971,5,,,0,34,3,1965,5,,,0,75,3,1977,5,,,0,35,3,1984,5,,,0,145,43,1989,5,,,0,105,3,1988,5,,,0,105,3,1985,5,,,0,105,3,1986,5,,,0,105,3,1987,5,,,0
1000,'Samedi',655,3,1990,5,,,0,145,43,1991,5,,,0,105,3,1992,5,,,0,105,3,1993,5,,,0,105,3,1994,5,,,0,105,3,1995,5,,,0,106,3,1996,5,,,0,105,3,1997,5,,,0,105,3,1998,5,,,0,104,3,1999,5,,,0,105,3,2000,5,,,0,105,3,2001,5,,,0,105,3,2002,5,,,0,145,43,2003,5,,,0,105,3,2004,5,,,0,105,3,2005,5,,,0,105,3,2006,5,,,0
1001,'CsRoyOff',638,3,2008,24,,,0,72,3,2017,24,,,0,40,2,2025,24,,,0,75,3,2022,24,,,0,34,3,2013,24,,,0,76,3,2009,24,,,0,74,3,2018,24,,,0,35,3,2026,24,,,0,75,3,2021,24,,,0,35,3,2014,24,,,0,75,3,2010,24,,,0,73,2,2019,24,,,0,35,2,2027,24,,,0,67,2,2024,24,,,0,40,2,2015,24,,,0,71,2,2011,24,,,0,44,2,2020,24,,,0,78,,2028,24,,,0,79,,2023,24,,,0,35,,2016,24,,,0,78,2,2012,24,,,0,104,3,2029,24,,,0,105,3,2033,24,,,0,105,3,2032,24,,,0,105,3,2030,24,,,0,105,3,2031,24,,,0
1001,'CsRoyOffKerOff',638,3,2034,24,,,0,72,3,2043,24,,,0,40,2,2051,24,,,0,75,3,2048,24,,,0,34,3,2039,24,,,0,76,3,2035,24,,,0,74,3,2044,24,,,0,35,3,2052,24,,,0,75,3,2047,24,,,0,35,3,2040,24,,,0,75,3,2036,24,,,0,73,2,2045,24,,,0,35,2,2053,24,,,0,67,2,2050,24,,,0,40,2,2041,24,,,0,71,2,2037,24,,,0,44,2,2046,24,,,0,78,,2054,24,,,0,79,,2049,24,,,0,35,,2042,24,,,0,78,2,2038,24,,,0,104,3,2055,24,,,0,105,3,2059,24,,,0,105,3,2058,24,,,0,105,3,2056,24,,,0,105,3,2057,24,,,0
1001,'Dimanche',900,43,2062,24,,,0,105,3,2063,24,,,0,104,3,2064,24,,,0,105,2,2065,24,,,0,104,2,2066,24,,,0,105,2,2067,24,,,0,105,2,2068,24,,,0,105,3,2069,24,,,0,106,3,2061,24,,,0,104,2,2060,24,,,0
1001,'EventOff',638,3,2070,24,,,0,72,3,2079,24,,,0,40,2,2087,24,,,0,75,3,2084,24,,,0,34,3,2075,24,,,0,76,3,2071,24,,,0,74,3,2080,24,,,0,35,3,2088,24,,,0,75,3,2083,24,,,0,35,3,2076,24,,,0,75,3,2072,24,,,0,73,2,2081,24,,,0,35,2,2089,24,,,0,67,2,2086,24,,,0,40,2,2077,24,,,0,71,2,2073,24,,,0,44,2,2082,24,,,0,78,,2090,24,,,0,79,,2085,24,,,0,35,,2078,24,,,0,78,2,2074,24,,,0,104,3,2091,24,,,0,105,3,2095,24,,,0,105,3,2094,24,,,0,105,3,2092,24,,,0,105,3,2093,24,,,0
1001,'EventOn',638,3,2096,24,,,0,72,3,2105,24,,,0,40,2,2113,24,,,0,75,3,2110,24,,,0,34,3,2101,24,,,0,76,3,2097,24,,,0,74,3,2106,24,,,0,35,3,2114,24,,,0,75,3,2109,24,,,0,35,3,2102,24,,,0,75,3,2098,24,,,0,73,2,2107,24,,,0,35,2,2115,24,,,0,67,2,2112,24,,,0,40,2,2103,24,,,0,71,2,2099,24,,,0,44,2,2108,24,,,0,78,,2116,24,,,0,79,,2111,24,,,0,35,,2104,24,,,0,78,2,2100,24,,,0,104,3,2117,24,,,0,105,3,2121,24,,,0,105,3,2120,24,,,0,105,3,2118,24,,,0,105,3,2119,24,,,0
1001,'KerOffPriveOff',638,3,2122,24,,,0,72,3,2131,24,,,0,40,2,2139,24,,,0,75,3,2136,24,,,0,34,3,2127,24,,,0,76,3,2123,24,,,0,74,3,2132,24,,,0,35,3,2140,24,,,0,75,3,2135,24,,,0,35,3,2128,24,,,0,75,3,2124,24,,,0,73,2,2133,24,,,0,35,2,2141,24,,,0,67,2,2138,24,,,0,40,2,2129,24,,,0,71,2,2125,24,,,0,44,2,2134,24,,,0,78,,2142,24,,,0,79,,2137,24,,,0,35,,2130,24,,,0,78,2,2126,24,,,0,104,3,2143,24,,,0,105,3,2147,24,,,0,105,3,2146,24,,,0,105,3,2144,24,,,0,105,3,2145,24,,,0
1001,'Samedi',630,3,2148,24,,,0,104,3,2149,24,,,0,105,3,2150,24,,,0,105,3,2151,24,,,0,105,2,2152,24,,,0,104,2,2153,24,,,0,106,3,2154,24,,,0,145,2,2155,24,,,0,105,2,2156,24,,,0,105,2,2157,24,,,0,104,2,2158,24,,,0,106,3,2159,24,,,0,105,3,2160,24,,,0,105,3,2161,24,,,0,105,3,2162,24,,,0,105,3,2163,24,,,0,105,3,2164,24,,,0
1200,'CsRoyOff',659,2,2509,12,,,0,156,3,2510,12,,,0,110,3,2511,12,,,0,110,3,2512,12,,,0,110,3,2513,12,,,0,110,3,2514,12,,,0,149,2,2515,12,,,0,115,2,2516,12,,,0,81,,2525,1,,,0,38,3,2517,12,,,0,107,3,2518,12,,,0,110,3,2519,12,,,0,145,43,2523,12,,,0,105,3,2522,12,,,0,105,3,2521,12,,,0,105,3,2520,12,,,0,105,3,2524,12,,,0
1200,'CsRoyOffKerOff',659,2,2526,12,,,0,156,3,2527,12,,,0,110,3,2528,12,,,0,110,3,2529,12,,,0,110,3,2530,12,,,0,110,3,2531,12,,,0,149,2,2532,12,,,0,115,2,2533,12,,,0,81,,2542,1,,,0,38,3,2534,12,,,0,107,3,2535,12,,,0,110,3,2536,12,,,0,145,43,2540,12,,,0,105,3,2539,12,,,0,105,3,2538,12,,,0,105,3,2537,12,,,0,105,3,2541,12,,,0
1200,'Dimanche',925,3,2544,12,,,0,104,2,2546,12,,,0,106,3,2547,12,,,0,104,2,2548,12,,,0,105,2,2549,12,,,0,105,2,2550,12,,,0,105,2,2551,12,,,0,105,2,2552,12,,,0,146,3,2545,12,,,0,105,3,2543,12,,,0
1200,'EventOff',659,2,2553,12,,,0,156,3,2554,12,,,0,110,3,2555,12,,,0,110,3,2556,12,,,0,110,3,2557,12,,,0,110,3,2558,12,,,0,149,2,2559,12,,,0,115,2,2560,12,,,0,119,3,2561,12,,,0,107,3,2562,12,,,0,110,3,2563,12,,,0,145,43,2567,12,,,0,105,3,2566,12,,,0,105,3,2565,12,,,0,105,3,2564,12,,,0,105,3,2568,12,,,0
1200,'EventOn',659,2,2569,12,,,0,156,3,2570,12,,,0,110,3,2571,12,,,0,110,3,2572,12,,,0,110,3,2573,12,,,0,110,3,2574,12,,,0,149,2,2575,12,,,0,115,2,2576,12,,,0,81,,2585,1,,,0,38,3,2577,12,,,0,107,3,2578,12,,,0,110,3,2579,12,,,0,145,43,2583,12,,,0,105,3,2582,12,,,0,105,3,2581,12,,,0,105,3,2580,12,,,0,105,3,2584,12,,,0
1200,'KerOffPriveOff',659,2,2586,12,,,0,156,3,2587,12,,,0,110,3,2588,12,,,0,110,3,2589,12,,,0,110,3,2590,12,,,0,110,3,2591,12,,,0,149,2,2592,12,,,0,115,2,2593,12,,,0,119,3,2594,12,,,0,107,3,2595,12,,,0,110,3,2596,12,,,0,145,43,2600,12,,,0,105,3,2599,12,,,0,105,3,2598,12,,,0,105,3,2597,12,,,0,105,3,2601,12,,,0
1200,'Samedi',655,3,2602,12,,,0,145,43,2603,12,,,0,105,3,2604,12,,,0,105,3,2605,12,,,0,105,3,2606,12,,,0,105,3,2607,12,,,0,106,3,2608,12,,,0,105,3,2609,12,,,0,105,3,2610,12,,,0,104,3,2611,12,,,0,105,3,2612,12,,,0,105,3,2613,12,,,0,105,3,2614,12,,,0,145,43,2615,12,,,0,105,3,2616,12,,,0,105,3,2617,12,,,0,105,3,2618,12,,,0
1201,'CsRoyOff',638,3,2619,37,,,0,112,2,2620,37,,,0,109,3,2621,37,,,0,150,3,2622,37,,,0,110,3,2623,37,,,0,110,3,2624,37,,,0,108,2,2625,37,,,0,107,2,2626,37,,,0,115,2,2627,37,,,0,157,,2628,37,,,0,113,2,2629,37,,,0,104,3,2630,37,,,0,105,3,2633,37,,,0,105,3,2632,37,,,0,105,3,2631,37,,,0,105,3,2634,37,,,0
1201,'CsRoyOffKerOff',638,3,2635,37,,,0,112,2,2636,37,,,0,109,3,2637,37,,,0,150,3,2638,37,,,0,110,3,2639,37,,,0,110,3,2640,37,,,0,108,2,2641,37,,,0,107,2,2642,37,,,0,115,2,2643,37,,,0,157,,2644,37,,,0,113,2,2645,37,,,0,104,3,2646,37,,,0,105,3,2649,37,,,0,105,3,2648,37,,,0,105,3,2647,37,,,0,105,3,2650,37,,,0
1201,'Dimanche',900,43,2652,37,,,0,105,3,2653,37,,,0,104,3,2655,37,,,0,105,2,2656,37,,,0,104,2,2657,37,,,0,105,2,2658,37,,,0,105,2,2659,37,,,0,105,3,2660,37,,,0,106,3,2651,37,,,0,104,2,2654,37,,,0
1201,'EventOff',638,3,2661,37,,,0,112,2,2662,37,,,0,109,3,2663,37,,,0,150,3,2664,37,,,0,110,3,2665,37,,,0,110,3,2666,37,,,0,108,2,2667,37,,,0,107,2,2668,37,,,0,115,2,2669,37,,,0,157,,2670,37,,,0,113,2,2671,37,,,0,104,3,2672,37,,,0,105,3,2675,37,,,0,105,3,2674,37,,,0,105,3,2673,37,,,0,105,3,2676,37,,,0
1201,'EventOn',638,3,2677,37,,,0,112,2,2678,37,,,0,109,3,2679,37,,,0,150,3,2680,37,,,0,110,3,2681,37,,,0,110,3,2682,37,,,0,108,2,2683,37,,,0,107,2,2684,37,,,0,115,2,2685,37,,,0,157,,2686,37,,,0,113,2,2687,37,,,0,104,3,2688,37,,,0,105,3,2691,37,,,0,105,3,2690,37,,,0,105,3,2689,37,,,0,105,3,2692,37,,,0
1201,'KerOffPriveOff',638,3,2693,37,,,0,112,2,2694,37,,,0,109,3,2695,37,,,0,150,3,2696,37,,,0,110,3,2697,37,,,0,110,3,2698,37,,,0,108,2,2699,37,,,0,107,2,2700,37,,,0,115,2,2701,37,,,0,157,,2702,37,,,0,113,2,2703,37,,,0,104,3,2704,37,,,0,105,3,2707,37,,,0,105,3,2706,37,,,0,105,3,2705,37,,,0,105,3,2708,37,,,0
1201,'Samedi',630,3,2709,37,,,0,104,3,2710,37,,,0,105,3,2711,37,,,0,105,3,2712,37,,,0,105,2,2713,37,,,0,104,2,2714,37,,,0,106,3,2715,37,,,0,145,2,2716,37,,,0,105,2,2717,37,,,0,105,2,2718,37,,,0,104,2,2719,37,,,0,106,3,2720,37,,,0,105,3,2721,37,,,0,105,3,2722,37,,,0,105,3,2723,37,,,0,105,3,2724,37,,,0,105,3,2725,37,,,0
1700,'CsRoyOff',642,,3336,16,4,,0,80,,3337,16,4,,0,37,,3338,16,4,,0,79,,3339,16,4,,0,74,,3340,16,4,,0,35,,3341,16,4,,0,75,,3342,16,4,,0,35,,3343,16,4,,0,75,,3344,16,4,,0,76,,3345,16,4,,0,35,,3346,16,4,,0,75,,3347,16,4,,0,35,,3348,16,4,,0,75,,3349,16,4,,0,77,,3350,16,4,,0,41,,3351,16,4,,0,77,,3352,16,4,,0,35,,3353,16,4,,0,69,,3354,16,4,,0,79,,3355,16,4,,0,33,,3356,16,4,,0
1700,'CsRoyOffKerOff',642,,3357,16,4,,0,80,,3358,16,4,,0,37,,3359,16,4,,0,79,,3360,16,4,,0,74,,3361,16,4,,0,35,,3362,16,4,,0,75,,3363,16,4,,0,35,,3364,16,4,,0,75,,3365,16,4,,0,76,,3366,16,4,,0,35,,3367,16,4,,0,75,,3368,16,4,,0,35,,3369,16,4,,0,75,,3370,16,4,,0,77,,3371,16,4,,0,41,,3372,16,4,,0,77,,3373,16,4,,0,35,,3374,16,4,,0,69,,3375,16,4,,0,79,,3376,16,4,,0,33,,3377,16,4,,0
1700,'EventOff',642,,3378,16,4,,0,80,,3379,16,4,,0,37,,3380,16,4,,0,79,,3381,16,4,,0,74,,3382,16,4,,0,35,,3383,16,4,,0,75,,3384,16,4,,0,35,,3385,16,4,,0,75,,3386,16,4,,0,76,,3387,16,4,,0,35,,3388,16,4,,0,75,,3389,16,4,,0,35,,3390,16,4,,0,75,,3391,16,4,,0,77,,3392,16,4,,0,41,,3393,16,4,,0,77,,3394,16,4,,0,35,,3395,16,4,,0,69,,3396,16,4,,0,79,,3397,16,4,,0,33,,3398,16,4,,0
1700,'EventOn',642,,3399,16,4,,0,80,,3400,16,4,,0,37,,3401,16,4,,0,79,,3402,16,4,,0,74,,3403,16,4,,0,35,,3404,16,4,,0,75,,3405,16,4,,0,35,,3406,16,4,,0,75,,3407,16,4,,0,76,,3408,16,4,,0,35,,3409,16,4,,0,75,,3410,16,4,,0,35,,3411,16,4,,0,75,,3412,16,4,,0,77,,3413,16,4,,0,41,,3414,16,4,,0,77,,3415,16,4,,0,35,,3416,16,4,,0,69,,3417,16,4,,0,79,,3418,16,4,,0,33,,3419,16,4,,0
1700,'KerOffPriveOff',642,,3420,16,4,,0,80,,3421,16,4,,0,37,,3422,16,4,,0,79,,3423,16,4,,0,74,,3424,16,4,,0,35,,3425,16,4,,0,75,,3426,16,4,,0,35,,3427,16,4,,0,75,,3428,16,4,,0,76,,3429,16,4,,0,35,,3430,16,4,,0,75,,3431,16,4,,0,35,,3432,16,4,,0,75,,3433,16,4,,0,77,,3434,16,4,,0,41,,3435,16,4,,0,77,,3436,16,4,,0,35,,3437,16,4,,0,69,,3438,16,4,,0,79,,3439,16,4,,0,33,,3440,16,4,,0
1701,'CsRoyOff',616,,3441,1,,,0,32,,3442,1,,,0,80,,3443,1,,,0,75,,3444,1,,,0,36,,3445,1,,,0,74,,3446,1,,,0,35,,3447,1,,,0,75,,3448,1,,,0,36,,3449,1,,,0,75,,3450,1,,,0,75,,3451,1,,,0,35,,3452,1,,,0,75,,3453,1,,,0,35,,3454,1,,,0,75,,3455,1,,,0,80,,3456,1,,,0,38,,3457,1,,,0,77,,3458,1,,,0,35,,3459,1,,,0,73,,3460,1,,,0,76,,3461,1,,,0
1701,'CsRoyOffKerOff',616,,3462,1,,,0,32,,3463,1,,,0,80,,3464,1,,,0,75,,3465,1,,,0,36,,3466,1,,,0,74,,3467,1,,,0,35,,3468,1,,,0,75,,3469,1,,,0,36,,3470,1,,,0,75,,3471,1,,,0,75,,3472,1,,,0,35,,3473,1,,,0,75,,3474,1,,,0,35,,3475,1,,,0,75,,3476,1,,,0,80,,3477,1,,,0,38,,3478,1,,,0,77,,3479,1,,,0,35,,3480,1,,,0,73,,3481,1,,,0,76,,3482,1,,,0
1701,'EventOff',616,,3483,1,,,0,32,,3484,1,,,0,80,,3485,1,,,0,75,,3486,1,,,0,36,,3487,1,,,0,74,,3488,1,,,0,35,,3489,1,,,0,75,,3490,1,,,0,36,,3491,1,,,0,75,,3492,1,,,0,75,,3493,1,,,0,35,,3494,1,,,0,75,,3495,1,,,0,35,,3496,1,,,0,75,,3497,1,,,0,80,,3498,1,,,0,38,,3499,1,,,0,77,,3500,1,,,0,35,,3501,1,,,0,73,,3502,1,,,0,76,,3503,1,,,0
1701,'EventOn',616,,3504,1,,,0,32,,3505,1,,,0,80,,3506,1,,,0,75,,3507,1,,,0,36,,3508,1,,,0,74,,3509,1,,,0,35,,3510,1,,,0,75,,3511,1,,,0,36,,3512,1,,,0,75,,3513,1,,,0,75,,3514,1,,,0,35,,3515,1,,,0,75,,3516,1,,,0,35,,3517,1,,,0,75,,3518,1,,,0,80,,3519,1,,,0,38,,3520,1,,,0,77,,3521,1,,,0,35,,3522,1,,,0,73,,3523,1,,,0,76,,3524,1,,,0
1701,'KerOffPriveOff',616,,3525,1,,,0,32,,3526,1,,,0,80,,3527,1,,,0,75,,3528,1,,,0,36,,3529,1,,,0,74,,3530,1,,,0,35,,3531,1,,,0,75,,3532,1,,,0,36,,3533,1,,,0,75,,3534,1,,,0,75,,3535,1,,,0,35,,3536,1,,,0,75,,3537,1,,,0,35,,3538,1,,,0,75,,3539,1,,,0,80,,3540,1,,,0,38,,3541,1,,,0,77,,3542,1,,,0,35,,3543,1,,,0,73,,3544,1,,,0,76,,3545,1,,,0
6000,'CsRoyOff',610,,4473,1,,,0,27,2,4484,20,,,0,81,,4474,20,,,0,33,3,4485,20,,,0,79,2,4475,20,,,0,75,2,4486,20,,,0,33,,4476,20,,,0,76,,4487,20,,,0,34,,4477,20,,,0,76,2,4488,20,,,0,33,,4478,20,,,0,76,,4489,20,,,0,75,,4479,20,,,0,28,,4490,20,,,0,78,2,4501,20,,,0,25,2,4480,20,,,0,80,2,4491,20,,,0,40,3,4481,20,,,0,79,3,4492,20,,,0,73,3,4482,20,,,0,34,3,4493,20,,,0,75,3,4483,20,,,0,35,3,4494,20,,,0,78,3,4495,20,,,0,105,3,4500,20,,,0,105,3,4499,20,,,0,105,3,4498,20,,,0,105,3,4496,20,,,0,98,,4497,20,4,,0
6000,'CsRoyOffKerOff',610,,4502,1,,,0,27,2,4513,20,,,0,81,,4503,20,,,0,33,3,4514,20,,,0,79,2,4504,20,,,0,75,2,4515,20,,,0,33,,4505,20,,,0,76,,4516,20,,,0,34,,4506,20,,,0,76,2,4517,20,,,0,33,,4507,20,,,0,76,,4518,20,,,0,75,,4508,20,,,0,28,,4519,20,,,0,78,2,4530,20,,,0,25,2,4509,20,,,0,80,2,4520,20,,,0,40,3,4510,20,,,0,79,3,4521,20,,,0,73,3,4511,20,,,0,34,3,4522,20,,,0,75,3,4512,20,,,0,35,3,4523,20,,,0,78,3,4524,20,,,0,105,3,4529,20,,,0,105,3,4528,20,,,0,105,3,4527,20,,,0,105,3,4525,20,,,0,98,,4526,20,4,,0
6000,'Dimanche',900,43,4531,20,,,0,105,3,4532,20,,,0,104,3,4534,20,,,0,105,2,4536,20,,,0,104,2,4537,20,,,0,105,2,4538,20,,,0,105,2,4539,20,,,0,105,3,4540,20,,,0,106,3,4535,20,,,0,104,2,4533,20,,,0
6000,'EventOff',610,,4541,1,,,0,27,2,4552,20,,,0,81,,4542,20,,,0,33,3,4553,20,,,0,79,2,4543,20,,,0,75,2,4554,20,,,0,33,,4544,20,,,0,76,,4555,20,,,0,34,,4545,20,,,0,76,2,4556,20,,,0,33,,4546,20,,,0,76,,4557,20,,,0,75,,4547,20,,,0,28,,4558,20,,,0,78,2,4569,20,,,0,25,2,4548,20,,,0,80,2,4559,20,,,0,40,3,4549,20,,,0,79,3,4560,20,,,0,73,3,4550,20,,,0,34,3,4561,20,,,0,75,3,4551,20,,,0,35,3,4562,20,,,0,78,3,4563,20,,,0,105,3,4568,20,,,0,105,3,4567,20,,,0,105,3,4566,20,,,0,105,3,4564,20,,,0,98,,4565,20,4,,0
6000,'EventOn',610,,4570,1,,,0,27,2,4581,20,,,0,81,,4571,20,,,0,33,3,4582,20,,,0,79,2,4572,20,,,0,75,2,4583,20,,,0,33,,4573,20,,,0,76,,4584,20,,,0,34,,4574,20,,,0,76,2,4585,20,,,0,33,,4575,20,,,0,76,,4586,20,,,0,75,,4576,20,,,0,28,,4587,20,,,0,78,2,4598,20,,,0,25,2,4577,20,,,0,80,2,4588,20,,,0,40,3,4578,20,,,0,79,3,4589,20,,,0,73,3,4579,20,,,0,34,3,4590,20,,,0,75,3,4580,20,,,0,35,3,4591,20,,,0,78,3,4592,20,,,0,105,3,4597,20,,,0,105,3,4596,20,,,0,105,3,4595,20,,,0,105,3,4593,20,,,0,98,,4594,20,4,,0
6000,'KerOffPriveOff',610,,4602,1,,,0,27,2,4613,20,,,0,81,,4603,20,,,0,33,3,4614,20,,,0,79,2,4604,20,,,0,75,2,4615,20,,,0,33,,4605,20,,,0,76,,4616,20,,,0,34,,4606,20,,,0,76,2,4617,20,,,0,33,,4607,20,,,0,76,,4618,20,,,0,75,,4608,20,,,0,28,,4619,20,,,0,78,2,4630,20,,,0,25,2,4609,20,,,0,80,2,4620,20,,,0,40,3,4610,20,,,0,79,3,4621,20,,,0,73,3,4611,20,,,0,34,3,4622,20,,,0,75,3,4612,20,,,0,35,3,4623,20,,,0,78,3,4624,20,,,0,105,3,4629,20,,,0,105,3,4628,20,,,0,105,3,4627,20,,,0,105,3,4625,20,,,0,98,,4626,20,4,,0
6000,'Samedi',630,3,4639,20,,,0,104,3,4645,20,,,0,105,3,4634,20,,,0,105,3,4640,20,,,0,105,2,4646,20,,,0,104,2,4635,20,,,0,106,3,4641,20,,,0,145,2,4647,20,,,0,105,2,4636,20,,,0,105,2,4642,20,,,0,104,2,4648,20,,,0,106,3,4637,20,,,0,105,3,4643,20,,,0,105,3,4649,20,,,0,105,3,4638,20,,,0,105,3,4644,20,,,0,105,3,4650,20,,,0,97,,4651,20,4,,0
6001,'CsRoyOff',604,,4678,1,,,0,34,3,4652,25,,,0,72,3,4663,25,,,0,40,2,4653,25,,,0,75,3,4664,25,,,0,34,3,4654,25,,,0,76,3,4665,25,,,0,74,3,4655,25,,,0,35,3,4666,25,,,0,75,3,4656,25,,,0,35,3,4667,25,,,0,75,3,4657,25,,,0,73,2,4668,25,,,0,35,2,4658,25,,,0,67,2,4669,25,,,0,40,2,4679,25,,,0,71,2,4659,25,,,0,44,2,4670,25,,,0,70,,4660,25,,,0,78,,4671,25,,,0,36,,4661,25,,,0,75,,4672,25,,,0,29,,4662,25,,,0,153,43,4675,25,,,0,105,3,4677,25,,,0,105,3,4676,25,,,0,105,3,4674,25,,,0,103,,4673,25,,,0
6001,'CsRoyOffKerOff',604,,4706,1,,,0,34,3,4680,25,,,0,72,3,4691,25,,,0,40,2,4681,25,,,0,75,3,4692,25,,,0,34,3,4682,25,,,0,76,3,4693,25,,,0,74,3,4683,25,,,0,35,3,4694,25,,,0,75,3,4684,25,,,0,35,3,4695,25,,,0,75,3,4685,25,,,0,73,2,4696,25,,,0,35,2,4686,25,,,0,67,2,4697,25,,,0,40,2,4707,25,,,0,71,2,4687,25,,,0,44,2,4698,25,,,0,70,,4688,25,,,0,78,,4699,25,,,0,36,,4689,25,,,0,75,,4700,25,,,0,29,,4690,25,,,0,153,43,4703,25,,,0,105,3,4705,25,,,0,105,3,4704,25,,,0,105,3,4702,25,,,0,103,,4701,25,,,0
6001,'Dimanche',925,3,4708,25,,,0,104,2,4710,25,,,0,106,3,4711,25,,,0,104,2,4713,25,,,0,105,2,4714,25,,,0,105,2,4715,25,,,0,105,2,4716,25,,,0,105,2,4717,25,,,0,146,3,4712,25,,,0,105,3,4709,25,,,0
6001,'EventOff',604,,4744,1,,,0,34,3,4718,25,,,0,72,3,4729,25,,,0,40,2,4719,25,,,0,75,3,4730,25,,,0,34,3,4720,25,,,0,76,3,4731,25,,,0,74,3,4721,25,,,0,35,3,4732,25,,,0,75,3,4722,25,,,0,35,3,4733,25,,,0,75,3,4723,25,,,0,73,2,4734,25,,,0,35,2,4724,25,,,0,67,2,4735,25,,,0,40,2,4745,25,,,0,71,2,4725,25,,,0,44,2,4736,25,,,0,70,,4726,25,,,0,78,,4737,25,,,0,36,,4727,25,,,0,75,,4738,25,,,0,29,,4728,25,,,0,153,43,4741,25,,,0,105,3,4743,25,,,0,105,3,4742,25,,,0,105,3,4740,25,,,0,103,,4739,25,,,0
6001,'EventOn',604,,4772,1,,,0,34,3,4746,25,,,0,72,3,4757,25,,,0,40,2,4747,25,,,0,75,3,4758,25,,,0,34,3,4748,25,,,0,76,3,4759,25,,,0,74,3,4749,25,,,0,35,3,4760,25,,,0,75,3,4750,25,,,0,35,3,4761,25,,,0,75,3,4751,25,,,0,73,2,4762,25,,,0,35,2,4752,25,,,0,67,2,4763,25,,,0,40,2,4773,25,,,0,71,2,4753,25,,,0,43,,4776,25,4,,0,1,2,4764,25,,,0,70,,4754,25,,,0,78,,4765,25,,,0,36,,4755,25,,,0,75,,4766,25,,,0,29,,4756,25,,,0,153,43,4769,25,,,0,105,3,4771,25,,,0,105,3,4770,25,,,0,105,3,4768,25,,,0,103,,4767,25,,,0
6001,'KerOffPriveOff',604,,4803,1,,,0,34,3,4777,25,,,0,72,3,4788,25,,,0,40,2,4778,25,,,0,75,3,4789,25,,,0,34,3,4779,25,,,0,76,3,4790,25,,,0,74,3,4780,25,,,0,35,3,4791,25,,,0,75,3,4781,25,,,0,35,3,4792,25,,,0,75,3,4782,25,,,0,73,2,4793,25,,,0,35,2,4783,25,,,0,67,2,4794,25,,,0,40,2,4804,25,,,0,71,2,4784,25,,,0,43,,4807,25,4,,0,1,2,4795,25,,,0,70,,4785,25,,,0,78,,4796,25,,,0,36,,4786,25,,,0,75,,4797,25,,,0,29,,4787,25,,,0,153,43,4800,25,,,0,105,3,4802,25,,,0,105,3,4801,25,,,0,105,3,4799,25,,,0,103,,4798,25,,,0
6001,'Samedi',655,3,4813,25,,,0,145,43,4819,25,,,0,105,3,4808,25,,,0,105,3,4814,25,,,0,105,3,4820,25,,,0,105,3,4809,25,,,0,106,3,4815,25,,,0,105,3,4821,25,,,0,105,3,4810,25,,,0,104,3,4816,25,,,0,105,3,4822,25,,,0,105,3,4811,25,,,0,105,3,4817,25,,,0,145,43,4823,25,,,0,105,3,4812,25,,,0,105,3,4818,25,,,0,105,3,4824,25,,,0
111800500,'CsRoyOff',718,,4936,1,,,0,840,2,4937,18,,,0
111800500,'CsRoyOffKerOff',1558,2,4938,18,,,0
111800500,'EventOn',718,,4939,1,,,0,840,2,4940,18,,,0
111800501,'CsRoyOff',750,2,4941,19,,,0,878,,4942,19,4,,0
111800501,'CsRoyOffKerOff',1628,,4943,19,4,,0
111800501,'EventOn',750,2,4944,19,,,0,878,,4945,19,4,,0
19200300000,'CsRoyOff',723,,5009,1,0,11 18,0,817,,5010,2,4,,0
19200300000,'CsRoyOffKerOff',723,,5011,1,0,11 18,0,817,,5012,2,4,,0
19200300000,'EventOn',723,,5013,1,0,11 18,0,817,,5014,2,4,,0
19200300001,'CsRoyOff',750,2,5015,20,0,11 18,0
19200300001,'CsRoyOffKerOff',750,2,5016,20,0,11 18,0
19200300001,'EventOn',750,2,5017,20,0,11 18,0
