901,'CsRoyOff',618,,1744,20,,,0,24,,1758,20,,,0,70,,1762,26,0,5,0,7,,1745,20,,,0,1,,1763,26,0,6,0,38,,1757,20,,,0,74,,1746,20,,,0,76,,1759,20,,,0,35,,1747,20,,,0,110,,1748,20,,,0,151,,1749,20,,,0,109,,1750,20,,,0,111,,1751,20,,,0,76,,1756,20,,,0,36,,1752,20,,,0,79,,1755,20,,,0,37,,1753,20,,,0,77,,1760,20,,,0,75,,1754,20,,,0,110,,1761,20,,,0
901,'CsRoyOffKerOff',618,,1764,20,,,0,24,,1778,20,,,0,70,,1782,26,0,5,0,7,,1765,20,,,0,39,,1777,20,,,0,74,,1766,20,,,0,76,,1779,20,,,0,35,,1767,20,,,0,110,,1768,20,,,0,151,,1769,20,,,0,109,,1770,20,,,0,111,,1771,20,,,0,76,,1776,20,,,0,36,,1772,20,,,0,79,,1775,20,,,0,37,,1773,20,,,0,77,,1780,20,,,0,75,,1774,20,,,0,110,,1781,20,,,0
901,'EventOff',618,,1783,20,,,0,24,,1797,20,,,0,77,,1784,20,,,0,39,,1796,20,,,0,74,,1785,20,,,0,76,,1798,20,,,0,35,,1786,20,,,0,110,,1787,20,,,0,151,,1788,20,,,0,109,,1789,20,,,0,111,,1790,20,,,0,76,,1795,20,,,0,36,,1791,20,,,0,79,,1794,20,,,0,37,,1792,20,,,0,77,,1799,20,,,0,75,,1793,20,,,0,110,,1800,20,,,0
901,'EventOn',618,,1801,20,,,0,24,,1815,20,,,0,70,,1819,26,0,5,0,7,,1802,20,,,0,1,,1820,26,0,6,0,38,,1814,20,,,0,74,,1803,20,,,0,76,,1816,20,,,0,35,,1804,20,,,0,110,,1805,20,,,0,151,,1806,20,,,0,109,,1807,20,,,0,111,,1808,20,,,0,76,,1813,20,,,0,36,,1809,20,,,0,79,,1812,20,,,0,37,,1810,20,,,0,77,,1817,20,,,0,75,,1811,20,,,0,110,,1818,20,,,0
901,'KerOffPriveOff',618,,1821,20,,,0,24,,1835,20,,,0,77,,1822,20,,,0,39,,1834,20,,,0,74,,1823,20,,,0,76,,1836,20,,,0,35,,1824,20,,,0,110,,1825,20,,,0,151,,1826,20,,,0,109,,1827,20,,,0,111,,1828,20,,,0,76,,1833,20,,,0,36,,1829,20,,,0,79,,1832,20,,,0,37,,1830,20,,,0,77,,1837,20,,,0,75,,1831,20,,,0,110,,1838,20,,,0
8901,'CsRoyOff',2019,,4880,20,,,0,105,,4879,20,,,0,105,,4878,20,,,0,105,,4877,20,,,0
8901,'CsRoyOffKerOff',2019,,4884,20,,,0,105,,4883,20,,,0,105,,4882,20,,,0,105,,4881,20,,,0
8901,'Dimanche',837,,4886,20,,,0,105,,4888,20,,,0,106,,4890,20,,,0,105,,4891,20,,,0,105,,4892,20,,,0,145,,4893,20,,,0,105,,4894,20,,,0,105,,4895,20,,,0,105,,4885,20,,,0,104,,4889,20,,,0,101,,4887,20,,,0
8901,'EventOff',2019,,4899,20,,,0,105,,4898,20,,,0,105,,4897,20,,,0,105,,4896,20,,,0
8901,'EventOn',2019,,4903,20,,,0,105,,4902,20,,,0,105,,4901,20,,,0,105,,4900,20,,,0
8901,'KerOffPriveOff',2019,,4907,20,,,0,105,,4906,20,,,0,105,,4905,20,,,0,105,,4904,20,,,0
8901,'Samedi',712,,4916,20,,,0,105,,4908,20,,,0,106,,4917,20,,,0,105,,4909,20,,,0,105,,4918,20,,,0,105,,4910,20,,,0,104,,4919,20,,,0,105,,4911,20,,,0,105,,4920,20,,,0,106,,4912,20,,,0,144,,4921,20,,,0,105,,4913,20,,,0,105,,4922,20,,,0,105,,4914,20,,,0,105,,4923,20,,,0,105,,4915,20,,,0
