200,'CsRoyOff',628,,17,15,,,0,75,,6,15,,,0,41,,12,15,,,0,75,,1,15,,,0,35,,18,15,,,0,74,,7,15,,,0,75,,13,15,,,0,35,,2,15,,,0,76,,19,15,,,0,35,,8,15,,,0,75,,14,15,,,0,35,,3,15,,,0,75,,20,15,,,0,75,,9,15,,,0,35,,15,15,,,0,80,,4,15,,,0,79,,21,15,,,0,37,,10,15,,,0,75,,16,15,,,0,33,,5,15,,,0,75,,22,15,,,0,35,,11,15,,,0,145,,27,15,,,0,105,,26,15,,,0,105,,25,15,,,0,105,,24,15,,,0,105,,23,15,,,0
200,'CsRoyOffKerOff',628,,44,15,,,0,75,,33,15,,,0,41,,39,15,,,0,75,,28,15,,,0,35,,45,15,,,0,74,,34,15,,,0,75,,40,15,,,0,35,,29,15,,,0,76,,46,15,,,0,35,,35,15,,,0,75,,41,15,,,0,35,,30,15,,,0,75,,47,15,,,0,75,,36,15,,,0,35,,42,15,,,0,80,,31,15,,,0,79,,48,15,,,0,37,,37,15,,,0,75,,43,15,,,0,33,,32,15,,,0,75,,49,15,,,0,35,,38,15,,,0,145,,54,15,,,0,105,,53,15,,,0,105,,52,15,,,0,105,,51,15,,,0,105,,50,15,,,0
200,'Dimanche',928,,58,15,,,0,105,,59,15,,,0,105,,60,15,,,0,105,,61,15,,,0,105,,62,15,,,0,105,,63,15,,,0,105,,64,15,,,0,145,,56,15,,,0,105,,55,15,,,0,105,,57,15,,,0
200,'EventOff',628,,81,15,,,0,75,,70,15,,,0,41,,76,15,,,0,75,,65,15,,,0,35,,82,15,,,0,74,,71,15,,,0,75,,77,15,,,0,35,,66,15,,,0,76,,83,15,,,0,35,,72,15,,,0,75,,78,15,,,0,35,,67,15,,,0,75,,84,15,,,0,75,,73,15,,,0,35,,79,15,,,0,80,,68,15,,,0,79,,85,15,,,0,37,,74,15,,,0,75,,80,15,,,0,33,,69,15,,,0,75,,86,15,,,0,35,,75,15,,,0,145,,91,15,,,0,105,,90,15,,,0,105,,89,15,,,0,105,,88,15,,,0,105,,87,15,,,0
200,'EventOn',628,,108,15,,,0,75,,97,15,,,0,41,,103,15,,,0,75,,92,15,,,0,35,,109,15,,,0,74,,98,15,,,0,75,,104,15,,,0,35,,93,15,,,0,76,,110,15,,,0,35,,99,15,,,0,75,,105,15,,,0,35,,94,15,,,0,75,,111,15,,,0,75,,100,15,,,0,35,,106,15,,,0,80,,95,15,,,0,79,,112,15,,,0,37,,101,15,,,0,75,,107,15,,,0,33,,96,15,,,0,75,,113,15,,,0,35,,102,15,,,0,145,,118,15,,,0,105,,117,15,,,0,105,,116,15,,,0,105,,115,15,,,0,105,,114,15,,,0
200,'KerOffPriveOff',628,,135,15,,,0,75,,124,15,,,0,41,,130,15,,,0,75,,119,15,,,0,35,,136,15,,,0,74,,125,15,,,0,75,,131,15,,,0,35,,120,15,,,0,76,,137,15,,,0,35,,126,15,,,0,75,,132,15,,,0,35,,121,15,,,0,75,,138,15,,,0,75,,127,15,,,0,35,,133,15,,,0,80,,122,15,,,0,79,,139,15,,,0,37,,128,15,,,0,75,,134,15,,,0,33,,123,15,,,0,75,,140,15,,,0,35,,129,15,,,0,145,,145,15,,,0,105,,144,15,,,0,105,,143,15,,,0,105,,142,15,,,0,105,,141,15,,,0
200,'Samedi',657,,146,15,,,0,145,,147,15,,,0,105,,148,15,,,0,106,,149,15,,,0,105,,150,15,,,0,105,,151,15,,,0,105,,152,15,,,0,105,,153,15,,,0,105,,154,15,,,0,105,,155,15,,,0,105,,156,15,,,0,105,,157,15,,,0,105,,158,15,,,0,145,,159,15,,,0,104,,160,15,,,0,105,,161,15,,,0,105,,162,15,,,0
800,'CsRoyOff',628,,1330,16,,,0,75,,1341,16,,,0,41,,1331,16,,,0,75,,1342,16,,,0,35,,1332,16,,,0,74,,1343,16,,,0,75,,1333,16,,,0,35,,1344,16,,,0,76,,1334,16,,,0,35,,1345,16,,,0,75,,1335,16,,,0,35,,1346,16,,,0,75,,1336,16,,,0,75,,1347,16,,,0,35,,1337,16,,,0,80,,1348,16,,,0,79,,1338,16,,,0,37,,1349,16,,,0,75,,1339,16,,,0,33,,1350,16,,,0,75,,1340,16,,,0,35,,1351,16,,,0,145,,1356,16,,,0,105,,1355,16,,,0,105,,1352,16,,,0,105,,1353,16,,,0,105,,1354,16,,,0
800,'CsRoyOffKerOff',628,,1357,16,,,0,75,,1368,16,,,0,41,,1358,16,,,0,75,,1369,16,,,0,35,,1359,16,,,0,74,,1370,16,,,0,75,,1360,16,,,0,35,,1371,16,,,0,76,,1361,16,,,0,35,,1372,16,,,0,75,,1362,16,,,0,35,,1373,16,,,0,75,,1363,16,,,0,75,,1374,16,,,0,35,,1364,16,,,0,80,,1375,16,,,0,79,,1365,16,,,0,37,,1376,16,,,0,75,,1366,16,,,0,33,,1377,16,,,0,75,,1367,16,,,0,35,,1378,16,,,0,145,,1383,16,,,0,105,,1382,16,,,0,105,,1379,16,,,0,105,,1380,16,,,0,105,,1381,16,,,0
800,'Dimanche',928,,1386,16,,,0,105,,1387,16,,,0,105,,1389,16,,,0,105,,1390,16,,,0,105,,1391,16,,,0,105,,1392,16,,,0,105,,1393,16,,,0,145,,1388,16,,,0,105,,1384,16,,,0,105,,1385,16,,,0
800,'EventOff',628,,1394,16,,,0,75,,1405,16,,,0,41,,1395,16,,,0,75,,1406,16,,,0,35,,1396,16,,,0,74,,1407,16,,,0,75,,1397,16,,,0,35,,1408,16,,,0,76,,1398,16,,,0,35,,1409,16,,,0,75,,1399,16,,,0,35,,1410,16,,,0,75,,1400,16,,,0,75,,1411,16,,,0,35,,1401,16,,,0,80,,1412,16,,,0,79,,1402,16,,,0,37,,1413,16,,,0,75,,1403,16,,,0,33,,1414,16,,,0,75,,1404,16,,,0,35,,1415,16,,,0,145,,1420,16,,,0,105,,1419,16,,,0,105,,1416,16,,,0,105,,1417,16,,,0,105,,1418,16,,,0
800,'EventOn',628,,1421,16,,,0,75,,1432,16,,,0,41,,1422,16,,,0,75,,1433,16,,,0,35,,1423,16,,,0,74,,1434,16,,,0,75,,1424,16,,,0,35,,1435,16,,,0,76,,1425,16,,,0,35,,1436,16,,,0,75,,1426,16,,,0,35,,1437,16,,,0,75,,1427,16,,,0,75,,1438,16,,,0,35,,1428,16,,,0,80,,1439,16,,,0,79,,1429,16,,,0,37,,1440,16,,,0,75,,1430,16,,,0,33,,1441,16,,,0,75,,1431,16,,,0,35,,1442,16,,,0,145,,1447,16,,,0,105,,1446,16,,,0,105,,1443,16,,,0,105,,1444,16,,,0,105,,1445,16,,,0
800,'KerOffPriveOff',628,,1448,16,,,0,75,,1459,16,,,0,41,,1449,16,,,0,75,,1460,16,,,0,35,,1450,16,,,0,74,,1461,16,,,0,75,,1451,16,,,0,35,,1462,16,,,0,76,,1452,16,,,0,35,,1463,16,,,0,75,,1453,16,,,0,35,,1464,16,,,0,75,,1454,16,,,0,75,,1465,16,,,0,35,,1455,16,,,0,80,,1466,16,,,0,79,,1456,16,,,0,37,,1467,16,,,0,75,,1457,16,,,0,33,,1468,16,,,0,75,,1458,16,,,0,35,,1469,16,,,0,145,,1474,16,,,0,105,,1473,16,,,0,105,,1470,16,,,0,105,,1471,16,,,0,105,,1472,16,,,0
800,'Samedi',657,,1475,16,,,0,145,,1476,16,,,0,105,,1477,16,,,0,106,,1478,16,,,0,105,,1479,16,,,0,105,,1480,16,,,0,105,,1481,16,,,0,105,,1482,16,,,0,105,,1483,16,,,0,105,,1484,16,,,0,105,,1485,16,,,0,105,,1486,16,,,0,105,,1487,16,,,0,145,,1488,16,,,0,104,,1489,16,,,0,105,,1490,16,,,0,105,,1491,16,,,0
