1300,'CsRoyOff',628,,2737,19,,,0,75,,2726,19,,,0,44,,2743,19,,,0,74,,2732,19,,,0,34,,2738,19,,,0,74,,2727,19,,,0,75,,2744,19,,,0,35,,2733,19,,,0,76,,2739,19,,,0,35,,2728,19,,,0,75,,2745,19,,,0,34,,2734,19,,,0,75,,2740,19,,,0,75,,2729,19,,,0,35,,2746,19,,,0,80,,2735,19,,,0,78,,2741,19,,,0,37,,2730,19,,,0,75,,2747,19,,,0,34,,2736,19,,,0,75,,2742,19,,,0,35,,2731,19,,,0,145,,2752,19,,,0,104,,2751,19,,,0,105,,2750,19,,,0,105,,2749,19,,,0,105,,2748,19,,,0
1300,'CsRoyOffKerOff',628,,2764,19,,,0,75,,2753,19,,,0,44,,2770,19,,,0,74,,2759,19,,,0,34,,2765,19,,,0,74,,2754,19,,,0,75,,2771,19,,,0,35,,2760,19,,,0,76,,2766,19,,,0,35,,2755,19,,,0,75,,2772,19,,,0,34,,2761,19,,,0,75,,2767,19,,,0,75,,2756,19,,,0,35,,2773,19,,,0,80,,2762,19,,,0,78,,2768,19,,,0,37,,2757,19,,,0,75,,2774,19,,,0,34,,2763,19,,,0,75,,2769,19,,,0,35,,2758,19,,,0,145,,2779,19,,,0,104,,2778,19,,,0,105,,2777,19,,,0,105,,2776,19,,,0,105,,2775,19,,,0
1300,'Dimanche',927,,2783,19,,,0,105,,2784,19,,,0,106,,2785,19,,,0,105,,2786,19,,,0,105,,2787,19,,,0,105,,2788,19,,,0,105,,2789,19,,,0,145,,2782,19,,,0,105,,2780,19,,,0,104,,2781,19,,,0
1300,'EventOff',628,,2801,19,,,0,75,,2790,19,,,0,44,,2807,19,,,0,74,,2796,19,,,0,34,,2802,19,,,0,74,,2791,19,,,0,75,,2808,19,,,0,35,,2797,19,,,0,76,,2803,19,,,0,35,,2792,19,,,0,75,,2809,19,,,0,34,,2798,19,,,0,75,,2804,19,,,0,75,,2793,19,,,0,35,,2810,19,,,0,80,,2799,19,,,0,78,,2805,19,,,0,37,,2794,19,,,0,75,,2811,19,,,0,34,,2800,19,,,0,75,,2806,19,,,0,35,,2795,19,,,0,145,,2816,19,,,0,104,,2815,19,,,0,105,,2814,19,,,0,105,,2813,19,,,0,105,,2812,19,,,0
1300,'EventOn',628,,2828,19,,,0,75,,2817,19,,,0,44,,2834,19,,,0,74,,2823,19,,,0,34,,2829,19,,,0,74,,2818,19,,,0,75,,2835,19,,,0,35,,2824,19,,,0,76,,2830,19,,,0,35,,2819,19,,,0,75,,2836,19,,,0,34,,2825,19,,,0,75,,2831,19,,,0,75,,2820,19,,,0,35,,2837,19,,,0,80,,2826,19,,,0,78,,2832,19,,,0,12,,2846,19,,,0,25,,2821,19,,,0,75,,2838,19,,,0,34,,2827,19,,,0,75,,2833,19,,,0,35,,2822,19,,,0,145,,2843,19,,,0,104,,2842,19,,,0,105,,2841,19,,,0,105,,2840,19,,,0,105,,2839,19,,,0
1300,'KerOffPriveOff',628,,2858,19,,,0,75,,2847,19,,,0,44,,2864,19,,,0,74,,2853,19,,,0,34,,2859,19,,,0,74,,2848,19,,,0,75,,2865,19,,,0,35,,2854,19,,,0,76,,2860,19,,,0,35,,2849,19,,,0,75,,2866,19,,,0,34,,2855,19,,,0,75,,2861,19,,,0,75,,2850,19,,,0,35,,2867,19,,,0,80,,2856,19,,,0,78,,2862,19,,,0,12,,2876,19,,,0,25,,2851,19,,,0,75,,2868,19,,,0,34,,2857,19,,,0,75,,2863,19,,,0,35,,2852,19,,,0,145,,2873,19,,,0,104,,2872,19,,,0,105,,2871,19,,,0,105,,2870,19,,,0,105,,2869,19,,,0
1300,'Samedi',657,,2885,19,,,0,145,,2877,19,,,0,105,,2886,19,,,0,107,,2878,19,,,0,105,,2887,19,,,0,105,,2879,19,,,0,105,,2888,19,,,0,105,,2880,19,,,0,105,,2889,19,,,0,105,,2881,19,,,0,105,,2890,19,,,0,104,,2882,19,,,0,105,,2891,19,,,0,145,,2883,19,,,0,105,,2892,19,,,0,105,,2884,19,,,0,104,,2893,19,,,0
1400,'CsRoyOff',631,,3062,3,,,0,70,,3063,3,,,0,30,,3061,3,,,0,100,,3060,3,,,0,685,,3059,3,,,0,100,,3057,3,,,0,100,,3058,3,,,0
1400,'CsRoyOffKerOff',631,,3069,3,,,0,70,,3070,3,,,0,30,,3068,3,,,0,100,,3067,3,,,0,685,,3066,3,,,0,100,,3064,3,,,0,100,,3065,3,,,0
1400,'EventOff',631,,3076,3,,,0,70,,3077,3,,,0,30,,3075,3,,,0,100,,3074,3,,,0,685,,3073,3,,,0,100,,3071,3,,,0,100,,3072,3,,,0
1400,'EventOn',631,,3083,3,,,0,70,,3084,3,,,0,30,,3082,3,,,0,100,,3081,3,,,0,685,,3080,3,,,0,100,,3078,3,,,0,100,,3079,3,,,0
1400,'KerOffPriveOff',631,,3090,3,,,0,70,,3091,3,,,0,30,,3089,3,,,0,100,,3088,3,,,0,685,,3087,3,,,0,100,,3085,3,,,0,100,,3086,3,,,0
2500,'CsRoyOff',625,,3548,12,,,0,75,,3546,12,,,0,40,,3549,12,,,0,68,,3574,3,0,6,0,7,,3547,12,,,0,36,,3550,12,,,0,74,,3551,12,,,0,75,,3552,12,,,0,35,,3553,12,,,0,75,,3554,12,,,0,35,,3555,12,,,0,75,,3556,12,,,0,35,,3557,12,,,0,75,,3558,12,,,0,75,,3559,12,,,0,35,,3560,12,,,0,81,,3561,12,,,0,38,,3562,12,,,0,76,,3563,12,,,0,75,,3564,12,,,0,35,,3565,12,,,0,75,,3566,12,,,0,35,,3567,12,,,0,145,,3568,12,,,0,105,,3569,12,,,0,105,,3570,12,,,0,105,,3571,12,,,0,105,,3572,12,,,0
2500,'CsRoyOffKerOff',625,,3579,12,,,0,75,,3577,12,,,0,40,,3580,12,,,0,75,,3578,12,,,0,36,,3581,12,,,0,74,,3582,12,,,0,75,,3583,12,,,0,35,,3584,12,,,0,75,,3585,12,,,0,35,,3586,12,,,0,75,,3587,12,,,0,35,,3588,12,,,0,75,,3589,12,,,0,75,,3590,12,,,0,35,,3591,12,,,0,81,,3592,12,,,0,38,,3593,12,,,0,76,,3594,12,,,0,75,,3595,12,,,0,35,,3596,12,,,0,75,,3597,12,,,0,35,,3598,12,,,0,145,,3599,12,,,0,105,,3600,12,,,0,105,,3601,12,,,0,105,,3602,12,,,0,105,,3603,12,,,0
2500,'Dimanche',925,,3610,12,,,0,105,,3611,12,,,0,105,,3612,12,,,0,105,,3613,12,,,0,105,,3614,12,,,0,105,,3615,12,,,0,105,,3616,12,,,0,145,,3608,12,,,0,105,,3609,12,,,0,105,,3607,12,,,0
2500,'EventOff',625,,3620,12,,,0,75,,3618,12,,,0,40,,3621,12,,,0,75,,3619,12,,,0,36,,3622,12,,,0,74,,3623,12,,,0,75,,3624,12,,,0,35,,3625,12,,,0,75,,3626,12,,,0,35,,3627,12,,,0,75,,3628,12,,,0,35,,3629,12,,,0,75,,3630,12,,,0,75,,3631,12,,,0,35,,3632,12,,,0,81,,3633,12,,,0,38,,3634,12,,,0,76,,3635,12,,,0,75,,3636,12,,,0,35,,3637,12,,,0,75,,3638,12,,,0,35,,3639,12,,,0,145,,3640,12,,,0,105,,3641,12,,,0,105,,3642,12,,,0,105,,3643,12,,,0,105,,3644,12,,,0
2500,'EventOn',625,,3648,12,,,0,75,,3646,12,,,0,40,,3649,12,,,0,68,,3675,3,0,6,0,7,,3647,12,,,0,36,,3650,12,,,0,74,,3651,12,,,0,75,,3652,12,,,0,35,,3653,12,,,0,75,,3654,12,,,0,35,,3655,12,,,0,75,,3656,12,,,0,35,,3657,12,,,0,75,,3658,12,,,0,75,,3659,12,,,0,35,,3660,12,,,0,81,,3661,12,,,0,26,,3678,3,,,0,12,,3662,12,,,0,76,,3663,12,,,0,75,,3664,12,,,0,35,,3665,12,,,0,75,,3666,12,,,0,35,,3667,12,,,0,145,,3668,12,,,0,105,,3669,12,,,0,105,,3670,12,,,0,105,,3671,12,,,0,105,,3672,12,,,0
2500,'KerOffPriveOff',625,,3683,12,,,0,75,,3681,12,,,0,40,,3684,12,,,0,75,,3682,12,,,0,36,,3685,12,,,0,74,,3686,12,,,0,75,,3687,12,,,0,35,,3688,12,,,0,75,,3689,12,,,0,35,,3690,12,,,0,75,,3691,12,,,0,35,,3692,12,,,0,75,,3693,12,,,0,75,,3694,12,,,0,35,,3695,12,,,0,81,,3696,12,,,0,26,,3711,3,,,0,12,,3697,12,,,0,76,,3698,12,,,0,75,,3699,12,,,0,35,,3700,12,,,0,75,,3701,12,,,0,35,,3702,12,,,0,145,,3703,12,,,0,105,,3704,12,,,0,105,,3705,12,,,0,105,,3706,12,,,0,105,,3707,12,,,0
2500,'Samedi',655,,3713,12,,,0,145,,3719,12,,,0,105,,3726,12,,,0,105,,3714,12,,,0,105,,3720,12,,,0,105,,3727,12,,,0,105,,3715,12,,,0,105,,3721,12,,,0,105,,3728,12,,,0,105,,3716,12,,,0,105,,3722,12,,,0,105,,3729,12,,,0,105,,3717,12,,,0,145,,3723,12,,,0,105,,3730,12,,,0,105,,3718,12,,,0,105,,3724,12,,,0
