1301,'CsRoyOff',628,,2899,29,,,0,80,,2905,29,,,0,33,,2894,29,,,0,80,,2910,29,,,0,34,,2900,29,,,0,74,,2906,29,,,0,74,,2895,29,,,0,35,,2911,29,,,0,77,,2901,29,,,0,34,,2907,29,,,0,75,,2896,29,,,0,35,,2912,29,,,0,74,,2902,29,,,0,75,,2908,29,,,0,38,,2897,29,,,0,80,,2913,29,,,0,26,,2920,31,0,7 8,0,51,,2903,29,,,0,37,,2909,29,,,0,77,,2898,29,,,0,35,,2914,29,,,0,74,,2904,29,,,0,107,,2915,29,,,0,104,,2919,29,,,0,105,,2918,29,,,0,105,,2917,29,,,0,105,,2916,29,,,0
1301,'CsRoyOffKerOff',628,,2926,29,,,0,80,,2932,29,,,0,33,,2921,29,,,0,80,,2937,29,,,0,34,,2927,29,,,0,74,,2933,29,,,0,74,,2922,29,,,0,35,,2938,29,,,0,77,,2928,29,,,0,34,,2934,29,,,0,75,,2923,29,,,0,35,,2939,29,,,0,74,,2929,29,,,0,75,,2935,29,,,0,38,,2924,29,,,0,80,,2940,29,,,0,77,,2930,29,,,0,37,,2936,29,,,0,77,,2925,29,,,0,35,,2941,29,,,0,74,,2931,29,,,0,107,,2942,29,,,0,104,,2946,29,,,0,105,,2945,29,,,0,105,,2944,29,,,0,105,,2943,29,,,0
1301,'Dimanche',855,,2948,29,,,0,145,,2949,29,,,0,106,,2950,29,,,0,106,,2953,29,,,0,105,,2952,29,,,0,105,,2954,29,,,0,104,,2955,29,,,0,105,,2956,29,,,0,105,,2951,29,,,0,105,,2947,29,,,0
1301,'EventOff',628,,2962,29,,,0,80,,2968,29,,,0,33,,2957,29,,,0,80,,2973,29,,,0,34,,2963,29,,,0,74,,2969,29,,,0,74,,2958,29,,,0,35,,2974,29,,,0,77,,2964,29,,,0,34,,2970,29,,,0,75,,2959,29,,,0,35,,2975,29,,,0,74,,2965,29,,,0,75,,2971,29,,,0,38,,2960,29,,,0,80,,2976,29,,,0,77,,2966,29,,,0,37,,2972,29,,,0,77,,2961,29,,,0,35,,2977,29,,,0,74,,2967,29,,,0,107,,2978,29,,,0,104,,2982,29,,,0,105,,2981,29,,,0,105,,2980,29,,,0,105,,2979,29,,,0
1301,'EventOn',628,,2988,29,,,0,80,,2994,29,,,0,33,,2983,29,,,0,80,,2999,29,,,0,34,,2989,29,,,0,74,,2995,29,,,0,74,,2984,29,,,0,35,,3000,29,,,0,77,,2990,29,,,0,34,,2996,29,,,0,75,,2985,29,,,0,35,,3001,29,,,0,74,,2991,29,,,0,75,,2997,29,,,0,38,,2986,29,,,0,80,,3002,29,,,0,26,,3011,31,0,7 8,0,51,,2992,29,,,0,37,,2998,29,,,0,77,,2987,29,,,0,35,,3003,29,,,0,74,,2993,29,,,0,107,,3004,29,,,0,104,,3008,29,,,0,105,,3007,29,,,0,105,,3006,29,,,0,105,,3005,29,,,0
1301,'KerOffPriveOff',628,,3017,29,,,0,80,,3023,29,,,0,33,,3012,29,,,0,80,,3028,29,,,0,34,,3018,29,,,0,74,,3024,29,,,0,74,,3013,29,,,0,35,,3029,29,,,0,77,,3019,29,,,0,34,,3025,29,,,0,75,,3014,29,,,0,35,,3030,29,,,0,74,,3020,29,,,0,75,,3026,29,,,0,38,,3015,29,,,0,80,,3031,29,,,0,77,,3021,29,,,0,37,,3027,29,,,0,77,,3016,29,,,0,35,,3032,29,,,0,74,,3022,29,,,0,107,,3033,29,,,0,104,,3037,29,,,0,105,,3036,29,,,0,105,,3035,29,,,0,105,,3034,29,,,0
1301,'Samedi',627,,3040,29,,,0,103,,3049,29,,,0,105,,3041,29,,,0,106,,3050,29,,,0,107,,3042,29,,,0,105,,3051,29,,,0,105,,3043,29,,,0,145,,3052,29,,,0,105,,3044,29,,,0,105,,3053,29,,,0,105,,3045,29,,,0,104,,3054,29,,,0,104,,3046,29,,,0,105,,3055,29,,,0,104,,3047,29,,,0,105,,3056,29,,,0,105,,3048,29,,,0
1401,'CsRoyOff',714,,3096,20,,,0,100,,3097,20,,,0,100,,3095,20,,,0,686,,3094,26,,,0,100,,3093,26,,,0,59,,3092,26,,,0
1401,'CsRoyOffKerOff',714,,3102,20,,,0,100,,3103,20,,,0,100,,3101,20,,,0,686,,3100,26,,,0,100,,3099,26,,,0,59,,3098,26,,,0
1401,'EventOff',714,,3108,20,,,0,100,,3109,20,,,0,100,,3107,20,,,0,686,,3106,26,,,0,100,,3105,26,,,0,59,,3104,26,,,0
1401,'EventOn',714,,3114,20,,,0,100,,3115,20,,,0,100,,3113,20,,,0,686,,3112,26,,,0,100,,3111,26,,,0,59,,3110,26,,,0
1401,'KerOffPriveOff',714,,3120,20,,,0,100,,3121,20,,,0,100,,3119,20,,,0,686,,3118,26,,,0,100,,3117,26,,,0,59,,3116,26,,,0
