1400,'CsRoyOff',638,,3062,14,,,0,70,,3063,14,,,0,30,,3061,14,,,0,100,,3060,14,,,0,685,,3059,14,,,0,100,,3057,14,,,0,100,,3058,14,,,0
1400,'CsRoyOffKerOff',638,,3069,14,,,0,70,,3070,14,,,0,30,,3068,14,,,0,100,,3067,14,,,0,685,,3066,14,,,0,100,,3064,14,,,0,100,,3065,14,,,0
1400,'EventOff',638,,3076,14,,,0,70,,3077,14,,,0,30,,3075,14,,,0,100,,3074,14,,,0,685,,3073,14,,,0,100,,3071,14,,,0,100,,3072,14,,,0
1400,'EventOn',638,,3083,14,,,0,70,,3084,14,,,0,30,,3082,14,,,0,100,,3081,14,,,0,685,,3080,14,,,0,100,,3078,14,,,0,100,,3079,14,,,0
1400,'KerOffPriveOff',638,,3090,14,,,0,70,,3091,14,,,0,30,,3089,14,,,0,100,,3088,14,,,0,685,,3087,14,,,0,100,,3085,14,,,0,100,,3086,14,,,0
1600,'CsRoyOff',713,,3122,16,,,0,110,,3123,16,,,0,111,,3124,16,,,0,110,,3125,16,,,0,110,,3126,16,,,0,150,,3127,16,,,0,109,,3128,16,,,0,116,,3129,16,,,0,114,,3130,16,,,0,111,,3131,16,,,0,150,,3132,16,,,0,100,,3133,16,,,0,106,,3134,16,,,0,104,,3135,16,,,0,106,,3136,16,,,0,102,,3137,16,,,0
1600,'CsRoyOffKerOff',713,,3138,16,,,0,110,,3139,16,,,0,111,,3140,16,,,0,110,,3141,16,,,0,110,,3142,16,,,0,150,,3143,16,,,0,109,,3144,16,,,0,116,,3145,16,,,0,114,,3146,16,,,0,111,,3147,16,,,0,150,,3148,16,,,0,100,,3149,16,,,0,106,,3150,16,,,0,104,,3151,16,,,0,106,,3152,16,,,0,102,,3153,16,,,0
1600,'Dimanche',929,,3155,16,,,0,105,,3156,16,,,0,105,,3157,16,,,0,105,,3158,16,,,0,104,,3159,16,,,0,105,,3160,16,,,0,105,,3161,16,,,0,145,,3154,16,,,0,105,,3162,16,,,0,105,,3163,16,,,0
1600,'EventOff',713,,3164,16,,,0,110,,3165,16,,,0,111,,3166,16,,,0,110,,3167,16,,,0,110,,3168,16,,,0,150,,3169,16,,,0,109,,3170,16,,,0,116,,3171,16,,,0,114,,3172,16,,,0,111,,3173,16,,,0,150,,3174,16,,,0,100,,3175,16,,,0,106,,3176,16,,,0,104,,3177,16,,,0,106,,3178,16,,,0,102,,3179,16,,,0
1600,'EventOn',713,,3180,16,,,0,110,,3181,16,,,0,111,,3182,16,,,0,110,,3183,16,,,0,110,,3184,16,,,0,150,,3185,16,,,0,109,,3186,16,,,0,116,,3187,16,,,0,114,,3188,16,,,0,111,,3189,16,,,0,150,,3190,16,,,0,100,,3191,16,,,0,106,,3192,16,,,0,104,,3193,16,,,0,106,,3194,16,,,0,102,,3195,16,,,0
1600,'KerOffPriveOff',713,,3196,16,,,0,110,,3197,16,,,0,111,,3198,16,,,0,110,,3199,16,,,0,110,,3200,16,,,0,150,,3201,16,,,0,109,,3202,16,,,0,116,,3203,16,,,0,114,,3204,16,,,0,111,,3205,16,,,0,150,,3206,16,,,0,100,,3207,16,,,0,106,,3208,16,,,0,104,,3209,16,,,0,106,,3210,16,,,0,102,,3211,16,,,0
1600,'Samedi',658,,3227,16,,,0,145,,3228,16,,,0,105,,3212,16,,,0,105,,3213,16,,,0,105,,3214,16,,,0,105,,3215,16,,,0,105,,3216,16,,,0,105,,3217,16,,,0,105,,3218,16,,,0,105,,3219,16,,,0,105,,3221,16,,,0,105,,3222,16,,,0,105,,3223,16,,,0,145,,3224,16,,,0,105,,3225,16,,,0,105,,3226,16,,,0,105,,3220,16,,,0
