900,'CsRoyOff',653,,1654,21,0,20,0,80,,1668,21,0,20,0,75,,1655,21,0,20,0,36,,1665,21,0,20,0,75,,1656,21,0,20,0,35,,1669,21,0,20,0,75,,1657,21,0,20,0,111,,1658,21,0,20,0,110,,1659,21,0,20,0,151,,1660,21,0,20,0,35,,1666,21,0,20,0,76,,1661,21,0,20,0,39,,1667,21,0,20,0,67,,1672,12,0,5,0,2,,1671,15,,,0,8,,1662,21,0,20,0,77,,1670,21,0,20,0,36,,1663,21,0,20,0,107,,1664,21,0,20,0
900,'CsRoyOffKerOff',653,,1673,21,0,20,0,80,,1687,21,0,20,0,75,,1674,21,0,20,0,36,,1684,21,0,20,0,75,,1675,21,0,20,0,35,,1688,21,0,20,0,75,,1676,21,0,20,0,111,,1677,21,0,20,0,110,,1678,21,0,20,0,151,,1679,21,0,20,0,35,,1685,21,0,20,0,76,,1680,21,0,20,0,39,,1686,21,0,20,0,67,,1690,12,0,5,0,10,,1681,21,0,20,0,77,,1689,21,0,20,0,36,,1682,21,0,20,0,107,,1683,21,0,20,0
900,'EventOff',653,,1691,21,0,20,0,80,,1705,21,0,20,0,75,,1692,21,0,20,0,36,,1702,21,0,20,0,75,,1693,21,0,20,0,35,,1706,21,0,20,0,75,,1694,21,0,20,0,111,,1695,21,0,20,0,110,,1696,21,0,20,0,151,,1697,21,0,20,0,35,,1703,21,0,20,0,76,,1698,21,0,20,0,39,,1704,21,0,20,0,77,,1699,21,0,20,0,77,,1707,21,0,20,0,36,,1700,21,0,20,0,107,,1701,21,0,20,0
900,'EventOn',653,,1708,21,0,20,0,80,,1722,21,0,20,0,75,,1709,21,0,20,0,36,,1719,21,0,20,0,75,,1710,21,0,20,0,35,,1723,21,0,20,0,75,,1711,21,0,20,0,111,,1712,21,0,20,0,110,,1713,21,0,20,0,151,,1714,21,0,20,0,35,,1720,21,0,20,0,76,,1715,21,0,20,0,39,,1721,21,0,20,0,67,,1726,12,0,5,0,2,,1725,15,,,0,8,,1716,21,0,20,0,77,,1724,21,0,20,0,36,,1717,21,0,20,0,107,,1718,21,0,20,0
900,'KerOffPriveOff',653,,1727,21,0,20,0,80,,1741,21,0,20,0,75,,1728,21,0,20,0,36,,1738,21,0,20,0,75,,1729,21,0,20,0,35,,1742,21,0,20,0,75,,1730,21,0,20,0,111,,1731,21,0,20,0,110,,1732,21,0,20,0,151,,1733,21,0,20,0,35,,1739,21,0,20,0,76,,1734,21,0,20,0,39,,1740,21,0,20,0,77,,1735,21,0,20,0,77,,1743,21,0,20,0,36,,1736,21,0,20,0,107,,1737,21,0,20,0
8900,'CsRoyOff',1947,,4827,22,,,0,100,,4829,22,,,0,105,,4828,22,,,0,107,,4826,22,,,0,143,,4825,22,,,0
8900,'CsRoyOffKerOff',1947,,4832,22,,,0,100,,4834,22,,,0,105,,4833,22,,,0,107,,4831,22,,,0,143,,4830,22,,,0
8900,'Dimanche',906,,4836,22,,,0,105,,4838,22,,,0,107,,4839,22,,,0,105,,4840,22,,,0,105,,4842,22,,,0,105,,4841,22,,,0,105,,4843,22,,,0,105,,4844,22,,,0,105,,4835,22,,,0,104,,4837,22,,,0
8900,'EventOff',1947,,4847,22,,,0,100,,4849,22,,,0,105,,4848,22,,,0,107,,4846,22,,,0,143,,4845,22,,,0
8900,'EventOn',1947,,4852,22,,,0,100,,4854,22,,,0,105,,4853,22,,,0,107,,4851,22,,,0,143,,4850,22,,,0
8900,'KerOffPriveOff',1947,,4857,22,,,0,100,,4859,22,,,0,105,,4858,22,,,0,107,,4856,22,,,0,143,,4855,22,,,0
8900,'Samedi',639,,4876,22,,,0,103,,4860,22,,,0,105,,4868,22,,,0,107,,4861,22,,,0,105,,4869,22,,,0,145,,4862,22,,,0,105,,4870,22,,,0,104,,4863,22,,,0,104,,4871,22,,,0,106,,4864,22,,,0,106,,4872,22,,,0,104,,4865,22,,,0,105,,4873,22,,,0,105,,4866,22,,,0,104,,4874,22,,,0,105,,4867,22,,,0,105,,4875,22,,,0
