900,'CsRoyOff',651,,1654,17,0,20,0,80,,1668,17,0,20,0,75,,1655,17,0,20,0,36,,1665,17,0,20,0,75,,1656,17,0,20,0,35,,1669,17,0,20,0,75,,1657,17,0,20,0,111,,1658,17,0,20,0,110,,1659,17,0,20,0,111,,1660,17,0,20,0,75,,1666,17,0,20,0,76,,1661,17,0,20,0,39,,1667,17,0,20,0,62,,1672,5,0,5,0,2,,1671,8,,,0,13,,1662,17,0,20,0,77,,1670,17,0,20,0,36,,1663,17,0,20,0,107,,1664,17,0,20,0
900,'CsRoyOffKerOff',651,,1673,17,0,20,0,80,,1687,17,0,20,0,75,,1674,17,0,20,0,36,,1684,17,0,20,0,75,,1675,17,0,20,0,35,,1688,17,0,20,0,75,,1676,17,0,20,0,111,,1677,17,0,20,0,110,,1678,17,0,20,0,111,,1679,17,0,20,0,75,,1685,17,0,20,0,76,,1680,17,0,20,0,39,,1686,17,0,20,0,62,,1690,5,0,5,0,15,,1681,17,0,20,0,77,,1689,17,0,20,0,36,,1682,17,0,20,0,107,,1683,17,0,20,0
900,'EventOff',651,,1691,17,0,20,0,80,,1705,17,0,20,0,75,,1692,17,0,20,0,36,,1702,17,0,20,0,75,,1693,17,0,20,0,35,,1706,17,0,20,0,75,,1694,17,0,20,0,111,,1695,17,0,20,0,110,,1696,17,0,20,0,111,,1697,17,0,20,0,75,,1703,17,0,20,0,76,,1698,17,0,20,0,39,,1704,17,0,20,0,77,,1699,17,0,20,0,77,,1707,17,0,20,0,36,,1700,17,0,20,0,107,,1701,17,0,20,0
900,'EventOn',651,,1708,17,0,20,0,80,,1722,17,0,20,0,75,,1709,17,0,20,0,36,,1719,17,0,20,0,75,,1710,17,0,20,0,35,,1723,17,0,20,0,75,,1711,17,0,20,0,111,,1712,17,0,20,0,110,,1713,17,0,20,0,111,,1714,17,0,20,0,75,,1720,17,0,20,0,76,,1715,17,0,20,0,39,,1721,17,0,20,0,62,,1726,5,0,5,0,2,,1725,8,,,0,13,,1716,17,0,20,0,77,,1724,17,0,20,0,36,,1717,17,0,20,0,107,,1718,17,0,20,0
900,'KerOffPriveOff',651,,1727,17,0,20,0,80,,1741,17,0,20,0,75,,1728,17,0,20,0,36,,1738,17,0,20,0,75,,1729,17,0,20,0,35,,1742,17,0,20,0,75,,1730,17,0,20,0,111,,1731,17,0,20,0,110,,1732,17,0,20,0,111,,1733,17,0,20,0,75,,1739,17,0,20,0,76,,1734,17,0,20,0,39,,1740,17,0,20,0,77,,1735,17,0,20,0,77,,1743,17,0,20,0,36,,1736,17,0,20,0,107,,1737,17,0,20,0
8900,'CsRoyOff',1945,,4827,18,,,0,100,,4829,18,,,0,105,,4828,18,,,0,107,,4826,18,,,0,143,,4825,18,,,0
8900,'CsRoyOffKerOff',1945,,4832,18,,,0,100,,4834,18,,,0,105,,4833,18,,,0,107,,4831,18,,,0,143,,4830,18,,,0
8900,'Dimanche',904,,4836,18,,,0,105,,4838,18,,,0,107,,4839,18,,,0,105,,4840,18,,,0,105,,4842,18,,,0,105,,4841,18,,,0,105,,4843,18,,,0,105,,4844,18,,,0,105,,4835,18,,,0,104,,4837,18,,,0
8900,'EventOff',1945,,4847,18,,,0,100,,4849,18,,,0,105,,4848,18,,,0,107,,4846,18,,,0,143,,4845,18,,,0
8900,'EventOn',1945,,4852,18,,,0,100,,4854,18,,,0,105,,4853,18,,,0,107,,4851,18,,,0,143,,4850,18,,,0
8900,'KerOffPriveOff',1945,,4857,18,,,0,100,,4859,18,,,0,105,,4858,18,,,0,107,,4856,18,,,0,143,,4855,18,,,0
8900,'Samedi',637,,4876,18,,,0,103,,4860,18,,,0,105,,4868,18,,,0,107,,4861,18,,,0,105,,4869,18,,,0,145,,4862,18,,,0,105,,4870,18,,,0,104,,4863,18,,,0,104,,4871,18,,,0,106,,4864,18,,,0,106,,4872,18,,,0,104,,4865,18,,,0,105,,4873,18,,,0,105,,4866,18,,,0,104,,4874,18,,,0,105,,4867,18,,,0,105,,4875,18,,,0
