1100,'CsRoyOff',617,,2185,5,,,0,35,,2169,5,,,0,80,,2181,5,,,0,75,,2165,5,,,0,36,,2176,5,,,0,74,,2173,5,,,0,35,,2186,5,,,0,75,,2170,5,,,0,75,,2182,5,,,0,35,,2166,5,,,0,75,,2177,5,,,0,35,,2174,5,,,0,75,,2183,5,,,0,35,,2167,5,,,0,75,,2180,5,,,0,80,,2171,5,,,0,38,,2178,5,,,0,77,,2175,5,,,0,75,,2184,5,,,0,35,,2168,5,,,0,75,,2179,5,,,0,35,,2172,5,,,0,105,,2190,5,,,0,105,,2191,5,,,0,145,,2189,5,,,0,105,,2188,5,,,0,105,,2187,5,,,0
1100,'CsRoyOffKerOff',617,,2213,5,,,0,35,,2197,5,,,0,80,,2209,5,,,0,75,,2193,5,,,0,36,,2204,5,,,0,74,,2201,5,,,0,35,,2214,5,,,0,75,,2198,5,,,0,75,,2210,5,,,0,35,,2194,5,,,0,75,,2205,5,,,0,35,,2202,5,,,0,75,,2211,5,,,0,35,,2195,5,,,0,75,,2208,5,,,0,80,,2199,5,,,0,38,,2206,5,,,0,77,,2203,5,,,0,75,,2212,5,,,0,35,,2196,5,,,0,75,,2207,5,,,0,35,,2200,5,,,0,105,,2218,5,,,0,105,,2219,5,,,0,145,,2217,5,,,0,105,,2216,5,,,0,105,,2215,5,,,0
1100,'Dimanche',917,,2224,5,,,0,105,,2226,5,,,0,105,,2225,5,,,0,105,,2227,5,,,0,105,,2228,5,,,0,105,,2229,5,,,0,105,,2230,5,,,0,105,,2222,5,,,0,105,,2221,5,,,0,145,,2223,5,,,0
1100,'EventOff',617,,2251,5,,,0,35,,2235,5,,,0,80,,2247,5,,,0,75,,2231,5,,,0,36,,2242,5,,,0,74,,2239,5,,,0,35,,2252,5,,,0,75,,2236,5,,,0,75,,2248,5,,,0,35,,2232,5,,,0,75,,2243,5,,,0,35,,2240,5,,,0,75,,2249,5,,,0,35,,2233,5,,,0,75,,2246,5,,,0,80,,2237,5,,,0,38,,2244,5,,,0,77,,2241,5,,,0,75,,2250,5,,,0,35,,2234,5,,,0,75,,2245,5,,,0,35,,2238,5,,,0,105,,2256,5,,,0,105,,2257,5,,,0,145,,2255,5,,,0,105,,2254,5,,,0,105,,2253,5,,,0
1100,'EventOn',617,,2278,5,,,0,35,,2262,5,,,0,80,,2274,5,,,0,75,,2258,5,,,0,9,,2286,5,0,11 12 13,0,3,,2285,5,0,11 12 13,0,24,,2269,5,,,0,74,,2266,5,,,0,35,,2279,5,,,0,75,,2263,5,,,0,75,,2275,5,,,0,35,,2259,5,,,0,75,,2270,5,,,0,35,,2267,5,,,0,75,,2276,5,,,0,35,,2260,5,,,0,75,,2273,5,,,0,80,,2264,5,,,0,38,,2271,5,,,0,77,,2268,5,,,0,75,,2277,5,,,0,35,,2261,5,,,0,75,,2272,5,,,0,35,,2265,5,,,0,105,,2283,5,,,0,105,,2284,5,,,0,145,,2282,5,,,0,105,,2281,5,,,0,105,,2280,5,,,0
1100,'KerOffPriveOff',617,,2309,5,,,0,35,,2293,5,,,0,80,,2305,5,,,0,75,,2289,5,,,0,9,,2317,5,0,11 12 13,0,3,,2316,5,0,11 12 13,0,24,,2300,5,,,0,74,,2297,5,,,0,35,,2310,5,,,0,75,,2294,5,,,0,75,,2306,5,,,0,35,,2290,5,,,0,75,,2301,5,,,0,35,,2298,5,,,0,75,,2307,5,,,0,35,,2291,5,,,0,75,,2304,5,,,0,80,,2295,5,,,0,38,,2302,5,,,0,77,,2299,5,,,0,75,,2308,5,,,0,35,,2292,5,,,0,75,,2303,5,,,0,35,,2296,5,,,0,105,,2314,5,,,0,105,,2315,5,,,0,145,,2313,5,,,0,105,,2312,5,,,0,105,,2311,5,,,0
1100,'Samedi',647,,2319,5,,,0,105,,2328,5,,,0,105,,2320,5,,,0,145,,2329,5,,,0,105,,2321,5,,,0,105,,2330,5,,,0,105,,2322,5,,,0,105,,2331,5,,,0,105,,2323,5,,,0,105,,2332,5,,,0,105,,2324,5,,,0,105,,2333,5,,,0,105,,2325,5,,,0,105,,2334,5,,,0,105,,2326,5,,,0,145,,2335,5,,,0,105,,2327,5,,,0
190300301,'CsRoyOff',1538,,4959,4,,,0
190300301,'CsRoyOffKerOff',1538,,4960,4,,,0
190300301,'EventOn',1538,,4961,4,,,0
