6001,'CsRoyOff',622,,4652,3,,,0,30,,4663,3,,,0,78,,4653,3,,,0,76,,4664,3,,,0,36,,4654,3,,,0,76,,4665,3,,,0,34,,4655,3,,,0,75,,4666,3,,,0,75,,4656,3,,,0,35,,4667,3,,,0,75,,4657,3,,,0,34,,4668,3,,,0,75,,4658,3,,,0,27,,4669,3,,,0,80,,4679,3,,,0,31,,4659,3,,,0,83,,4670,3,,,0,72,,4660,3,,,0,38,,4671,3,,,0,76,,4661,3,,,0,75,,4672,3,,,0,30,,4662,3,,,0,111,,4675,3,,,0,105,,4677,3,,,0,105,,4676,3,,,0,105,,4674,3,,,0,145,,4673,3,,,0
6001,'CsRoyOffKerOff',622,,4680,3,,,0,30,,4691,3,,,0,78,,4681,3,,,0,76,,4692,3,,,0,36,,4682,3,,,0,76,,4693,3,,,0,34,,4683,3,,,0,75,,4694,3,,,0,75,,4684,3,,,0,35,,4695,3,,,0,75,,4685,3,,,0,34,,4696,3,,,0,75,,4686,3,,,0,27,,4697,3,,,0,80,,4707,3,,,0,31,,4687,3,,,0,83,,4698,3,,,0,72,,4688,3,,,0,38,,4699,3,,,0,76,,4689,3,,,0,75,,4700,3,,,0,30,,4690,3,,,0,111,,4703,3,,,0,105,,4705,3,,,0,105,,4704,3,,,0,105,,4702,3,,,0,145,,4701,3,,,0
6001,'Dimanche',910,,4708,3,,,0,105,,4710,3,,,0,105,,4711,3,,,0,104,,4713,3,,,0,105,,4714,3,,,0,105,,4715,3,,,0,105,,4716,3,,,0,105,,4717,3,,,0,106,,4712,3,,,0,105,,4709,3,,,0
6001,'EventOff',622,,4718,3,,,0,30,,4729,3,,,0,78,,4719,3,,,0,76,,4730,3,,,0,36,,4720,3,,,0,76,,4731,3,,,0,34,,4721,3,,,0,75,,4732,3,,,0,75,,4722,3,,,0,35,,4733,3,,,0,75,,4723,3,,,0,34,,4734,3,,,0,75,,4724,3,,,0,27,,4735,3,,,0,80,,4745,3,,,0,31,,4725,3,,,0,83,,4736,3,,,0,72,,4726,3,,,0,38,,4737,3,,,0,76,,4727,3,,,0,75,,4738,3,,,0,30,,4728,3,,,0,111,,4741,3,,,0,105,,4743,3,,,0,105,,4742,3,,,0,105,,4740,3,,,0,145,,4739,3,,,0
6001,'EventOn',622,,4746,3,,,0,30,,4757,3,,,0,78,,4747,3,,,0,74,,4774,3,0,19,0,2,,4758,3,,,0,36,,4748,3,,,0,76,,4759,3,,,0,34,,4749,3,,,0,75,,4760,3,,,0,75,,4750,3,,,0,35,,4761,3,,,0,75,,4751,3,,,0,34,,4762,3,,,0,75,,4752,3,,,0,27,,4763,3,,,0,80,,4773,3,,,0,31,,4753,3,,,0,83,,4764,3,,,0,1,,4776,3,0,14 15,0,71,,4754,3,,,0,38,,4765,3,,,0,76,,4755,3,,,0,75,,4766,3,,,0,30,,4756,3,,,0,111,,4769,3,,,0,105,,4771,3,,,0,105,,4770,3,,,0,105,,4768,3,,,0,145,,4767,3,,,0
6001,'KerOffPriveOff',622,,4777,3,,,0,30,,4788,3,,,0,78,,4778,3,,,0,74,,4805,3,0,19,0,2,,4789,3,,,0,36,,4779,3,,,0,76,,4790,3,,,0,34,,4780,3,,,0,75,,4791,3,,,0,75,,4781,3,,,0,35,,4792,3,,,0,75,,4782,3,,,0,34,,4793,3,,,0,75,,4783,3,,,0,27,,4794,3,,,0,80,,4804,3,,,0,31,,4784,3,,,0,83,,4795,3,,,0,1,,4807,3,0,14 15,0,71,,4785,3,,,0,38,,4796,3,,,0,76,,4786,3,,,0,75,,4797,3,,,0,30,,4787,3,,,0,111,,4800,3,,,0,105,,4802,3,,,0,105,,4801,3,,,0,105,,4799,3,,,0,145,,4798,3,,,0
6001,'Samedi',640,,4813,3,,,0,105,,4819,3,,,0,105,,4808,3,,,0,105,,4814,3,,,0,104,,4820,3,,,0,145,,4809,3,,,0,106,,4815,3,,,0,105,,4821,3,,,0,105,,4810,3,,,0,104,,4816,3,,,0,105,,4822,3,,,0,106,,4811,3,,,0,105,,4817,3,,,0,105,,4823,3,,,0,105,,4812,3,,,0,105,,4818,3,,,0,145,,4824,3,,,0
111800501,'CsRoyOff',735,,4941,3,,,0,880,,4942,3,0,14 15,0
111800501,'CsRoyOffKerOff',1615,,4943,3,0,14 15,0
111800501,'EventOn',735,,4944,3,,,0,880,,4945,3,0,14 15,0
19200300001,'CsRoyOff',735,,5015,3,0,11 18,0
19200300001,'CsRoyOffKerOff',735,,5016,3,0,11 18,0
19200300001,'EventOn',735,,5017,3,0,11 18,0
