2500,'CsRoyOff',607,,3573,3,,,0,29,,3548,30,,,0,71,,3575,3,0,21,0,4,,3546,30,,,0,40,,3549,30,,,0,75,,3547,30,,,0,76,,3550,30,,,0,34,,3551,30,,,0,75,,3552,30,,,0,35,,3553,30,,,0,75,,3554,30,,,0,35,,3555,30,,,0,75,,3556,30,,,0,75,,3557,30,,,0,35,,3558,30,,,0,75,,3559,30,,,0,35,,3560,30,,,0,81,,3561,30,,,0,22,,3576,3,,,0,56,,3562,30,,,0,36,,3563,30,,,0,75,,3564,30,,,0,35,,3565,30,,,0,75,,3566,30,,,0,75,,3567,30,,,0,105,,3568,30,,,0,105,,3569,30,,,0,105,,3570,30,,,0,105,,3571,30,,,0,105,,3572,30,,,0
2500,'CsRoyOffKerOff',607,,3604,3,,,0,29,,3579,30,,,0,71,,3605,3,0,21,0,4,,3577,30,,,0,40,,3580,30,,,0,75,,3578,30,,,0,76,,3581,30,,,0,34,,3582,30,,,0,75,,3583,30,,,0,35,,3584,30,,,0,75,,3585,30,,,0,35,,3586,30,,,0,75,,3587,30,,,0,75,,3588,30,,,0,35,,3589,30,,,0,75,,3590,30,,,0,35,,3591,30,,,0,81,,3592,30,,,0,22,,3606,3,,,0,56,,3593,30,,,0,36,,3594,30,,,0,75,,3595,30,,,0,35,,3596,30,,,0,75,,3597,30,,,0,75,,3598,30,,,0,105,,3599,30,,,0,105,,3600,30,,,0,105,,3601,30,,,0,105,,3602,30,,,0,105,,3603,30,,,0
2500,'Dimanche',832,,3617,3,,,0,104,,3610,30,,,0,105,,3611,30,,,0,105,,3612,30,,,0,105,,3613,30,,,0,105,,3614,30,,,0,145,,3615,30,,,0,105,,3616,30,,,0,105,,3608,30,,,0,105,,3609,30,,,0,105,,3607,30,,,0
2500,'EventOff',607,,3645,3,,,0,29,,3620,30,,,0,75,,3618,30,,,0,40,,3621,30,,,0,75,,3619,30,,,0,76,,3622,30,,,0,34,,3623,30,,,0,75,,3624,30,,,0,35,,3625,30,,,0,75,,3626,30,,,0,35,,3627,30,,,0,75,,3628,30,,,0,75,,3629,30,,,0,35,,3630,30,,,0,75,,3631,30,,,0,35,,3632,30,,,0,81,,3633,30,,,0,78,,3634,30,,,0,36,,3635,30,,,0,75,,3636,30,,,0,35,,3637,30,,,0,75,,3638,30,,,0,75,,3639,30,,,0,105,,3640,30,,,0,105,,3641,30,,,0,105,,3642,30,,,0,105,,3643,30,,,0,105,,3644,30,,,0
2500,'EventOn',607,,3673,3,,,0,29,,3648,30,,,0,71,,3677,3,0,21,0,3,,3674,3,0,9,0,1,,3646,30,,,0,10,,3676,3,0,10,0,30,,3649,30,,,0,75,,3647,30,,,0,76,,3650,30,,,0,34,,3651,30,,,0,75,,3652,30,,,0,35,,3653,30,,,0,75,,3654,30,,,0,35,,3655,30,,,0,75,,3656,30,,,0,75,,3657,30,,,0,35,,3658,30,,,0,75,,3659,30,,,0,35,,3660,30,,,0,81,,3661,30,,,0,19,,3680,4,,,0,3,,3679,3,,,0,5,,3678,22,,,0,51,,3662,30,,,0,36,,3663,30,,,0,75,,3664,30,,,0,35,,3665,30,,,0,75,,3666,30,,,0,75,,3667,30,,,0,105,,3668,30,,,0,105,,3669,30,,,0,105,,3670,30,,,0,105,,3671,30,,,0,105,,3672,30,,,0
2500,'KerOffPriveOff',607,,3708,3,,,0,29,,3683,30,,,0,74,,3709,3,0,9,0,1,,3681,30,,,0,10,,3710,3,0,10,0,30,,3684,30,,,0,75,,3682,30,,,0,76,,3685,30,,,0,34,,3686,30,,,0,75,,3687,30,,,0,35,,3688,30,,,0,75,,3689,30,,,0,35,,3690,30,,,0,75,,3691,30,,,0,75,,3692,30,,,0,35,,3693,30,,,0,75,,3694,30,,,0,35,,3695,30,,,0,81,,3696,30,,,0,19,,3712,4,,,0,8,,3711,22,,,0,51,,3697,30,,,0,36,,3698,30,,,0,75,,3699,30,,,0,35,,3700,30,,,0,75,,3701,30,,,0,75,,3702,30,,,0,105,,3703,30,,,0,105,,3704,30,,,0,105,,3705,30,,,0,105,,3706,30,,,0,105,,3707,30,,,0
2500,'Samedi',600,,3725,3,,,0,106,,3713,30,,,0,105,,3719,30,,,0,105,,3726,30,,,0,105,,3714,30,,,0,105,,3720,30,,,0,105,,3727,30,,,0,105,,3715,30,,,0,105,,3721,30,,,0,105,,3728,30,,,0,105,,3716,30,,,0,105,,3722,30,,,0,145,,3729,30,,,0,105,,3717,30,,,0,105,,3723,30,,,0,105,,3730,30,,,0,105,,3718,30,,,0,105,,3724,30,,,0
3080200000,'EventOn',755,,4974,3,,,0
3080200000,'KerOffPriveOff',755,,4975,3,,,0
3080200001,'EventOn',1559,,4976,5,,,0
3080200001,'KerOffPriveOff',1559,,4977,5,,,0
3080400000,'EventOn',804,,4982,23,,,0
3080400000,'KerOffPriveOff',804,,4983,23,,,0
3080400001,'EventOn',1600,,4984,4,,,0
3080400001,'KerOffPriveOff',1600,,4985,4,,,0
