1401,'CsRoyOff',711,,3096,16,,,0,100,,3097,16,,,0,100,,3095,16,,,0,647,,3094,22,,,0,100,,3093,22,,,0,99,,3092,22,,,0
1401,'CsRoyOffKerOff',711,,3102,16,,,0,100,,3103,16,,,0,100,,3101,16,,,0,647,,3100,22,,,0,100,,3099,22,,,0,99,,3098,22,,,0
1401,'EventOff',711,,3108,16,,,0,100,,3109,16,,,0,100,,3107,16,,,0,647,,3106,22,,,0,100,,3105,22,,,0,99,,3104,22,,,0
1401,'EventOn',711,,3114,16,,,0,100,,3115,16,,,0,100,,3113,16,,,0,647,,3112,22,,,0,100,,3111,22,,,0,99,,3110,22,,,0
1401,'KerOffPriveOff',711,,3120,16,,,0,100,,3121,16,,,0,100,,3119,16,,,0,647,,3118,22,,,0,100,,3117,22,,,0,99,,3116,22,,,0
1601,'CsRoyOff',634,,3244,25,,,0,115,,3229,25,,,0,110,,3230,25,,,0,150,,3231,25,,,0,110,,3232,25,,,0,110,,3233,25,,,0,110,,3234,25,,,0,110,,3235,25,,,0,156,,3236,25,,,0,116,,3237,25,,,0,109,,3238,25,,,0,107,,3239,25,,,0,100,,3240,25,,,0,105,,3241,25,,,0,105,,3243,25,,,0,105,,3242,25,,,0
1601,'CsRoyOffKerOff',634,,3260,25,,,0,115,,3245,25,,,0,110,,3246,25,,,0,150,,3247,25,,,0,110,,3248,25,,,0,110,,3249,25,,,0,110,,3250,25,,,0,110,,3251,25,,,0,156,,3252,25,,,0,116,,3253,25,,,0,109,,3254,25,,,0,107,,3255,25,,,0,100,,3256,25,,,0,105,,3257,25,,,0,105,,3259,25,,,0,105,,3258,25,,,0
1601,'Dimanche',858,,3269,25,,,0,145,,3262,25,,,0,105,,3263,25,,,0,105,,3264,25,,,0,105,,3265,25,,,0,105,,3266,25,,,0,106,,3267,25,,,0,105,,3268,25,,,0,104,,3261,25,,,0,105,,3270,25,,,0
1601,'EventOff',634,,3286,25,,,0,115,,3271,25,,,0,110,,3272,25,,,0,150,,3273,25,,,0,110,,3274,25,,,0,110,,3275,25,,,0,110,,3276,25,,,0,110,,3277,25,,,0,156,,3278,25,,,0,116,,3279,25,,,0,109,,3280,25,,,0,107,,3281,25,,,0,100,,3282,25,,,0,105,,3283,25,,,0,105,,3285,25,,,0,105,,3284,25,,,0
1601,'EventOn',634,,3302,25,,,0,115,,3287,25,,,0,110,,3288,25,,,0,150,,3289,25,,,0,110,,3290,25,,,0,110,,3291,25,,,0,110,,3292,25,,,0,110,,3293,25,,,0,156,,3294,25,,,0,116,,3295,25,,,0,109,,3296,25,,,0,107,,3297,25,,,0,100,,3298,25,,,0,105,,3299,25,,,0,105,,3301,25,,,0,105,,3300,25,,,0
1601,'KerOffPriveOff',634,,3318,25,,,0,115,,3303,25,,,0,110,,3304,25,,,0,150,,3305,25,,,0,110,,3306,25,,,0,110,,3307,25,,,0,110,,3308,25,,,0,110,,3309,25,,,0,156,,3310,25,,,0,116,,3311,25,,,0,109,,3312,25,,,0,107,,3313,25,,,0,100,,3314,25,,,0,105,,3315,25,,,0,105,,3317,25,,,0,105,,3316,25,,,0
1601,'Samedi',628,,3334,25,,,0,105,,3335,25,,,0,105,,3327,25,,,0,105,,3319,25,,,0,105,,3320,25,,,0,105,,3321,25,,,0,105,,3322,25,,,0,144,,3323,25,,,0,105,,3324,25,,,0,105,,3325,25,,,0,106,,3326,25,,,0,105,,3328,25,,,0,105,,3329,25,,,0,105,,3330,25,,,0,105,,3331,25,,,0,105,,3332,25,,,0,105,,3333,25,,,0
