801,'CsRoyOff',633,,1503,33,,,0,80,,1492,33,,,0,35,,1504,33,,,0,81,,1493,33,,,0,74,,1505,33,,,0,34,,1494,33,,,0,75,,1506,33,,,0,35,,1495,33,,,0,75,,1507,33,,,0,36,,1496,33,,,0,75,,1508,33,,,0,75,,1497,33,,,0,35,,1509,33,,,0,75,,1498,33,,,0,35,,1510,33,,,0,80,,1499,33,,,0,77,,1511,33,,,0,37,,1500,33,,,0,77,,1512,33,,,0,34,,1501,33,,,0,74,,1513,33,,,0,74,,1502,33,,,0,34,,1514,33,,,0,104,,1518,33,,,0,105,,1517,33,,,0,105,,1515,33,,,0,105,,1516,33,,,0
801,'CsRoyOffKerOff',633,,1530,33,,,0,80,,1519,33,,,0,35,,1531,33,,,0,81,,1520,33,,,0,74,,1532,33,,,0,34,,1521,33,,,0,75,,1533,33,,,0,35,,1522,33,,,0,75,,1534,33,,,0,36,,1523,33,,,0,75,,1535,33,,,0,75,,1524,33,,,0,35,,1536,33,,,0,75,,1525,33,,,0,35,,1537,33,,,0,80,,1526,33,,,0,77,,1538,33,,,0,37,,1527,33,,,0,77,,1539,33,,,0,34,,1528,33,,,0,74,,1540,33,,,0,74,,1529,33,,,0,34,,1541,33,,,0,104,,1545,33,,,0,105,,1544,33,,,0,105,,1542,33,,,0,105,,1543,33,,,0
801,'Dimanche',903,,1547,33,,,0,105,,1548,33,,,0,105,,1549,33,,,0,104,,1552,33,,,0,105,,1551,33,,,0,105,,1553,33,,,0,105,,1554,33,,,0,105,,1555,33,,,0,105,,1550,33,,,0,105,,1546,33,,,0
801,'EventOff',633,,1567,33,,,0,80,,1556,33,,,0,35,,1568,33,,,0,81,,1557,33,,,0,74,,1569,33,,,0,34,,1558,33,,,0,75,,1570,33,,,0,35,,1559,33,,,0,75,,1571,33,,,0,36,,1560,33,,,0,75,,1572,33,,,0,75,,1561,33,,,0,35,,1573,33,,,0,75,,1562,33,,,0,35,,1574,33,,,0,80,,1563,33,,,0,77,,1575,33,,,0,37,,1564,33,,,0,77,,1576,33,,,0,34,,1565,33,,,0,74,,1577,33,,,0,74,,1566,33,,,0,34,,1578,33,,,0,104,,1582,33,,,0,105,,1581,33,,,0,105,,1579,33,,,0,105,,1580,33,,,0
801,'EventOn',633,,1594,33,,,0,80,,1583,33,,,0,35,,1595,33,,,0,81,,1584,33,,,0,74,,1596,33,,,0,34,,1585,33,,,0,75,,1597,33,,,0,35,,1586,33,,,0,75,,1598,33,,,0,36,,1587,33,,,0,75,,1599,33,,,0,75,,1588,33,,,0,35,,1600,33,,,0,75,,1589,33,,,0,35,,1601,33,,,0,80,,1590,33,,,0,77,,1602,33,,,0,37,,1591,33,,,0,77,,1603,33,,,0,34,,1592,33,,,0,74,,1604,33,,,0,74,,1593,33,,,0,34,,1605,33,,,0,104,,1609,33,,,0,105,,1608,33,,,0,105,,1606,33,,,0,105,,1607,33,,,0
801,'KerOffPriveOff',633,,1621,33,,,0,80,,1610,33,,,0,35,,1622,33,,,0,81,,1611,33,,,0,74,,1623,33,,,0,34,,1612,33,,,0,75,,1624,33,,,0,35,,1613,33,,,0,75,,1625,33,,,0,36,,1614,33,,,0,75,,1626,33,,,0,75,,1615,33,,,0,35,,1627,33,,,0,75,,1616,33,,,0,35,,1628,33,,,0,80,,1617,33,,,0,77,,1629,33,,,0,37,,1618,33,,,0,77,,1630,33,,,0,34,,1619,33,,,0,74,,1631,33,,,0,74,,1620,33,,,0,34,,1632,33,,,0,104,,1636,33,,,0,105,,1635,33,,,0,105,,1633,33,,,0,105,,1634,33,,,0
801,'Samedi',632,,1637,33,,,0,105,,1638,33,,,0,106,,1639,33,,,0,105,,1640,33,,,0,106,,1641,33,,,0,104,,1642,33,,,0,145,,1643,33,,,0,105,,1644,33,,,0,104,,1645,33,,,0,106,,1646,33,,,0,105,,1647,33,,,0,105,,1648,33,,,0,105,,1649,33,,,0,106,,1650,33,,,0,105,,1651,33,,,0,105,,1652,33,,,0,103,,1653,33,,,0
1200,'CsRoyOff',653,,2509,5,,,0,155,,2510,5,,,0,110,,2511,5,,,0,110,,2512,5,,,0,110,,2513,5,,,0,109,,2514,5,,,0,110,,2515,5,,,0,155,,2516,5,,,0,118,,2517,5,,,0,108,,2518,5,,,0,110,,2519,5,,,0,105,,2523,5,,,0,105,,2522,5,,,0,145,,2521,5,,,0,105,,2520,5,,,0,105,,2524,5,,,0
1200,'CsRoyOffKerOff',653,,2526,5,,,0,155,,2527,5,,,0,110,,2528,5,,,0,110,,2529,5,,,0,110,,2530,5,,,0,109,,2531,5,,,0,110,,2532,5,,,0,155,,2533,5,,,0,118,,2534,5,,,0,108,,2535,5,,,0,110,,2536,5,,,0,105,,2540,5,,,0,105,,2539,5,,,0,145,,2538,5,,,0,105,,2537,5,,,0,105,,2541,5,,,0
1200,'Dimanche',918,,2544,5,,,0,105,,2546,5,,,0,105,,2547,5,,,0,105,,2548,5,,,0,104,,2549,5,,,0,105,,2550,5,,,0,105,,2551,5,,,0,106,,2552,5,,,0,105,,2545,5,,,0,145,,2543,5,,,0
1200,'EventOff',653,,2553,5,,,0,155,,2554,5,,,0,110,,2555,5,,,0,110,,2556,5,,,0,110,,2557,5,,,0,109,,2558,5,,,0,110,,2559,5,,,0,155,,2560,5,,,0,118,,2561,5,,,0,108,,2562,5,,,0,110,,2563,5,,,0,105,,2567,5,,,0,105,,2566,5,,,0,145,,2565,5,,,0,105,,2564,5,,,0,105,,2568,5,,,0
1200,'EventOn',653,,2569,5,,,0,155,,2570,5,,,0,110,,2571,5,,,0,110,,2572,5,,,0,110,,2573,5,,,0,109,,2574,5,,,0,110,,2575,5,,,0,155,,2576,5,,,0,118,,2577,5,,,0,108,,2578,5,,,0,110,,2579,5,,,0,105,,2583,5,,,0,105,,2582,5,,,0,145,,2581,5,,,0,105,,2580,5,,,0,105,,2584,5,,,0
1200,'KerOffPriveOff',653,,2586,5,,,0,155,,2587,5,,,0,110,,2588,5,,,0,110,,2589,5,,,0,110,,2590,5,,,0,109,,2591,5,,,0,110,,2592,5,,,0,155,,2593,5,,,0,118,,2594,5,,,0,108,,2595,5,,,0,110,,2596,5,,,0,105,,2600,5,,,0,105,,2599,5,,,0,145,,2598,5,,,0,105,,2597,5,,,0,105,,2601,5,,,0
1200,'Samedi',648,,2602,5,,,0,105,,2603,5,,,0,105,,2604,5,,,0,145,,2605,5,,,0,104,,2606,5,,,0,105,,2607,5,,,0,106,,2608,5,,,0,105,,2609,5,,,0,105,,2610,5,,,0,104,,2611,5,,,0,106,,2612,5,,,0,105,,2613,5,,,0,105,,2614,5,,,0,105,,2615,5,,,0,105,,2616,5,,,0,145,,2617,5,,,0,105,,2618,5,,,0
