401,'CsRoyOff',627,,496,24,,,0,80,,509,24,,,0,32,,519,24,0,7 8,0,4,,493,24,,,0,75,,504,24,,,0,35,,500,24,,,0,75,,512,24,,,0,74,,497,24,,,0,35,,510,24,,,0,75,,494,24,,,0,35,,505,24,,,0,75,,501,24,,,0,35,,513,24,,,0,74,,498,24,,,0,75,,506,24,,,0,36,,502,24,,,0,78,,511,24,,,0,38,,495,24,,,0,79,,508,24,,,0,77,,499,24,,,0,34,,507,24,,,0,75,,503,24,,,0,107,,515,24,,,0,105,,518,24,,,0,105,,517,24,,,0,105,,516,24,,,0,105,,514,24,,,0
401,'CsRoyOffKerOff',627,,523,24,,,0,80,,536,24,,,0,32,,546,24,0,7 8,0,4,,520,24,,,0,75,,531,24,,,0,35,,527,24,,,0,75,,539,24,,,0,74,,524,24,,,0,35,,537,24,,,0,75,,521,24,,,0,35,,532,24,,,0,75,,528,24,,,0,35,,540,24,,,0,74,,525,24,,,0,75,,533,24,,,0,36,,529,24,,,0,78,,538,24,,,0,38,,522,24,,,0,79,,535,24,,,0,77,,526,24,,,0,34,,534,24,,,0,75,,530,24,,,0,107,,542,24,,,0,105,,545,24,,,0,105,,544,24,,,0,105,,543,24,,,0,105,,541,24,,,0
401,'Dimanche',856,,549,24,,,0,144,,550,24,,,0,105,,551,24,,,0,105,,552,24,,,0,105,,553,24,,,0,105,,554,24,,,0,106,,555,24,,,0,104,,556,24,,,0,106,,548,24,,,0,105,,547,24,,,0
401,'EventOff',627,,560,24,,,0,80,,573,24,,,0,36,,557,24,,,0,75,,568,24,,,0,35,,564,24,,,0,75,,576,24,,,0,74,,561,24,,,0,35,,574,24,,,0,75,,558,24,,,0,35,,569,24,,,0,75,,565,24,,,0,35,,577,24,,,0,74,,562,24,,,0,75,,570,24,,,0,36,,566,24,,,0,78,,575,24,,,0,38,,559,24,,,0,79,,572,24,,,0,77,,563,24,,,0,34,,571,24,,,0,75,,567,24,,,0,107,,579,24,,,0,105,,582,24,,,0,105,,581,24,,,0,105,,580,24,,,0,105,,578,24,,,0
401,'EventOn',627,,586,24,,,0,80,,599,24,,,0,32,,609,24,0,7 8,0,4,,583,24,,,0,75,,594,24,,,0,35,,590,24,,,0,75,,602,24,,,0,74,,587,24,,,0,35,,600,24,,,0,75,,584,24,,,0,35,,595,24,,,0,75,,591,24,,,0,35,,603,24,,,0,74,,588,24,,,0,75,,596,24,,,0,36,,592,24,,,0,78,,601,24,,,0,38,,585,24,,,0,79,,598,24,,,0,77,,589,24,,,0,34,,597,24,,,0,75,,593,24,,,0,107,,605,24,,,0,105,,608,24,,,0,105,,607,24,,,0,105,,606,24,,,0,105,,604,24,,,0
401,'KerOffPriveOff',627,,613,24,,,0,80,,626,24,,,0,32,,636,24,0,7 8,0,4,,610,24,,,0,75,,621,24,,,0,35,,617,24,,,0,75,,629,24,,,0,74,,614,24,,,0,35,,627,24,,,0,75,,611,24,,,0,35,,622,24,,,0,75,,618,24,,,0,35,,630,24,,,0,74,,615,24,,,0,75,,623,24,,,0,36,,619,24,,,0,78,,628,24,,,0,38,,612,24,,,0,79,,625,24,,,0,77,,616,24,,,0,34,,624,24,,,0,75,,620,24,,,0,107,,632,24,,,0,105,,635,24,,,0,105,,634,24,,,0,105,,633,24,,,0,105,,631,24,,,0
401,'Samedi',626,,637,24,,,0,105,,638,24,,,0,104,,639,24,,,0,104,,640,24,,,0,104,,641,24,,,0,105,,642,24,,,0,105,,643,24,,,0,105,,644,24,,,0,145,,645,24,,,0,105,,646,24,,,0,105,,647,24,,,0,106,,648,24,,,0,105,,649,24,,,0,105,,650,24,,,0,106,,651,24,,,0,106,,652,24,,,0,105,,653,24,,,0
190300200,'CsRoyOff',739,,4950,11,,,0
190300200,'CsRoyOffKerOff',739,,4951,11,,,0
190300200,'EventOn',739,,4952,11,,,0
