1001,'CsRoyOff',627,,2008,12,,,0,31,,2017,12,,,0,81,,2025,12,,,0,74,,2022,12,,,0,35,,2013,12,,,0,76,,2009,12,,,0,34,,2018,12,,,0,75,,2026,12,,,0,75,,2021,12,,,0,35,,2014,12,,,0,75,,2010,12,,,0,34,,2019,12,,,0,75,,2027,12,,,0,27,,2024,12,,,0,80,,2015,12,,,0,71,,2011,12,,,0,43,,2020,12,,,0,81,,2028,12,,,0,79,,2023,12,,,0,35,,2016,12,,,0,77,,2012,12,,,0,103,,2029,12,,,0,105,,2033,12,,,0,105,,2032,12,,,0,105,,2030,12,,,0,105,,2031,12,,,0
1001,'CsRoyOffKerOff',627,,2034,12,,,0,31,,2043,12,,,0,81,,2051,12,,,0,74,,2048,12,,,0,35,,2039,12,,,0,76,,2035,12,,,0,34,,2044,12,,,0,75,,2052,12,,,0,75,,2047,12,,,0,35,,2040,12,,,0,75,,2036,12,,,0,34,,2045,12,,,0,75,,2053,12,,,0,27,,2050,12,,,0,80,,2041,12,,,0,71,,2037,12,,,0,43,,2046,12,,,0,81,,2054,12,,,0,79,,2049,12,,,0,35,,2042,12,,,0,77,,2038,12,,,0,103,,2055,12,,,0,105,,2059,12,,,0,105,,2058,12,,,0,105,,2056,12,,,0,105,,2057,12,,,0
1001,'Dimanche',848,,2062,12,,,0,105,,2063,12,,,0,104,,2064,12,,,0,146,,2065,12,,,0,104,,2066,12,,,0,105,,2067,12,,,0,105,,2068,12,,,0,105,,2069,12,,,0,106,,2061,12,,,0,105,,2060,12,,,0
1001,'EventOff',627,,2070,12,,,0,31,,2079,12,,,0,81,,2087,12,,,0,74,,2084,12,,,0,35,,2075,12,,,0,76,,2071,12,,,0,34,,2080,12,,,0,75,,2088,12,,,0,75,,2083,12,,,0,35,,2076,12,,,0,75,,2072,12,,,0,34,,2081,12,,,0,75,,2089,12,,,0,27,,2086,12,,,0,80,,2077,12,,,0,71,,2073,12,,,0,43,,2082,12,,,0,81,,2090,12,,,0,79,,2085,12,,,0,35,,2078,12,,,0,77,,2074,12,,,0,103,,2091,12,,,0,105,,2095,12,,,0,105,,2094,12,,,0,105,,2092,12,,,0,105,,2093,12,,,0
1001,'EventOn',627,,2096,12,,,0,31,,2105,12,,,0,81,,2113,12,,,0,74,,2110,12,,,0,35,,2101,12,,,0,76,,2097,12,,,0,34,,2106,12,,,0,75,,2114,12,,,0,75,,2109,12,,,0,35,,2102,12,,,0,75,,2098,12,,,0,34,,2107,12,,,0,75,,2115,12,,,0,27,,2112,12,,,0,80,,2103,12,,,0,71,,2099,12,,,0,43,,2108,12,,,0,81,,2116,12,,,0,79,,2111,12,,,0,35,,2104,12,,,0,77,,2100,12,,,0,103,,2117,12,,,0,105,,2121,12,,,0,105,,2120,12,,,0,105,,2118,12,,,0,105,,2119,12,,,0
1001,'KerOffPriveOff',627,,2122,12,,,0,31,,2131,12,,,0,81,,2139,12,,,0,74,,2136,12,,,0,35,,2127,12,,,0,76,,2123,12,,,0,34,,2132,12,,,0,75,,2140,12,,,0,75,,2135,12,,,0,35,,2128,12,,,0,75,,2124,12,,,0,34,,2133,12,,,0,75,,2141,12,,,0,27,,2138,12,,,0,80,,2129,12,,,0,71,,2125,12,,,0,43,,2134,12,,,0,81,,2142,12,,,0,79,,2137,12,,,0,35,,2130,12,,,0,77,,2126,12,,,0,103,,2143,12,,,0,105,,2147,12,,,0,105,,2146,12,,,0,105,,2144,12,,,0,105,,2145,12,,,0
1001,'Samedi',620,,2148,12,,,0,104,,2149,12,,,0,105,,2150,12,,,0,105,,2151,12,,,0,105,,2152,12,,,0,104,,2153,12,,,0,105,,2154,12,,,0,106,,2155,12,,,0,105,,2156,12,,,0,145,,2157,12,,,0,104,,2158,12,,,0,105,,2159,12,,,0,105,,2160,12,,,0,105,,2161,12,,,0,105,,2162,12,,,0,105,,2163,12,,,0,105,,2164,12,,,0
5190100000,'EventOn',807,,4986,11,,,0
5190100000,'KerOffPriveOff',807,,4987,11,,,0
5190100001,'EventOn',1541,,4988,2,,,0
5190100001,'KerOffPriveOff',1541,,4989,2,,,0
