200,'CsRoyOff',627,2,17,13,,,0,75,2,6,13,,,0,41,2,12,13,,,0,75,2,1,13,,,0,35,2,18,13,,,0,74,2,7,13,,,0,75,2,13,13,,,0,35,2,2,13,,,0,76,2,19,13,,,0,35,2,8,13,,,0,75,2,14,13,,,0,35,2,3,13,,,0,75,2,20,13,,,0,75,2,9,13,,,0,35,2,15,13,,,0,80,2,4,13,,,0,79,2,21,13,,,0,37,2,10,13,,,0,75,2,16,13,,,0,33,2,5,13,,,0,75,2,22,13,,,0,35,2,11,13,,,0,145,2,27,13,,,0,105,2,26,13,,,0,105,2,25,13,,,0,105,2,24,13,,,0,105,2,23,13,,,0
200,'CsRoyOffKerOff',627,2,44,13,,,0,75,2,33,13,,,0,41,2,39,13,,,0,75,2,28,13,,,0,35,2,45,13,,,0,74,2,34,13,,,0,75,2,40,13,,,0,35,2,29,13,,,0,76,2,46,13,,,0,35,2,35,13,,,0,75,2,41,13,,,0,35,2,30,13,,,0,75,2,47,13,,,0,75,2,36,13,,,0,35,2,42,13,,,0,80,2,31,13,,,0,79,2,48,13,,,0,37,2,37,13,,,0,75,2,43,13,,,0,33,2,32,13,,,0,75,2,49,13,,,0,35,2,38,13,,,0,145,2,54,13,,,0,105,2,53,13,,,0,105,2,52,13,,,0,105,2,51,13,,,0,105,2,50,13,,,0
200,'Dimanche',927,2,58,13,,,0,105,2,59,13,,,0,105,2,60,13,,,0,105,2,61,13,,,0,105,2,62,13,,,0,105,2,63,13,,,0,105,2,64,13,,,0,145,2,56,13,,,0,105,2,55,13,,,0,105,2,57,13,,,0
200,'EventOff',627,2,81,13,,,0,75,2,70,13,,,0,41,2,76,13,,,0,75,2,65,13,,,0,35,2,82,13,,,0,74,2,71,13,,,0,75,2,77,13,,,0,35,2,66,13,,,0,76,2,83,13,,,0,35,2,72,13,,,0,75,2,78,13,,,0,35,2,67,13,,,0,75,2,84,13,,,0,75,2,73,13,,,0,35,2,79,13,,,0,80,2,68,13,,,0,79,2,85,13,,,0,37,2,74,13,,,0,75,2,80,13,,,0,33,2,69,13,,,0,75,2,86,13,,,0,35,2,75,13,,,0,145,2,91,13,,,0,105,2,90,13,,,0,105,2,89,13,,,0,105,2,88,13,,,0,105,2,87,13,,,0
200,'EventOn',627,2,108,13,,,0,75,2,97,13,,,0,41,2,103,13,,,0,75,2,92,13,,,0,35,2,109,13,,,0,74,2,98,13,,,0,75,2,104,13,,,0,35,2,93,13,,,0,76,2,110,13,,,0,35,2,99,13,,,0,75,2,105,13,,,0,35,2,94,13,,,0,75,2,111,13,,,0,75,2,100,13,,,0,35,2,106,13,,,0,80,2,95,13,,,0,79,2,112,13,,,0,37,2,101,13,,,0,75,2,107,13,,,0,33,2,96,13,,,0,75,2,113,13,,,0,35,2,102,13,,,0,145,2,118,13,,,0,105,2,117,13,,,0,105,2,116,13,,,0,105,2,115,13,,,0,105,2,114,13,,,0
200,'KerOffPriveOff',627,2,135,13,,,0,75,2,124,13,,,0,41,2,130,13,,,0,75,2,119,13,,,0,35,2,136,13,,,0,74,2,125,13,,,0,75,2,131,13,,,0,35,2,120,13,,,0,76,2,137,13,,,0,35,2,126,13,,,0,75,2,132,13,,,0,35,2,121,13,,,0,75,2,138,13,,,0,75,2,127,13,,,0,35,2,133,13,,,0,80,2,122,13,,,0,79,2,139,13,,,0,37,2,128,13,,,0,75,2,134,13,,,0,33,2,123,13,,,0,75,2,140,13,,,0,35,2,129,13,,,0,145,2,145,13,,,0,105,2,144,13,,,0,105,2,143,13,,,0,105,2,142,13,,,0,105,2,141,13,,,0
200,'Samedi',656,2,146,13,,,0,145,42,147,13,,,0,105,2,148,13,,,0,106,2,149,13,,,0,105,2,150,13,,,0,105,2,151,13,,,0,105,2,152,13,,,0,105,2,153,13,,,0,105,2,154,13,,,0,105,2,155,13,,,0,105,2,156,13,,,0,105,2,157,13,,,0,105,2,158,13,,,0,145,2,159,13,,,0,104,2,160,13,,,0,105,2,161,13,,,0,105,2,162,13,,,0
201,'CsRoyOff',631,3,163,24,,,0,80,3,179,24,,,0,35,2,169,24,,,0,81,3,174,24,,,0,74,43,164,24,,,0,34,3,180,24,,,0,75,3,170,24,,,0,35,3,175,24,,,0,75,3,165,24,,,0,36,3,181,24,,,0,75,3,171,24,,,0,75,3,176,24,,,0,35,3,166,24,,,0,75,3,182,24,,,0,35,3,172,24,,,0,80,3,177,24,,,0,77,3,167,24,,,0,37,3,183,24,,,0,77,2,173,24,,,0,34,3,178,24,,,0,74,3,168,24,,,0,74,3,189,24,,,0,34,3,185,24,,,0,105,3,188,24,,,0,105,3,187,24,,,0,105,3,186,24,,,0,105,3,184,24,,,0
201,'CsRoyOffKerOff',631,3,190,24,,,0,80,3,206,24,,,0,35,2,196,24,,,0,81,3,201,24,,,0,74,43,191,24,,,0,34,3,207,24,,,0,75,3,197,24,,,0,35,3,202,24,,,0,75,3,192,24,,,0,36,3,208,24,,,0,75,3,198,24,,,0,75,3,203,24,,,0,35,3,193,24,,,0,75,3,209,24,,,0,35,3,199,24,,,0,80,3,204,24,,,0,77,3,194,24,,,0,37,3,210,24,,,0,77,2,200,24,,,0,34,3,205,24,,,0,74,3,195,24,,,0,74,3,216,24,,,0,34,3,212,24,,,0,105,3,215,24,,,0,105,3,214,24,,,0,105,3,213,24,,,0,105,3,211,24,,,0
201,'Dimanche',902,43,219,24,,,0,105,3,220,24,,,0,105,3,221,24,,,0,104,2,222,24,,,0,105,2,223,24,,,0,105,2,224,24,,,0,105,3,225,24,,,0,105,3,226,24,,,0,105,3,218,24,,,0,105,3,217,24,,,0
201,'EventOff',631,3,227,24,,,0,80,3,243,24,,,0,35,2,233,24,,,0,81,3,238,24,,,0,74,43,228,24,,,0,34,3,244,24,,,0,75,3,234,24,,,0,35,3,239,24,,,0,75,3,229,24,,,0,36,3,245,24,,,0,75,3,235,24,,,0,75,3,240,24,,,0,35,3,230,24,,,0,75,3,246,24,,,0,35,3,236,24,,,0,80,3,241,24,,,0,77,3,231,24,,,0,37,3,247,24,,,0,77,2,237,24,,,0,34,3,242,24,,,0,74,3,232,24,,,0,74,3,253,24,,,0,34,3,249,24,,,0,105,3,252,24,,,0,105,3,251,24,,,0,105,3,250,24,,,0,105,3,248,24,,,0
201,'EventOn',631,3,254,24,,,0,80,3,270,24,,,0,35,2,260,24,,,0,81,3,265,24,,,0,74,43,255,24,,,0,34,3,271,24,,,0,75,3,261,24,,,0,35,3,266,24,,,0,75,3,256,24,,,0,36,3,272,24,,,0,75,3,262,24,,,0,75,3,267,24,,,0,35,3,257,24,,,0,75,3,273,24,,,0,35,3,263,24,,,0,80,3,268,24,,,0,77,3,258,24,,,0,37,3,274,24,,,0,77,2,264,24,,,0,34,3,269,24,,,0,74,3,259,24,,,0,74,3,280,24,,,0,34,3,276,24,,,0,105,3,279,24,,,0,105,3,278,24,,,0,105,3,277,24,,,0,105,3,275,24,,,0
201,'KerOffPriveOff',631,3,281,24,,,0,80,3,297,24,,,0,35,2,287,24,,,0,81,3,292,24,,,0,74,43,282,24,,,0,34,3,298,24,,,0,75,3,288,24,,,0,35,3,293,24,,,0,75,3,283,24,,,0,36,3,299,24,,,0,75,3,289,24,,,0,75,3,294,24,,,0,35,3,284,24,,,0,75,3,300,24,,,0,35,3,290,24,,,0,80,3,295,24,,,0,77,3,285,24,,,0,37,3,301,24,,,0,77,2,291,24,,,0,34,3,296,24,,,0,74,3,286,24,,,0,74,3,307,24,,,0,34,3,303,24,,,0,105,3,306,24,,,0,105,3,305,24,,,0,105,3,304,24,,,0,105,3,302,24,,,0
201,'Samedi',631,3,308,24,,,0,105,3,309,24,,,0,106,3,310,24,,,0,105,2,311,24,,,0,106,2,312,24,,,0,104,,313,24,,,0,145,,314,24,,,0,105,,315,24,,,0,104,,316,24,,,0,106,2,317,24,,,0,105,2,318,24,,,0,105,2,319,24,,,0,105,2,320,24,,,0,106,3,321,24,,,0,105,3,322,24,,,0,105,4,323,24,,,0,103,3,324,24,,,0
800,'CsRoyOff',627,2,1330,14,,,0,75,2,1341,14,,,0,41,2,1331,14,,,0,75,2,1342,14,,,0,35,2,1332,14,,,0,74,2,1343,14,,,0,75,2,1333,14,,,0,35,2,1344,14,,,0,76,2,1334,14,,,0,35,2,1345,14,,,0,75,2,1335,14,,,0,35,2,1346,14,,,0,75,2,1336,14,,,0,75,2,1347,14,,,0,35,2,1337,14,,,0,80,2,1348,14,,,0,79,2,1338,14,,,0,37,2,1349,14,,,0,75,2,1339,14,,,0,33,2,1350,14,,,0,75,2,1340,14,,,0,35,2,1351,14,,,0,145,2,1356,14,,,0,105,2,1355,14,,,0,105,2,1352,14,,,0,105,2,1353,14,,,0,105,2,1354,14,,,0
800,'CsRoyOffKerOff',627,2,1357,14,,,0,75,2,1368,14,,,0,41,2,1358,14,,,0,75,2,1369,14,,,0,35,2,1359,14,,,0,74,2,1370,14,,,0,75,2,1360,14,,,0,35,2,1371,14,,,0,76,2,1361,14,,,0,35,2,1372,14,,,0,75,2,1362,14,,,0,35,2,1373,14,,,0,75,2,1363,14,,,0,75,2,1374,14,,,0,35,2,1364,14,,,0,80,2,1375,14,,,0,79,2,1365,14,,,0,37,2,1376,14,,,0,75,2,1366,14,,,0,33,2,1377,14,,,0,75,2,1367,14,,,0,35,2,1378,14,,,0,145,2,1383,14,,,0,105,2,1382,14,,,0,105,2,1379,14,,,0,105,2,1380,14,,,0,105,2,1381,14,,,0
800,'Dimanche',927,2,1386,14,,,0,105,2,1387,14,,,0,105,2,1389,14,,,0,105,2,1390,14,,,0,105,2,1391,14,,,0,105,2,1392,14,,,0,105,2,1393,14,,,0,145,2,1388,14,,,0,105,2,1384,14,,,0,105,2,1385,14,,,0
800,'EventOff',627,2,1394,14,,,0,75,2,1405,14,,,0,41,2,1395,14,,,0,75,2,1406,14,,,0,35,2,1396,14,,,0,74,2,1407,14,,,0,75,2,1397,14,,,0,35,2,1408,14,,,0,76,2,1398,14,,,0,35,2,1409,14,,,0,75,2,1399,14,,,0,35,2,1410,14,,,0,75,2,1400,14,,,0,75,2,1411,14,,,0,35,2,1401,14,,,0,80,2,1412,14,,,0,79,2,1402,14,,,0,37,2,1413,14,,,0,75,2,1403,14,,,0,33,2,1414,14,,,0,75,2,1404,14,,,0,35,2,1415,14,,,0,145,2,1420,14,,,0,105,2,1419,14,,,0,105,2,1416,14,,,0,105,2,1417,14,,,0,105,2,1418,14,,,0
800,'EventOn',627,2,1421,14,,,0,75,2,1432,14,,,0,41,2,1422,14,,,0,75,2,1433,14,,,0,35,2,1423,14,,,0,74,2,1434,14,,,0,75,2,1424,14,,,0,35,2,1435,14,,,0,76,2,1425,14,,,0,35,2,1436,14,,,0,75,2,1426,14,,,0,35,2,1437,14,,,0,75,2,1427,14,,,0,75,2,1438,14,,,0,35,2,1428,14,,,0,80,2,1439,14,,,0,79,2,1429,14,,,0,37,2,1440,14,,,0,75,2,1430,14,,,0,33,2,1441,14,,,0,75,2,1431,14,,,0,35,2,1442,14,,,0,145,2,1447,14,,,0,105,2,1446,14,,,0,105,2,1443,14,,,0,105,2,1444,14,,,0,105,2,1445,14,,,0
800,'KerOffPriveOff',627,2,1448,14,,,0,75,2,1459,14,,,0,41,2,1449,14,,,0,75,2,1460,14,,,0,35,2,1450,14,,,0,74,2,1461,14,,,0,75,2,1451,14,,,0,35,2,1462,14,,,0,76,2,1452,14,,,0,35,2,1463,14,,,0,75,2,1453,14,,,0,35,2,1464,14,,,0,75,2,1454,14,,,0,75,2,1465,14,,,0,35,2,1455,14,,,0,80,2,1466,14,,,0,79,2,1456,14,,,0,37,2,1467,14,,,0,75,2,1457,14,,,0,33,2,1468,14,,,0,75,2,1458,14,,,0,35,2,1469,14,,,0,145,2,1474,14,,,0,105,2,1473,14,,,0,105,2,1470,14,,,0,105,2,1471,14,,,0,105,2,1472,14,,,0
800,'Samedi',656,2,1475,14,,,0,145,42,1476,14,,,0,105,2,1477,14,,,0,106,2,1478,14,,,0,105,2,1479,14,,,0,105,2,1480,14,,,0,105,2,1481,14,,,0,105,2,1482,14,,,0,105,2,1483,14,,,0,105,2,1484,14,,,0,105,2,1485,14,,,0,105,2,1486,14,,,0,105,2,1487,14,,,0,145,2,1488,14,,,0,104,2,1489,14,,,0,105,2,1490,14,,,0,105,2,1491,14,,,0
801,'CsRoyOff',631,3,1503,29,,,0,80,3,1492,29,,,0,35,2,1504,29,,,0,81,3,1493,29,,,0,74,43,1505,29,,,0,34,3,1494,29,,,0,75,3,1506,29,,,0,35,3,1495,29,,,0,75,3,1507,29,,,0,36,3,1496,29,,,0,75,3,1508,29,,,0,75,3,1497,29,,,0,35,3,1509,29,,,0,75,3,1498,29,,,0,35,3,1510,29,,,0,80,3,1499,29,,,0,77,3,1511,29,,,0,37,3,1500,29,,,0,77,2,1512,29,,,0,34,3,1501,29,,,0,74,3,1513,29,,,0,74,3,1502,29,,,0,34,3,1514,29,,,0,105,3,1518,29,,,0,105,3,1517,29,,,0,105,3,1515,29,,,0,105,3,1516,29,,,0
801,'CsRoyOffKerOff',631,3,1530,29,,,0,80,3,1519,29,,,0,35,2,1531,29,,,0,81,3,1520,29,,,0,74,43,1532,29,,,0,34,3,1521,29,,,0,75,3,1533,29,,,0,35,3,1522,29,,,0,75,3,1534,29,,,0,36,3,1523,29,,,0,75,3,1535,29,,,0,75,3,1524,29,,,0,35,3,1536,29,,,0,75,3,1525,29,,,0,35,3,1537,29,,,0,80,3,1526,29,,,0,77,3,1538,29,,,0,37,3,1527,29,,,0,77,2,1539,29,,,0,34,3,1528,29,,,0,74,3,1540,29,,,0,74,3,1529,29,,,0,34,3,1541,29,,,0,105,3,1545,29,,,0,105,3,1544,29,,,0,105,3,1542,29,,,0,105,3,1543,29,,,0
801,'Dimanche',902,43,1547,29,,,0,105,3,1548,29,,,0,105,3,1549,29,,,0,104,2,1552,29,,,0,105,2,1551,29,,,0,105,2,1553,29,,,0,105,3,1554,29,,,0,105,3,1555,29,,,0,105,3,1550,29,,,0,105,3,1546,29,,,0
801,'EventOff',631,3,1567,29,,,0,80,3,1556,29,,,0,35,2,1568,29,,,0,81,3,1557,29,,,0,74,43,1569,29,,,0,34,3,1558,29,,,0,75,3,1570,29,,,0,35,3,1559,29,,,0,75,3,1571,29,,,0,36,3,1560,29,,,0,75,3,1572,29,,,0,75,3,1561,29,,,0,35,3,1573,29,,,0,75,3,1562,29,,,0,35,3,1574,29,,,0,80,3,1563,29,,,0,77,3,1575,29,,,0,37,3,1564,29,,,0,77,2,1576,29,,,0,34,3,1565,29,,,0,74,3,1577,29,,,0,74,3,1566,29,,,0,34,3,1578,29,,,0,105,3,1582,29,,,0,105,3,1581,29,,,0,105,3,1579,29,,,0,105,3,1580,29,,,0
801,'EventOn',631,3,1594,29,,,0,80,3,1583,29,,,0,35,2,1595,29,,,0,81,3,1584,29,,,0,74,43,1596,29,,,0,34,3,1585,29,,,0,75,3,1597,29,,,0,35,3,1586,29,,,0,75,3,1598,29,,,0,36,3,1587,29,,,0,75,3,1599,29,,,0,75,3,1588,29,,,0,35,3,1600,29,,,0,75,3,1589,29,,,0,35,3,1601,29,,,0,80,3,1590,29,,,0,77,3,1602,29,,,0,37,3,1591,29,,,0,77,2,1603,29,,,0,34,3,1592,29,,,0,74,3,1604,29,,,0,74,3,1593,29,,,0,34,3,1605,29,,,0,105,3,1609,29,,,0,105,3,1608,29,,,0,105,3,1606,29,,,0,105,3,1607,29,,,0
801,'KerOffPriveOff',631,3,1621,29,,,0,80,3,1610,29,,,0,35,2,1622,29,,,0,81,3,1611,29,,,0,74,43,1623,29,,,0,34,3,1612,29,,,0,75,3,1624,29,,,0,35,3,1613,29,,,0,75,3,1625,29,,,0,36,3,1614,29,,,0,75,3,1626,29,,,0,75,3,1615,29,,,0,35,3,1627,29,,,0,75,3,1616,29,,,0,35,3,1628,29,,,0,80,3,1617,29,,,0,77,3,1629,29,,,0,37,3,1618,29,,,0,77,2,1630,29,,,0,34,3,1619,29,,,0,74,3,1631,29,,,0,74,3,1620,29,,,0,34,3,1632,29,,,0,105,3,1636,29,,,0,105,3,1635,29,,,0,105,3,1633,29,,,0,105,3,1634,29,,,0
801,'Samedi',631,3,1637,29,,,0,105,3,1638,29,,,0,106,3,1639,29,,,0,105,2,1640,29,,,0,106,2,1641,29,,,0,104,,1642,29,,,0,145,,1643,29,,,0,105,,1644,29,,,0,104,,1645,29,,,0,106,2,1646,29,,,0,105,2,1647,29,,,0,105,2,1648,29,,,0,105,2,1649,29,,,0,106,3,1650,29,,,0,105,3,1651,29,,,0,105,4,1652,29,,,0,103,3,1653,29,,,0
1200,'CsRoyOff',651,,2509,1,,,0,155,,2510,1,,,0,110,,2511,1,,,0,110,,2512,1,,,0,110,,2513,1,,,0,109,,2514,1,,,0,110,,2515,1,,,0,155,,2516,1,,,0,118,,2517,1,,,0,108,,2518,1,,,0,110,,2519,1,,,0,105,,2523,1,,,0,105,,2522,1,,,0,145,,2521,1,,,0,105,,2520,1,,,0,105,,2524,1,,,0
1200,'CsRoyOffKerOff',651,,2526,1,,,0,155,,2527,1,,,0,110,,2528,1,,,0,110,,2529,1,,,0,110,,2530,1,,,0,109,,2531,1,,,0,110,,2532,1,,,0,155,,2533,1,,,0,118,,2534,1,,,0,108,,2535,1,,,0,110,,2536,1,,,0,105,,2540,1,,,0,105,,2539,1,,,0,145,,2538,1,,,0,105,,2537,1,,,0,105,,2541,1,,,0
1200,'Dimanche',916,,2544,1,,,0,105,,2546,1,,,0,105,,2547,1,,,0,105,,2548,1,,,0,104,,2549,1,,,0,105,,2550,1,,,0,105,,2551,1,,,0,106,,2552,1,,,0,105,,2545,1,,,0,145,,2543,1,,,0
1200,'EventOff',651,,2553,1,,,0,155,,2554,1,,,0,110,,2555,1,,,0,110,,2556,1,,,0,110,,2557,1,,,0,109,,2558,1,,,0,110,,2559,1,,,0,155,,2560,1,,,0,118,,2561,1,,,0,108,,2562,1,,,0,110,,2563,1,,,0,105,,2567,1,,,0,105,,2566,1,,,0,145,,2565,1,,,0,105,,2564,1,,,0,105,,2568,1,,,0
1200,'EventOn',651,,2569,1,,,0,155,,2570,1,,,0,110,,2571,1,,,0,110,,2572,1,,,0,110,,2573,1,,,0,109,,2574,1,,,0,110,,2575,1,,,0,155,,2576,1,,,0,118,,2577,1,,,0,108,,2578,1,,,0,110,,2579,1,,,0,105,,2583,1,,,0,105,,2582,1,,,0,145,,2581,1,,,0,105,,2580,1,,,0,105,,2584,1,,,0
1200,'KerOffPriveOff',651,,2586,1,,,0,155,,2587,1,,,0,110,,2588,1,,,0,110,,2589,1,,,0,110,,2590,1,,,0,109,,2591,1,,,0,110,,2592,1,,,0,155,,2593,1,,,0,118,,2594,1,,,0,108,,2595,1,,,0,110,,2596,1,,,0,105,,2600,1,,,0,105,,2599,1,,,0,145,,2598,1,,,0,105,,2597,1,,,0,105,,2601,1,,,0
1200,'Samedi',646,,2602,1,,,0,105,,2603,1,,,0,105,,2604,1,,,0,145,,2605,1,,,0,104,,2606,1,,,0,105,,2607,1,,,0,106,,2608,1,,,0,105,,2609,1,,,0,105,,2610,1,,,0,104,,2611,1,,,0,106,,2612,1,,,0,105,,2613,1,,,0,105,,2614,1,,,0,105,,2615,1,,,0,105,,2616,1,,,0,145,,2617,1,,,0,105,,2618,1,,,0
1201,'CsRoyOff',644,,2619,48,4,,0,113,,2620,48,4,,0,148,,2621,48,4,,0,110,,2622,48,4,,0,112,,2623,48,4,,0,108,,2624,48,4,,0,108,,2625,48,4,,0,107,,2626,48,4,,0,156,,2627,48,4,,0,117,,2628,48,4,,0,112,,2629,48,4,,0,104,,2630,48,4,,0,105,,2633,48,4,,0,105,,2632,48,4,,0,105,,2631,48,4,,0,105,,2634,48,4,,0
1201,'CsRoyOffKerOff',644,,2635,48,4,,0,113,,2636,48,4,,0,148,,2637,48,4,,0,110,,2638,48,4,,0,112,,2639,48,4,,0,108,,2640,48,4,,0,108,,2641,48,4,,0,107,,2642,48,4,,0,156,,2643,48,4,,0,117,,2644,48,4,,0,112,,2645,48,4,,0,104,,2646,48,4,,0,105,,2649,48,4,,0,105,,2648,48,4,,0,105,,2647,48,4,,0,105,,2650,48,4,,0
1201,'Dimanche',906,,2652,48,4,,0,105,,2653,48,4,,0,105,,2655,48,4,,0,105,,2656,48,4,,0,105,,2657,48,4,,0,104,,2658,48,4,,0,105,,2659,48,4,,0,105,,2660,48,4,,0,106,,2651,48,4,,0,103,,2654,48,4,,0
1201,'EventOff',644,,2661,48,4,,0,113,,2662,48,4,,0,148,,2663,48,4,,0,110,,2664,48,4,,0,112,,2665,48,4,,0,108,,2666,48,4,,0,108,,2667,48,4,,0,107,,2668,48,4,,0,156,,2669,48,4,,0,117,,2670,48,4,,0,112,,2671,48,4,,0,104,,2672,48,4,,0,105,,2675,48,4,,0,105,,2674,48,4,,0,105,,2673,48,4,,0,105,,2676,48,4,,0
1201,'EventOn',644,,2677,48,4,,0,113,,2678,48,4,,0,148,,2679,48,4,,0,110,,2680,48,4,,0,112,,2681,48,4,,0,108,,2682,48,4,,0,108,,2683,48,4,,0,107,,2684,48,4,,0,156,,2685,48,4,,0,117,,2686,48,4,,0,112,,2687,48,4,,0,104,,2688,48,4,,0,105,,2691,48,4,,0,105,,2690,48,4,,0,105,,2689,48,4,,0,105,,2692,48,4,,0
1201,'KerOffPriveOff',644,,2693,48,4,,0,113,,2694,48,4,,0,148,,2695,48,4,,0,110,,2696,48,4,,0,112,,2697,48,4,,0,108,,2698,48,4,,0,108,,2699,48,4,,0,107,,2700,48,4,,0,156,,2701,48,4,,0,117,,2702,48,4,,0,112,,2703,48,4,,0,104,,2704,48,4,,0,105,,2707,48,4,,0,105,,2706,48,4,,0,105,,2705,48,4,,0,105,,2708,48,4,,0
1201,'Samedi',636,,2709,48,4,,0,104,,2710,48,4,,0,105,,2711,48,4,,0,106,,2712,48,4,,0,105,,2713,48,4,,0,144,,2714,48,4,,0,106,,2715,48,4,,0,105,,2716,48,4,,0,105,,2717,48,4,,0,105,,2718,48,4,,0,104,,2719,48,4,,0,105,,2720,48,4,,0,105,,2721,48,4,,0,105,,2722,48,4,,0,105,,2723,48,4,,0,105,,2724,48,4,,0,105,,2725,48,4,,0
1700,'CsRoyOff',630,,3336,1,,,0,80,,3337,1,,,0,36,,3338,1,,,0,79,,3339,1,,,0,34,,3340,1,,,0,75,,3341,1,,,0,75,,3342,1,,,0,35,,3343,1,,,0,75,,3344,1,,,0,36,,3345,1,,,0,75,,3346,1,,,0,75,,3347,1,,,0,35,,3348,1,,,0,75,,3349,1,,,0,37,,3350,1,,,0,78,,3351,1,,,0,77,,3352,1,,,0,37,,3353,1,,,0,70,,3354,1,,,0,40,,3355,1,,,0,73,,3356,1,,,0
1700,'CsRoyOffKerOff',630,,3357,1,,,0,80,,3358,1,,,0,36,,3359,1,,,0,79,,3360,1,,,0,34,,3361,1,,,0,75,,3362,1,,,0,75,,3363,1,,,0,35,,3364,1,,,0,75,,3365,1,,,0,36,,3366,1,,,0,75,,3367,1,,,0,75,,3368,1,,,0,35,,3369,1,,,0,75,,3370,1,,,0,37,,3371,1,,,0,78,,3372,1,,,0,77,,3373,1,,,0,37,,3374,1,,,0,70,,3375,1,,,0,40,,3376,1,,,0,73,,3377,1,,,0
1700,'EventOff',630,,3378,1,,,0,80,,3379,1,,,0,36,,3380,1,,,0,79,,3381,1,,,0,34,,3382,1,,,0,75,,3383,1,,,0,75,,3384,1,,,0,35,,3385,1,,,0,75,,3386,1,,,0,36,,3387,1,,,0,75,,3388,1,,,0,75,,3389,1,,,0,35,,3390,1,,,0,75,,3391,1,,,0,37,,3392,1,,,0,78,,3393,1,,,0,77,,3394,1,,,0,37,,3395,1,,,0,70,,3396,1,,,0,40,,3397,1,,,0,73,,3398,1,,,0
1700,'EventOn',630,,3399,1,,,0,80,,3400,1,,,0,36,,3401,1,,,0,79,,3402,1,,,0,34,,3403,1,,,0,75,,3404,1,,,0,75,,3405,1,,,0,35,,3406,1,,,0,75,,3407,1,,,0,36,,3408,1,,,0,75,,3409,1,,,0,75,,3410,1,,,0,35,,3411,1,,,0,75,,3412,1,,,0,37,,3413,1,,,0,78,,3414,1,,,0,77,,3415,1,,,0,37,,3416,1,,,0,70,,3417,1,,,0,40,,3418,1,,,0,73,,3419,1,,,0
1700,'KerOffPriveOff',630,,3420,1,,,0,80,,3421,1,,,0,36,,3422,1,,,0,79,,3423,1,,,0,34,,3424,1,,,0,75,,3425,1,,,0,75,,3426,1,,,0,35,,3427,1,,,0,75,,3428,1,,,0,36,,3429,1,,,0,75,,3430,1,,,0,75,,3431,1,,,0,35,,3432,1,,,0,75,,3433,1,,,0,37,,3434,1,,,0,78,,3435,1,,,0,77,,3436,1,,,0,37,,3437,1,,,0,70,,3438,1,,,0,40,,3439,1,,,0,73,,3440,1,,,0
1701,'CsRoyOff',628,,3441,19,4,,0,72,,3442,19,4,,0,41,,3443,19,4,,0,75,,3444,19,4,,0,35,,3445,19,4,,0,74,,3446,19,4,,0,75,,3447,19,4,,0,35,,3448,19,4,,0,76,,3449,19,4,,0,35,,3450,19,4,,0,75,,3451,19,4,,0,35,,3452,19,4,,0,75,,3453,19,4,,0,75,,3454,19,4,,0,35,,3455,19,4,,0,80,,3456,19,4,,0,79,,3457,19,4,,0,37,,3458,19,4,,0,75,,3459,19,4,,0,33,,3460,19,4,,0,75,,3461,19,4,,0
1701,'CsRoyOffKerOff',628,,3462,19,4,,0,72,,3463,19,4,,0,41,,3464,19,4,,0,75,,3465,19,4,,0,35,,3466,19,4,,0,74,,3467,19,4,,0,75,,3468,19,4,,0,35,,3469,19,4,,0,76,,3470,19,4,,0,35,,3471,19,4,,0,75,,3472,19,4,,0,35,,3473,19,4,,0,75,,3474,19,4,,0,75,,3475,19,4,,0,35,,3476,19,4,,0,80,,3477,19,4,,0,79,,3478,19,4,,0,37,,3479,19,4,,0,75,,3480,19,4,,0,33,,3481,19,4,,0,75,,3482,19,4,,0
1701,'EventOff',628,,3483,19,4,,0,72,,3484,19,4,,0,41,,3485,19,4,,0,75,,3486,19,4,,0,35,,3487,19,4,,0,74,,3488,19,4,,0,75,,3489,19,4,,0,35,,3490,19,4,,0,76,,3491,19,4,,0,35,,3492,19,4,,0,75,,3493,19,4,,0,35,,3494,19,4,,0,75,,3495,19,4,,0,75,,3496,19,4,,0,35,,3497,19,4,,0,80,,3498,19,4,,0,79,,3499,19,4,,0,37,,3500,19,4,,0,75,,3501,19,4,,0,33,,3502,19,4,,0,75,,3503,19,4,,0
1701,'EventOn',628,,3504,19,4,,0,72,,3505,19,4,,0,41,,3506,19,4,,0,75,,3507,19,4,,0,35,,3508,19,4,,0,74,,3509,19,4,,0,75,,3510,19,4,,0,35,,3511,19,4,,0,76,,3512,19,4,,0,35,,3513,19,4,,0,75,,3514,19,4,,0,35,,3515,19,4,,0,75,,3516,19,4,,0,75,,3517,19,4,,0,35,,3518,19,4,,0,80,,3519,19,4,,0,79,,3520,19,4,,0,37,,3521,19,4,,0,75,,3522,19,4,,0,33,,3523,19,4,,0,75,,3524,19,4,,0
1701,'KerOffPriveOff',628,,3525,19,4,,0,72,,3526,19,4,,0,41,,3527,19,4,,0,75,,3528,19,4,,0,35,,3529,19,4,,0,74,,3530,19,4,,0,75,,3531,19,4,,0,35,,3532,19,4,,0,76,,3533,19,4,,0,35,,3534,19,4,,0,75,,3535,19,4,,0,35,,3536,19,4,,0,75,,3537,19,4,,0,75,,3538,19,4,,0,35,,3539,19,4,,0,80,,3540,19,4,,0,79,,3541,19,4,,0,37,,3542,19,4,,0,75,,3543,19,4,,0,33,,3544,19,4,,0,75,,3545,19,4,,0
1141500000,'EventOn',1608,,4968,11,,,0
1141500000,'KerOffPriveOff',1608,,4969,11,,,0
