401,'CsRoyOff',644,,496,41,,,0,81,,509,41,,,0,75,,493,41,,,0,36,,504,41,,,0,75,,500,41,,,0,35,,512,41,,,0,74,,497,41,,,0,36,,510,41,,,0,75,,494,41,,,0,75,,505,41,,,0,35,,501,41,,,0,75,,513,41,,,0,34,,498,41,,,0,75,,506,41,,,0,76,,502,41,,,0,38,,511,41,,,0,79,,495,41,,,0,38,,508,41,,,0,76,,499,41,,,0,74,,507,41,,,0,34,,503,41,,,0,107,,515,41,,,0,105,,518,41,,,0,105,,517,41,,,0,145,,516,41,,,0,105,,514,41,,,0
401,'CsRoyOffKerOff',644,,523,41,,,0,81,,536,41,,,0,75,,520,41,,,0,36,,531,41,,,0,75,,527,41,,,0,35,,539,41,,,0,74,,524,41,,,0,36,,537,41,,,0,75,,521,41,,,0,75,,532,41,,,0,35,,528,41,,,0,75,,540,41,,,0,34,,525,41,,,0,75,,533,41,,,0,76,,529,41,,,0,38,,538,41,,,0,79,,522,41,,,0,38,,535,41,,,0,76,,526,41,,,0,74,,534,41,,,0,34,,530,41,,,0,107,,542,41,,,0,105,,545,41,,,0,105,,544,41,,,0,145,,543,41,,,0,105,,541,41,,,0
401,'Dimanche',910,,549,41,,,0,106,,550,41,,,0,105,,551,41,,,0,105,,552,41,,,0,105,,553,41,,,0,105,,554,41,,,0,106,,555,41,,,0,104,,556,41,,,0,105,,548,41,,,0,104,,547,41,,,0
401,'EventOff',644,,560,41,,,0,81,,573,41,,,0,75,,557,41,,,0,36,,568,41,,,0,75,,564,41,,,0,35,,576,41,,,0,74,,561,41,,,0,36,,574,41,,,0,75,,558,41,,,0,75,,569,41,,,0,35,,565,41,,,0,75,,577,41,,,0,34,,562,41,,,0,75,,570,41,,,0,76,,566,41,,,0,38,,575,41,,,0,79,,559,41,,,0,38,,572,41,,,0,76,,563,41,,,0,74,,571,41,,,0,34,,567,41,,,0,107,,579,41,,,0,105,,582,41,,,0,105,,581,41,,,0,145,,580,41,,,0,105,,578,41,,,0
401,'EventOn',644,,586,41,,,0,81,,599,41,,,0,75,,583,41,,,0,36,,594,41,,,0,75,,590,41,,,0,35,,602,41,,,0,74,,587,41,,,0,36,,600,41,,,0,75,,584,41,,,0,75,,595,41,,,0,35,,591,41,,,0,75,,603,41,,,0,34,,588,41,,,0,75,,596,41,,,0,76,,592,41,,,0,38,,601,41,,,0,79,,585,41,,,0,38,,598,41,,,0,76,,589,41,,,0,74,,597,41,,,0,34,,593,41,,,0,107,,605,41,,,0,105,,608,41,,,0,105,,607,41,,,0,145,,606,41,,,0,105,,604,41,,,0
401,'KerOffPriveOff',644,,613,41,,,0,81,,626,41,,,0,75,,610,41,,,0,36,,621,41,,,0,75,,617,41,,,0,35,,629,41,,,0,74,,614,41,,,0,36,,627,41,,,0,75,,611,41,,,0,75,,622,41,,,0,35,,618,41,,,0,75,,630,41,,,0,34,,615,41,,,0,75,,623,41,,,0,76,,619,41,,,0,38,,628,41,,,0,79,,612,41,,,0,38,,625,41,,,0,76,,616,41,,,0,74,,624,41,,,0,34,,620,41,,,0,107,,632,41,,,0,105,,635,41,,,0,105,,634,41,,,0,145,,633,41,,,0,105,,631,41,,,0
401,'Samedi',639,,637,41,,,0,105,,638,41,,,0,105,,639,41,,,0,105,,640,41,,,0,105,,641,41,,,0,145,,642,41,,,0,105,,643,41,,,0,105,,644,41,,,0,105,,645,41,,,0,105,,646,41,,,0,105,,647,41,,,0,105,,648,41,,,0,105,,649,41,,,0,105,,650,41,,,0,105,,651,41,,,0,105,,652,41,,,0,105,,653,41,,,0
1001,'CsRoyOff',645,,2008,28,,,0,72,,2017,28,,,0,41,,2025,28,,,0,74,,2022,28,,,0,73,,2013,28,,,0,36,,2009,28,,,0,74,,2018,28,,,0,35,,2026,28,,,0,78,,2021,28,,,0,72,,2014,28,,,0,36,,2010,28,,,0,73,,2019,28,,,0,35,,2027,28,,,0,67,,2024,28,,,0,40,,2015,28,,,0,71,,2011,28,,,0,83,,2020,28,,,0,38,,2028,28,,,0,80,,2023,28,,,0,34,,2016,28,,,0,78,,2012,28,,,0,104,,2029,28,,,0,105,,2033,28,,,0,105,,2032,28,,,0,105,,2030,28,,,0,105,,2031,28,,,0
1001,'CsRoyOffKerOff',645,,2034,28,,,0,72,,2043,28,,,0,41,,2051,28,,,0,74,,2048,28,,,0,73,,2039,28,,,0,36,,2035,28,,,0,74,,2044,28,,,0,35,,2052,28,,,0,78,,2047,28,,,0,72,,2040,28,,,0,36,,2036,28,,,0,73,,2045,28,,,0,35,,2053,28,,,0,67,,2050,28,,,0,40,,2041,28,,,0,71,,2037,28,,,0,83,,2046,28,,,0,38,,2054,28,,,0,80,,2049,28,,,0,34,,2042,28,,,0,78,,2038,28,,,0,104,,2055,28,,,0,105,,2059,28,,,0,105,,2058,28,,,0,105,,2056,28,,,0,105,,2057,28,,,0
1001,'Dimanche',906,,2062,28,,,0,106,,2063,28,,,0,104,,2064,28,,,0,105,,2065,28,,,0,106,,2066,28,,,0,105,,2067,28,,,0,103,,2068,28,,,0,104,,2069,28,,,0,106,,2061,28,,,0,104,,2060,28,,,0
1001,'EventOff',645,,2070,28,,,0,72,,2079,28,,,0,41,,2087,28,,,0,74,,2084,28,,,0,73,,2075,28,,,0,36,,2071,28,,,0,74,,2080,28,,,0,35,,2088,28,,,0,78,,2083,28,,,0,72,,2076,28,,,0,36,,2072,28,,,0,73,,2081,28,,,0,35,,2089,28,,,0,67,,2086,28,,,0,40,,2077,28,,,0,71,,2073,28,,,0,83,,2082,28,,,0,38,,2090,28,,,0,80,,2085,28,,,0,34,,2078,28,,,0,78,,2074,28,,,0,104,,2091,28,,,0,105,,2095,28,,,0,105,,2094,28,,,0,105,,2092,28,,,0,105,,2093,28,,,0
1001,'EventOn',645,,2096,28,,,0,72,,2105,28,,,0,41,,2113,28,,,0,74,,2110,28,,,0,73,,2101,28,,,0,36,,2097,28,,,0,74,,2106,28,,,0,35,,2114,28,,,0,78,,2109,28,,,0,72,,2102,28,,,0,36,,2098,28,,,0,73,,2107,28,,,0,35,,2115,28,,,0,67,,2112,28,,,0,40,,2103,28,,,0,71,,2099,28,,,0,83,,2108,28,,,0,38,,2116,28,,,0,80,,2111,28,,,0,34,,2104,28,,,0,78,,2100,28,,,0,104,,2117,28,,,0,105,,2121,28,,,0,105,,2120,28,,,0,105,,2118,28,,,0,105,,2119,28,,,0
1001,'KerOffPriveOff',645,,2122,28,,,0,72,,2131,28,,,0,41,,2139,28,,,0,74,,2136,28,,,0,73,,2127,28,,,0,36,,2123,28,,,0,74,,2132,28,,,0,35,,2140,28,,,0,78,,2135,28,,,0,72,,2128,28,,,0,36,,2124,28,,,0,73,,2133,28,,,0,35,,2141,28,,,0,67,,2138,28,,,0,40,,2129,28,,,0,71,,2125,28,,,0,83,,2134,28,,,0,38,,2142,28,,,0,80,,2137,28,,,0,34,,2130,28,,,0,78,,2126,28,,,0,104,,2143,28,,,0,105,,2147,28,,,0,105,,2146,28,,,0,105,,2144,28,,,0,105,,2145,28,,,0
1001,'Samedi',636,,2148,28,,,0,104,,2149,28,,,0,105,,2150,28,,,0,106,,2151,28,,,0,105,,2152,28,,,0,144,,2153,28,,,0,106,,2154,28,,,0,105,,2155,28,,,0,105,,2156,28,,,0,104,,2157,28,,,0,104,,2158,28,,,0,106,,2159,28,,,0,105,,2160,28,,,0,105,,2161,28,,,0,105,,2162,28,,,0,105,,2163,28,,,0,105,,2164,28,,,0
2601,'CsRoyOff',642,,4063,11,,,0,80,,4064,11,,,0,35,,4065,11,,,0,75,,4066,11,,,0,75,,4067,11,,,0,35,,4068,11,,,0,75,,4069,11,,,0,35,,4070,11,,,0,75,,4071,11,,,0,75,,4072,11,,,0,35,,4073,11,,,0,72,,4074,11,,,0,38,,4075,11,,,0,75,,4076,11,,,0,80,,4077,11,,,0,35,,4078,11,,,0,78,,4079,11,,,0,37,,4080,11,,,0,75,,4081,11,,,0,75,,4082,11,,,0,35,,4083,11,,,0,75,,4084,11,,,0,130,,4088,11,,,0,105,,4087,11,,,0,105,,4086,11,,,0,105,,4085,11,,,0
2601,'CsRoyOffKerOff',642,,4089,11,,,0,80,,4090,11,,,0,35,,4091,11,,,0,75,,4092,11,,,0,75,,4093,11,,,0,35,,4094,11,,,0,75,,4095,11,,,0,35,,4096,11,,,0,75,,4097,11,,,0,75,,4098,11,,,0,35,,4099,11,,,0,72,,4100,11,,,0,38,,4101,11,,,0,75,,4102,11,,,0,80,,4103,11,,,0,35,,4104,11,,,0,78,,4105,11,,,0,37,,4106,11,,,0,75,,4107,11,,,0,75,,4108,11,,,0,35,,4109,11,,,0,75,,4110,11,,,0,130,,4114,11,,,0,105,,4113,11,,,0,105,,4112,11,,,0,105,,4111,11,,,0
2601,'Dimanche',1007,,4117,11,,,0,105,,4119,11,,,0,105,,4120,11,,,0,105,,4118,11,,,0,105,,4121,11,,,0,105,,4122,11,,,0,105,,4123,11,,,0,105,,4116,11,,,0,105,,4115,11,,,0
2601,'EventOff',642,,4124,11,,,0,80,,4125,11,,,0,35,,4126,11,,,0,75,,4127,11,,,0,75,,4128,11,,,0,35,,4129,11,,,0,75,,4130,11,,,0,35,,4131,11,,,0,75,,4132,11,,,0,75,,4133,11,,,0,35,,4134,11,,,0,72,,4135,11,,,0,38,,4136,11,,,0,75,,4137,11,,,0,80,,4138,11,,,0,35,,4139,11,,,0,78,,4140,11,,,0,37,,4141,11,,,0,75,,4142,11,,,0,75,,4143,11,,,0,35,,4144,11,,,0,75,,4145,11,,,0,130,,4149,11,,,0,105,,4148,11,,,0,105,,4147,11,,,0,105,,4146,11,,,0
2601,'EventOn',642,,4150,11,,,0,80,,4151,11,,,0,35,,4152,11,,,0,75,,4153,11,,,0,75,,4154,11,,,0,35,,4155,11,,,0,75,,4156,11,,,0,35,,4157,11,,,0,75,,4158,11,,,0,75,,4159,11,,,0,35,,4160,11,,,0,72,,4161,11,,,0,38,,4162,11,,,0,75,,4163,11,,,0,80,,4164,11,,,0,35,,4165,11,,,0,78,,4166,11,,,0,37,,4167,11,,,0,75,,4168,11,,,0,75,,4169,11,,,0,35,,4170,11,,,0,75,,4171,11,,,0,130,,4175,11,,,0,105,,4174,11,,,0,105,,4173,11,,,0,105,,4172,11,,,0
2601,'KerOffPriveOff',642,,4176,11,,,0,80,,4177,11,,,0,35,,4178,11,,,0,75,,4179,11,,,0,75,,4180,11,,,0,35,,4181,11,,,0,75,,4182,11,,,0,35,,4183,11,,,0,75,,4184,11,,,0,75,,4185,11,,,0,35,,4186,11,,,0,72,,4187,11,,,0,38,,4188,11,,,0,75,,4189,11,,,0,80,,4190,11,,,0,35,,4191,11,,,0,78,,4192,11,,,0,37,,4193,11,,,0,75,,4194,11,,,0,75,,4195,11,,,0,35,,4196,11,,,0,75,,4197,11,,,0,130,,4201,11,,,0,105,,4200,11,,,0,105,,4199,11,,,0,105,,4198,11,,,0
2601,'Samedi',737,,4209,11,,,0,105,,4208,11,,,0,105,,4207,11,,,0,105,,4206,11,,,0,105,,4214,11,,,0,145,,4213,11,,,0,105,,4212,11,,,0,105,,4211,11,,,0,105,,4210,11,,,0,105,,4215,11,,,0,105,,4216,11,,,0,105,,4217,11,,,0,105,,4202,11,,,0,105,,4203,11,,,0,105,,4204,11,,,0,105,,4205,11,,,0
