500,'CsRoyOff',629,,654,20,,,0,76,,663,20,,,0,26,,681,20,,,0,15,,671,20,,,0,75,,668,20,,,0,35,,659,20,,,0,75,,655,20,,,0,75,,664,20,,,0,35,,672,20,,,0,75,,667,20,,,0,35,,660,20,,,0,75,,656,20,,,0,75,,665,20,,,0,35,,673,20,,,0,75,,670,20,,,0,35,,661,20,,,0,80,,657,20,,,0,78,,666,20,,,0,36,,674,20,,,0,75,,669,20,,,0,35,,662,20,,,0,74,,658,20,,,0,35,,680,20,,,0,145,,679,20,,,0,105,,678,20,,,0,105,,677,20,,,0,105,,676,20,,,0,105,,675,20,,,0
500,'CsRoyOffKerOff',629,,682,20,,,0,76,,691,20,,,0,26,,709,20,,,0,15,,699,20,,,0,75,,696,20,,,0,35,,687,20,,,0,75,,683,20,,,0,75,,692,20,,,0,35,,700,20,,,0,75,,695,20,,,0,35,,688,20,,,0,75,,684,20,,,0,75,,693,20,,,0,35,,701,20,,,0,75,,698,20,,,0,35,,689,20,,,0,80,,685,20,,,0,78,,694,20,,,0,36,,702,20,,,0,75,,697,20,,,0,35,,690,20,,,0,74,,686,20,,,0,35,,708,20,,,0,145,,707,20,,,0,105,,706,20,,,0,105,,705,20,,,0,105,,704,20,,,0,105,,703,20,,,0
500,'Dimanche',928,,712,20,,,0,105,,715,20,,,0,105,,714,20,,,0,105,,716,20,,,0,107,,717,20,,,0,105,,718,20,,,0,145,,719,20,,,0,105,,713,20,,,0,105,,710,20,,,0,103,,711,20,,,0
500,'EventOff',629,,720,20,,,0,76,,729,20,,,0,26,,747,20,,,0,15,,737,20,,,0,75,,734,20,,,0,35,,725,20,,,0,75,,721,20,,,0,75,,730,20,,,0,35,,738,20,,,0,75,,733,20,,,0,35,,726,20,,,0,75,,722,20,,,0,75,,731,20,,,0,35,,739,20,,,0,75,,736,20,,,0,35,,727,20,,,0,80,,723,20,,,0,78,,732,20,,,0,36,,740,20,,,0,75,,735,20,,,0,35,,728,20,,,0,74,,724,20,,,0,35,,746,20,,,0,145,,745,20,,,0,105,,744,20,,,0,105,,743,20,,,0,105,,742,20,,,0,105,,741,20,,,0
500,'EventOn',629,,748,20,,,0,76,,757,20,,,0,26,,775,20,,,0,15,,765,20,,,0,75,,762,20,,,0,35,,753,20,,,0,75,,749,20,,,0,75,,758,20,,,0,35,,766,20,,,0,75,,761,20,,,0,35,,754,20,,,0,75,,750,20,,,0,75,,759,20,,,0,35,,767,20,,,0,75,,764,20,,,0,35,,755,20,,,0,80,,751,20,,,0,78,,760,20,,,0,12,,776,20,,,0,24,,768,20,,,0,75,,763,20,,,0,35,,756,20,,,0,74,,752,20,,,0,35,,774,20,,,0,145,,773,20,,,0,105,,772,20,,,0,105,,771,20,,,0,105,,770,20,,,0,105,,769,20,,,0
500,'KerOffPriveOff',629,,777,20,,,0,76,,786,20,,,0,26,,804,20,,,0,15,,794,20,,,0,75,,791,20,,,0,35,,782,20,,,0,75,,778,20,,,0,75,,787,20,,,0,35,,795,20,,,0,75,,790,20,,,0,35,,783,20,,,0,75,,779,20,,,0,75,,788,20,,,0,35,,796,20,,,0,75,,793,20,,,0,35,,784,20,,,0,80,,780,20,,,0,78,,789,20,,,0,12,,805,20,,,0,24,,797,20,,,0,75,,792,20,,,0,35,,785,20,,,0,74,,781,20,,,0,35,,803,20,,,0,145,,802,20,,,0,105,,801,20,,,0,105,,800,20,,,0,105,,799,20,,,0,105,,798,20,,,0
500,'Samedi',658,,817,20,,,0,145,,806,20,,,0,105,,812,20,,,0,105,,818,20,,,0,105,,807,20,,,0,105,,813,20,,,0,107,,819,20,,,0,105,,808,20,,,0,105,,814,20,,,0,105,,820,20,,,0,105,,809,20,,,0,103,,815,20,,,0,105,,821,20,,,0,145,,810,20,,,0,105,,816,20,,,0,105,,822,20,,,0,105,,811,20,,,0
2600,'CsRoyOff',623,,3899,17,,,0,35,,3900,17,,,0,81,,3901,17,,,0,75,,3902,17,,,0,35,,3903,17,,,0,74,,3904,17,,,0,35,,3905,17,,,0,75,,3906,17,,,0,75,,3907,17,,,0,35,,3908,17,,,0,75,,3909,17,,,0,35,,3910,17,,,0,75,,3911,17,,,0,75,,3912,17,,,0,35,,3913,17,,,0,80,,3914,17,,,0,39,,3915,17,,,0,77,,3916,17,,,0,74,,3917,17,,,0,35,,3918,17,,,0,75,,3919,17,,,0,35,,3920,17,,,0,105,,3921,17,,,0,145,,3922,17,,,0,105,,3923,17,,,0,105,,3924,17,,,0,105,,3925,17,,,0
2600,'CsRoyOffKerOff',623,,3926,17,,,0,35,,3927,17,,,0,81,,3928,17,,,0,75,,3929,17,,,0,35,,3930,17,,,0,74,,3931,17,,,0,35,,3932,17,,,0,75,,3933,17,,,0,75,,3934,17,,,0,35,,3935,17,,,0,75,,3936,17,,,0,35,,3937,17,,,0,75,,3938,17,,,0,75,,3939,17,,,0,35,,3940,17,,,0,80,,3941,17,,,0,39,,3942,17,,,0,77,,3943,17,,,0,74,,3944,17,,,0,35,,3945,17,,,0,75,,3946,17,,,0,35,,3947,17,,,0,105,,3948,17,,,0,145,,3949,17,,,0,105,,3950,17,,,0,105,,3951,17,,,0,105,,3952,17,,,0
2600,'Dimanche',923,,3954,17,,,0,105,,3957,17,,,0,105,,3959,17,,,0,105,,3958,17,,,0,105,,3960,17,,,0,105,,3961,17,,,0,105,,3962,17,,,0,105,,3953,17,,,0,145,,3955,17,,,0,105,,3956,17,,,0
2600,'EventOff',623,,3963,17,,,0,35,,3964,17,,,0,81,,3965,17,,,0,75,,3966,17,,,0,35,,3967,17,,,0,74,,3968,17,,,0,35,,3969,17,,,0,75,,3970,17,,,0,75,,3971,17,,,0,35,,3972,17,,,0,75,,3973,17,,,0,35,,3974,17,,,0,75,,3975,17,,,0,75,,3976,17,,,0,35,,3977,17,,,0,80,,3978,17,,,0,39,,3979,17,,,0,77,,3980,17,,,0,74,,3981,17,,,0,35,,3982,17,,,0,75,,3983,17,,,0,35,,3984,17,,,0,105,,3985,17,,,0,145,,3986,17,,,0,105,,3987,17,,,0,105,,3988,17,,,0,105,,3989,17,,,0
2600,'EventOn',623,,3990,17,,,0,35,,3991,17,,,0,81,,3992,17,,,0,75,,3993,17,,,0,35,,3994,17,,,0,74,,3995,17,,,0,35,,3996,17,,,0,75,,3997,17,,,0,75,,3998,17,,,0,35,,3999,17,,,0,75,,4000,17,,,0,35,,4001,17,,,0,75,,4002,17,,,0,75,,4003,17,,,0,35,,4004,17,,,0,80,,4005,17,,,0,39,,4006,17,,,0,77,,4007,17,,,0,74,,4008,17,,,0,35,,4009,17,,,0,75,,4010,17,,,0,35,,4011,17,,,0,105,,4012,17,,,0,145,,4013,17,,,0,105,,4014,17,,,0,105,,4015,17,,,0,105,,4016,17,,,0
2600,'KerOffPriveOff',623,,4018,17,,,0,35,,4019,17,,,0,81,,4020,17,,,0,75,,4021,17,,,0,35,,4022,17,,,0,74,,4023,17,,,0,35,,4024,17,,,0,75,,4025,17,,,0,75,,4026,17,,,0,35,,4027,17,,,0,75,,4028,17,,,0,35,,4029,17,,,0,75,,4030,17,,,0,75,,4031,17,,,0,35,,4032,17,,,0,80,,4033,17,,,0,39,,4034,17,,,0,77,,4035,17,,,0,74,,4036,17,,,0,35,,4037,17,,,0,75,,4038,17,,,0,35,,4039,17,,,0,105,,4040,17,,,0,145,,4041,17,,,0,105,,4042,17,,,0,105,,4043,17,,,0,105,,4044,17,,,0
2600,'Samedi',653,,4055,17,,,0,105,,4054,17,,,0,145,,4053,17,,,0,105,,4052,17,,,0,105,,4051,17,,,0,105,,4060,17,,,0,105,,4059,17,,,0,105,,4058,17,,,0,105,,4057,17,,,0,105,,4056,17,,,0,105,,4061,17,,,0,105,,4062,17,,,0,105,,4047,17,,,0,105,,4048,17,,,0,145,,4049,17,,,0,105,,4050,17,,,0,105,,4046,17,,,0
5000,'CsRoyOff',643,,4263,11,,,0,65,,4262,11,,,0,16,,4218,11,,,0,15,,4219,11,,,0,62,,4220,11,,,0,18,,4221,11,,,0,17,,4222,11,,,0,18,,4223,11,,,0,56,,4224,11,,,0,15,,4225,11,,,0,20,,4226,11,,,0,55,,4227,11,,,0,19,,4228,11,,,0,15,,4229,11,,,0,20,,4230,11,,,0,55,,4231,11,,,0,20,,4232,11,,,0,15,,4233,11,,,0,60,,4234,11,,,0,15,,4235,11,,,0,20,,4236,11,,,0,15,,4237,11,,,0,60,,4238,11,,,0,15,,4239,11,,,0,19,,4240,11,,,0,55,,4241,11,,,0,20,,4242,11,,,0,15,,4243,11,,,0,21,,4244,11,,,0,55,,4245,11,,,0,24,,4246,11,,,0,19,,4247,11,,,0,59,,4248,11,,,0,18,,4249,11,,,0,21,,4250,11,,,0,56,,4251,11,,,0,20,,4252,11,,,0,16,,4253,11,,,0,58,,4254,11,,,0,16,,4255,11,,,0,19,,4256,11,,,0,15,,4257,11,,,0,168,,4258,11,,,0,105,,4259,11,,,0,105,,4260,11,,,0,105,,4261,11,,,0
5000,'CsRoyOffKerOff',643,,4309,11,,,0,65,,4308,11,,,0,16,,4264,11,,,0,15,,4265,11,,,0,62,,4266,11,,,0,18,,4267,11,,,0,17,,4268,11,,,0,18,,4269,11,,,0,56,,4270,11,,,0,15,,4271,11,,,0,20,,4272,11,,,0,55,,4273,11,,,0,19,,4274,11,,,0,15,,4275,11,,,0,20,,4276,11,,,0,55,,4277,11,,,0,20,,4278,11,,,0,15,,4279,11,,,0,60,,4280,11,,,0,15,,4281,11,,,0,20,,4282,11,,,0,15,,4283,11,,,0,60,,4284,11,,,0,15,,4285,11,,,0,19,,4286,11,,,0,55,,4287,11,,,0,20,,4288,11,,,0,15,,4289,11,,,0,21,,4290,11,,,0,55,,4291,11,,,0,24,,4292,11,,,0,19,,4293,11,,,0,59,,4294,11,,,0,18,,4295,11,,,0,21,,4296,11,,,0,56,,4297,11,,,0,20,,4298,11,,,0,16,,4299,11,,,0,58,,4300,11,,,0,16,,4301,11,,,0,19,,4302,11,,,0,15,,4303,11,,,0,168,,4304,11,,,0,105,,4305,11,,,0,105,,4306,11,,,0,105,,4307,11,,,0
5000,'Dimanche',947,,4310,11,,,0,105,,4313,11,,,0,105,,4315,11,,,0,145,,4314,11,,,0,105,,4316,11,,,0,105,,4317,11,,,0,106,,4318,11,,,0,105,,4311,11,,,0,105,,4312,11,,,0
5000,'EventOff',643,,4364,11,,,0,65,,4363,11,,,0,16,,4319,11,,,0,15,,4320,11,,,0,62,,4321,11,,,0,18,,4322,11,,,0,17,,4323,11,,,0,18,,4324,11,,,0,56,,4325,11,,,0,15,,4326,11,,,0,20,,4327,11,,,0,55,,4328,11,,,0,19,,4329,11,,,0,15,,4330,11,,,0,20,,4331,11,,,0,55,,4332,11,,,0,20,,4333,11,,,0,15,,4334,11,,,0,60,,4335,11,,,0,15,,4336,11,,,0,20,,4337,11,,,0,15,,4338,11,,,0,60,,4339,11,,,0,15,,4340,11,,,0,19,,4341,11,,,0,55,,4342,11,,,0,20,,4343,11,,,0,15,,4344,11,,,0,21,,4345,11,,,0,55,,4346,11,,,0,24,,4347,11,,,0,19,,4348,11,,,0,59,,4349,11,,,0,18,,4350,11,,,0,21,,4351,11,,,0,56,,4352,11,,,0,20,,4353,11,,,0,16,,4354,11,,,0,58,,4355,11,,,0,16,,4356,11,,,0,19,,4357,11,,,0,15,,4358,11,,,0,168,,4359,11,,,0,105,,4360,11,,,0,105,,4361,11,,,0,105,,4362,11,,,0
5000,'EventOn',643,,4410,11,,,0,65,,4409,11,,,0,16,,4365,11,,,0,15,,4366,11,,,0,62,,4367,11,,,0,18,,4368,11,,,0,17,,4369,11,,,0,18,,4370,11,,,0,56,,4371,11,,,0,15,,4372,11,,,0,20,,4373,11,,,0,55,,4374,11,,,0,19,,4375,11,,,0,15,,4376,11,,,0,20,,4377,11,,,0,55,,4378,11,,,0,20,,4379,11,,,0,15,,4380,11,,,0,60,,4381,11,,,0,15,,4382,11,,,0,20,,4383,11,,,0,15,,4384,11,,,0,60,,4385,11,,,0,15,,4386,11,,,0,19,,4387,11,,,0,55,,4388,11,,,0,20,,4389,11,,,0,15,,4390,11,,,0,21,,4391,11,,,0,55,,4392,11,,,0,24,,4393,11,,,0,19,,4394,11,,,0,59,,4395,11,,,0,18,,4396,11,,,0,21,,4397,11,,,0,56,,4398,11,,,0,20,,4399,11,,,0,16,,4400,11,,,0,58,,4401,11,,,0,16,,4402,11,,,0,19,,4403,11,,,0,15,,4404,11,,,0,168,,4405,11,,,0,105,,4406,11,,,0,105,,4407,11,,,0,105,,4408,11,,,0
5000,'KerOffPriveOff',643,,4456,11,,,0,65,,4455,11,,,0,16,,4411,11,,,0,15,,4412,11,,,0,62,,4413,11,,,0,18,,4414,11,,,0,17,,4415,11,,,0,18,,4416,11,,,0,56,,4417,11,,,0,15,,4418,11,,,0,20,,4419,11,,,0,55,,4420,11,,,0,19,,4421,11,,,0,15,,4422,11,,,0,20,,4423,11,,,0,55,,4424,11,,,0,20,,4425,11,,,0,15,,4426,11,,,0,60,,4427,11,,,0,15,,4428,11,,,0,20,,4429,11,,,0,15,,4430,11,,,0,60,,4431,11,,,0,15,,4432,11,,,0,19,,4433,11,,,0,55,,4434,11,,,0,20,,4435,11,,,0,15,,4436,11,,,0,21,,4437,11,,,0,55,,4438,11,,,0,24,,4439,11,,,0,19,,4440,11,,,0,59,,4441,11,,,0,18,,4442,11,,,0,21,,4443,11,,,0,56,,4444,11,,,0,20,,4445,11,,,0,16,,4446,11,,,0,58,,4447,11,,,0,16,,4448,11,,,0,19,,4449,11,,,0,15,,4450,11,,,0,168,,4451,11,,,0,105,,4452,11,,,0,105,,4453,11,,,0,105,,4454,11,,,0
5000,'Samedi',717,,4464,11,,,0,107,,4463,11,,,0,103,,4462,11,,,0,105,,4461,11,,,0,105,,4469,11,,,0,105,,4468,11,,,0,105,,4467,11,,,0,105,,4466,11,,,0,107,,4465,11,,,0,144,,4472,11,,,0,105,,4470,11,,,0,105,,4471,11,,,0,105,,4457,11,,,0,105,,4458,11,,,0,105,,4459,11,,,0,105,,4460,11,,,0
6001,'CsRoyOff',612,,4678,12,,,0,34,,4652,36,,,0,73,,4663,36,,,0,82,,4653,36,,,0,34,,4664,36,,,0,72,,4654,36,,,0,36,,4665,36,,,0,74,,4655,36,,,0,35,,4666,36,,,0,75,,4656,36,,,0,75,,4667,36,,,0,35,,4657,36,,,0,73,,4668,36,,,0,35,,4658,36,,,0,67,,4669,36,,,0,40,,4679,36,,,0,71,,4659,36,,,0,84,,4670,36,,,0,30,,4660,36,,,0,78,,4671,36,,,0,36,,4661,36,,,0,75,,4672,36,,,0,29,,4662,36,,,0,153,,4675,36,,,0,105,,4677,36,,,0,105,,4676,36,,,0,105,,4674,36,,,0,103,,4673,36,,,0
6001,'CsRoyOffKerOff',612,,4706,12,,,0,34,,4680,36,,,0,73,,4691,36,,,0,82,,4681,36,,,0,34,,4692,36,,,0,72,,4682,36,,,0,36,,4693,36,,,0,74,,4683,36,,,0,35,,4694,36,,,0,75,,4684,36,,,0,75,,4695,36,,,0,35,,4685,36,,,0,73,,4696,36,,,0,35,,4686,36,,,0,67,,4697,36,,,0,40,,4707,36,,,0,71,,4687,36,,,0,84,,4698,36,,,0,30,,4688,36,,,0,78,,4699,36,,,0,36,,4689,36,,,0,75,,4700,36,,,0,29,,4690,36,,,0,153,,4703,36,,,0,105,,4705,36,,,0,105,,4704,36,,,0,105,,4702,36,,,0,103,,4701,36,,,0
6001,'Dimanche',933,,4708,36,,,0,104,,4710,36,,,0,106,,4711,36,,,0,105,,4713,36,,,0,107,,4714,36,,,0,103,,4715,36,,,0,145,,4716,36,,,0,104,,4717,36,,,0,106,,4712,36,,,0,105,,4709,36,,,0
6001,'EventOff',612,,4744,12,,,0,34,,4718,36,,,0,73,,4729,36,,,0,82,,4719,36,,,0,34,,4730,36,,,0,72,,4720,36,,,0,36,,4731,36,,,0,74,,4721,36,,,0,35,,4732,36,,,0,75,,4722,36,,,0,75,,4733,36,,,0,35,,4723,36,,,0,73,,4734,36,,,0,35,,4724,36,,,0,67,,4735,36,,,0,40,,4745,36,,,0,71,,4725,36,,,0,84,,4736,36,,,0,30,,4726,36,,,0,78,,4737,36,,,0,36,,4727,36,,,0,75,,4738,36,,,0,29,,4728,36,,,0,153,,4741,36,,,0,105,,4743,36,,,0,105,,4742,36,,,0,105,,4740,36,,,0,103,,4739,36,,,0
6001,'EventOn',612,,4772,12,,,0,34,,4746,36,,,0,73,,4757,36,,,0,82,,4747,36,,,0,34,,4758,36,,,0,72,,4748,36,,,0,36,,4759,36,,,0,74,,4749,36,,,0,35,,4760,36,,,0,75,,4750,36,,,0,75,,4761,36,,,0,35,,4751,36,,,0,73,,4762,36,,,0,35,,4752,36,,,0,67,,4763,36,,,0,40,,4773,36,,,0,71,,4753,36,,,0,84,,4764,36,,,0,30,,4754,36,,,0,78,,4765,36,,,0,36,,4755,36,,,0,75,,4766,36,,,0,29,,4756,36,,,0,153,,4769,36,,,0,105,,4771,36,,,0,105,,4770,36,,,0,105,,4768,36,,,0,103,,4767,36,,,0
6001,'KerOffPriveOff',612,,4803,12,,,0,34,,4777,36,,,0,73,,4788,36,,,0,82,,4778,36,,,0,34,,4789,36,,,0,72,,4779,36,,,0,36,,4790,36,,,0,74,,4780,36,,,0,35,,4791,36,,,0,75,,4781,36,,,0,75,,4792,36,,,0,35,,4782,36,,,0,73,,4793,36,,,0,35,,4783,36,,,0,67,,4794,36,,,0,40,,4804,36,,,0,71,,4784,36,,,0,84,,4795,36,,,0,30,,4785,36,,,0,78,,4796,36,,,0,36,,4786,36,,,0,75,,4797,36,,,0,29,,4787,36,,,0,153,,4800,36,,,0,105,,4802,36,,,0,105,,4801,36,,,0,105,,4799,36,,,0,103,,4798,36,,,0
6001,'Samedi',703,,4813,36,,,0,105,,4819,36,,,0,105,,4808,36,,,0,105,,4814,36,,,0,106,,4820,36,,,0,105,,4809,36,,,0,106,,4815,36,,,0,105,,4821,36,,,0,105,,4810,36,,,0,103,,4816,36,,,0,105,,4822,36,,,0,105,,4811,36,,,0,145,,4817,36,,,0,105,,4823,36,,,0,105,,4812,36,,,0,105,,4818,36,,,0,105,,4824,36,,,0
111800501,'CsRoyOff',801,,4941,30,,,0
111800501,'EventOn',801,,4944,30,,,0
