6001,'CsRoyOff',621,,4652,2,,,0,30,,4663,2,,,0,78,,4653,2,,,0,76,,4664,2,,,0,36,,4654,2,,,0,76,,4665,2,,,0,34,,4655,2,,,0,75,,4666,2,,,0,75,,4656,2,,,0,35,,4667,2,,,0,75,,4657,2,,,0,34,,4668,2,,,0,75,,4658,2,,,0,27,,4669,2,,,0,80,,4679,2,,,0,31,,4659,2,,,0,83,,4670,2,,,0,72,,4660,2,,,0,38,,4671,2,,,0,76,,4661,2,,,0,75,,4672,2,,,0,30,,4662,2,,,0,111,,4675,2,,,0,105,,4677,2,,,0,105,,4676,2,,,0,105,,4674,2,,,0,145,,4673,2,,,0
6001,'CsRoyOffKerOff',621,,4680,2,,,0,30,,4691,2,,,0,78,,4681,2,,,0,76,,4692,2,,,0,36,,4682,2,,,0,76,,4693,2,,,0,34,,4683,2,,,0,75,,4694,2,,,0,75,,4684,2,,,0,35,,4695,2,,,0,75,,4685,2,,,0,34,,4696,2,,,0,75,,4686,2,,,0,27,,4697,2,,,0,80,,4707,2,,,0,31,,4687,2,,,0,83,,4698,2,,,0,72,,4688,2,,,0,38,,4699,2,,,0,76,,4689,2,,,0,75,,4700,2,,,0,30,,4690,2,,,0,111,,4703,2,,,0,105,,4705,2,,,0,105,,4704,2,,,0,105,,4702,2,,,0,145,,4701,2,,,0
6001,'Dimanche',909,,4708,2,,,0,105,,4710,2,,,0,105,,4711,2,,,0,104,,4713,2,,,0,105,,4714,2,,,0,105,,4715,2,,,0,105,,4716,2,,,0,105,,4717,2,,,0,106,,4712,2,,,0,105,,4709,2,,,0
6001,'EventOff',621,,4718,2,,,0,30,,4729,2,,,0,78,,4719,2,,,0,76,,4730,2,,,0,36,,4720,2,,,0,76,,4731,2,,,0,34,,4721,2,,,0,75,,4732,2,,,0,75,,4722,2,,,0,35,,4733,2,,,0,75,,4723,2,,,0,34,,4734,2,,,0,75,,4724,2,,,0,27,,4735,2,,,0,80,,4745,2,,,0,31,,4725,2,,,0,83,,4736,2,,,0,72,,4726,2,,,0,38,,4737,2,,,0,76,,4727,2,,,0,75,,4738,2,,,0,30,,4728,2,,,0,111,,4741,2,,,0,105,,4743,2,,,0,105,,4742,2,,,0,105,,4740,2,,,0,145,,4739,2,,,0
6001,'EventOn',621,,4746,2,,,0,30,,4757,2,,,0,78,,4747,2,,,0,74,,4774,2,0,19,0,2,,4758,2,,,0,36,,4748,2,,,0,76,,4759,2,,,0,34,,4749,2,,,0,75,,4760,2,,,0,75,,4750,2,,,0,35,,4761,2,,,0,75,,4751,2,,,0,34,,4762,2,,,0,75,,4752,2,,,0,27,,4763,2,,,0,80,,4773,2,,,0,31,,4753,2,,,0,83,,4764,2,,,0,1,,4776,2,0,14 15,0,71,,4754,2,,,0,38,,4765,2,,,0,76,,4755,2,,,0,75,,4766,2,,,0,30,,4756,2,,,0,111,,4769,2,,,0,105,,4771,2,,,0,105,,4770,2,,,0,105,,4768,2,,,0,145,,4767,2,,,0
6001,'KerOffPriveOff',621,,4777,2,,,0,30,,4788,2,,,0,78,,4778,2,,,0,74,,4805,2,0,19,0,2,,4789,2,,,0,36,,4779,2,,,0,76,,4790,2,,,0,34,,4780,2,,,0,75,,4791,2,,,0,75,,4781,2,,,0,35,,4792,2,,,0,75,,4782,2,,,0,34,,4793,2,,,0,75,,4783,2,,,0,27,,4794,2,,,0,80,,4804,2,,,0,31,,4784,2,,,0,83,,4795,2,,,0,1,,4807,2,0,14 15,0,71,,4785,2,,,0,38,,4796,2,,,0,76,,4786,2,,,0,75,,4797,2,,,0,30,,4787,2,,,0,111,,4800,2,,,0,105,,4802,2,,,0,105,,4801,2,,,0,105,,4799,2,,,0,145,,4798,2,,,0
6001,'Samedi',639,,4813,2,,,0,105,,4819,2,,,0,105,,4808,2,,,0,105,,4814,2,,,0,104,,4820,2,,,0,145,,4809,2,,,0,106,,4815,2,,,0,105,,4821,2,,,0,105,,4810,2,,,0,104,,4816,2,,,0,105,,4822,2,,,0,106,,4811,2,,,0,105,,4817,2,,,0,105,,4823,2,,,0,105,,4812,2,,,0,105,,4818,2,,,0,105,,4824,2,,,0
111800501,'CsRoyOff',734,,4941,2,,,0,880,,4942,2,0,14 15,0
111800501,'CsRoyOffKerOff',1614,,4943,2,0,14 15,0
111800501,'EventOn',734,,4944,2,,,0,880,,4945,2,0,14 15,0
19200300001,'CsRoyOff',734,,5015,2,0,11 18,0
19200300001,'CsRoyOffKerOff',734,,5016,2,0,11 18,0
19200300001,'EventOn',734,,5017,2,0,11 18,0
