901,'CsRoyOff',614,,1744,11,,,0,24,,1758,11,,,0,68,,1762,12,0,5,0,5,,1763,12,0,6,0,3,,1745,11,,,0,40,,1757,11,,,0,74,,1746,11,,,0,76,,1759,11,,,0,35,,1747,11,,,0,110,,1748,11,,,0,151,,1749,11,,,0,109,,1750,11,,,0,111,,1751,11,,,0,35,,1756,11,,,0,76,,1752,11,,,0,79,,1755,11,,,0,37,,1753,11,,,0,77,,1760,11,,,0,76,,1754,11,,,0,110,,1761,11,,,0
901,'CsRoyOffKerOff',614,,1764,11,,,0,24,,1778,11,,,0,68,,1782,12,0,5,0,8,,1765,11,,,0,40,,1777,11,,,0,74,,1766,11,,,0,76,,1779,11,,,0,35,,1767,11,,,0,110,,1768,11,,,0,151,,1769,11,,,0,109,,1770,11,,,0,111,,1771,11,,,0,35,,1776,11,,,0,76,,1772,11,,,0,79,,1775,11,,,0,37,,1773,11,,,0,77,,1780,11,,,0,76,,1774,11,,,0,110,,1781,11,,,0
901,'EventOff',614,,1783,11,,,0,24,,1797,11,,,0,76,,1784,11,,,0,40,,1796,11,,,0,74,,1785,11,,,0,76,,1798,11,,,0,35,,1786,11,,,0,110,,1787,11,,,0,151,,1788,11,,,0,109,,1789,11,,,0,111,,1790,11,,,0,35,,1795,11,,,0,76,,1791,11,,,0,79,,1794,11,,,0,37,,1792,11,,,0,77,,1799,11,,,0,76,,1793,11,,,0,110,,1800,11,,,0
901,'EventOn',614,,1801,11,,,0,24,,1815,11,,,0,68,,1819,12,0,5,0,5,,1820,12,0,6,0,3,,1802,11,,,0,40,,1814,11,,,0,74,,1803,11,,,0,76,,1816,11,,,0,35,,1804,11,,,0,110,,1805,11,,,0,151,,1806,11,,,0,109,,1807,11,,,0,111,,1808,11,,,0,35,,1813,11,,,0,76,,1809,11,,,0,79,,1812,11,,,0,37,,1810,11,,,0,77,,1817,11,,,0,76,,1811,11,,,0,110,,1818,11,,,0
901,'KerOffPriveOff',614,,1821,11,,,0,24,,1835,11,,,0,76,,1822,11,,,0,40,,1834,11,,,0,74,,1823,11,,,0,76,,1836,11,,,0,35,,1824,11,,,0,110,,1825,11,,,0,151,,1826,11,,,0,109,,1827,11,,,0,111,,1828,11,,,0,35,,1833,11,,,0,76,,1829,11,,,0,79,,1832,11,,,0,37,,1830,11,,,0,77,,1837,11,,,0,76,,1831,11,,,0,110,,1838,11,,,0
8901,'CsRoyOff',2015,,4880,11,,,0,105,,4879,11,,,0,105,,4878,11,,,0,105,,4877,11,,,0
8901,'CsRoyOffKerOff',2015,,4884,11,,,0,105,,4883,11,,,0,105,,4882,11,,,0,105,,4881,11,,,0
8901,'Dimanche',832,,4886,11,,,0,105,,4888,11,,,0,106,,4890,11,,,0,105,,4891,11,,,0,105,,4892,11,,,0,105,,4893,11,,,0,145,,4894,11,,,0,105,,4895,11,,,0,105,,4885,11,,,0,104,,4889,11,,,0,101,,4887,11,,,0
8901,'EventOff',2015,,4899,11,,,0,105,,4898,11,,,0,105,,4897,11,,,0,105,,4896,11,,,0
8901,'EventOn',2015,,4903,11,,,0,105,,4902,11,,,0,105,,4901,11,,,0,105,,4900,11,,,0
8901,'KerOffPriveOff',2015,,4907,11,,,0,105,,4906,11,,,0,105,,4905,11,,,0,105,,4904,11,,,0
8901,'Samedi',708,,4916,11,,,0,105,,4908,11,,,0,106,,4917,11,,,0,105,,4909,11,,,0,105,,4918,11,,,0,105,,4910,11,,,0,104,,4919,11,,,0,105,,4911,11,,,0,105,,4920,11,,,0,106,,4912,11,,,0,104,,4921,11,,,0,145,,4913,11,,,0,105,,4922,11,,,0,105,,4914,11,,,0,105,,4923,11,,,0,105,,4915,11,,,0
