1300,'CsRoyOff',630,,2737,22,,,0,75,,2726,22,,,0,44,,2743,22,,,0,74,,2732,22,,,0,34,,2738,22,,,0,74,,2727,22,,,0,75,,2744,22,,,0,35,,2733,22,,,0,76,,2739,22,,,0,35,,2728,22,,,0,75,,2745,22,,,0,74,,2734,22,,,0,35,,2740,22,,,0,75,,2729,22,,,0,35,,2746,22,,,0,80,,2735,22,,,0,78,,2741,22,,,0,37,,2730,22,,,0,75,,2747,22,,,0,34,,2736,22,,,0,75,,2742,22,,,0,75,,2731,22,,,0,105,,2752,22,,,0,104,,2751,22,,,0,105,,2750,22,,,0,105,,2749,22,,,0,105,,2748,22,,,0
1300,'CsRoyOffKerOff',630,,2764,22,,,0,75,,2753,22,,,0,44,,2770,22,,,0,74,,2759,22,,,0,34,,2765,22,,,0,74,,2754,22,,,0,75,,2771,22,,,0,35,,2760,22,,,0,76,,2766,22,,,0,35,,2755,22,,,0,75,,2772,22,,,0,74,,2761,22,,,0,35,,2767,22,,,0,75,,2756,22,,,0,35,,2773,22,,,0,80,,2762,22,,,0,78,,2768,22,,,0,37,,2757,22,,,0,75,,2774,22,,,0,34,,2763,22,,,0,75,,2769,22,,,0,75,,2758,22,,,0,105,,2779,22,,,0,104,,2778,22,,,0,105,,2777,22,,,0,105,,2776,22,,,0,105,,2775,22,,,0
1300,'Dimanche',929,,2783,22,,,0,105,,2784,22,,,0,106,,2785,22,,,0,105,,2786,22,,,0,105,,2787,22,,,0,105,,2788,22,,,0,145,,2789,22,,,0,105,,2782,22,,,0,105,,2780,22,,,0,104,,2781,22,,,0
1300,'EventOff',630,,2801,22,,,0,75,,2790,22,,,0,44,,2807,22,,,0,74,,2796,22,,,0,34,,2802,22,,,0,74,,2791,22,,,0,75,,2808,22,,,0,35,,2797,22,,,0,76,,2803,22,,,0,35,,2792,22,,,0,75,,2809,22,,,0,74,,2798,22,,,0,35,,2804,22,,,0,75,,2793,22,,,0,35,,2810,22,,,0,80,,2799,22,,,0,78,,2805,22,,,0,37,,2794,22,,,0,75,,2811,22,,,0,34,,2800,22,,,0,75,,2806,22,,,0,75,,2795,22,,,0,105,,2816,22,,,0,104,,2815,22,,,0,105,,2814,22,,,0,105,,2813,22,,,0,105,,2812,22,,,0
1300,'EventOn',630,,2828,22,,,0,75,,2817,22,,,0,44,,2834,22,,,0,74,,2823,22,,,0,34,,2829,22,,,0,74,,2818,22,,,0,75,,2835,22,,,0,35,,2824,22,,,0,76,,2830,22,,,0,35,,2819,22,,,0,75,,2836,22,,,0,74,,2825,22,,,0,35,,2831,22,,,0,75,,2820,22,,,0,35,,2837,22,,,0,80,,2826,22,,,0,78,,2832,22,,,0,12,,2846,22,,,0,25,,2821,22,,,0,75,,2838,22,,,0,34,,2827,22,,,0,75,,2833,22,,,0,75,,2822,22,,,0,105,,2843,22,,,0,104,,2842,22,,,0,105,,2841,22,,,0,105,,2840,22,,,0,105,,2839,22,,,0
1300,'KerOffPriveOff',630,,2858,22,,,0,75,,2847,22,,,0,44,,2864,22,,,0,74,,2853,22,,,0,34,,2859,22,,,0,74,,2848,22,,,0,75,,2865,22,,,0,35,,2854,22,,,0,76,,2860,22,,,0,35,,2849,22,,,0,75,,2866,22,,,0,74,,2855,22,,,0,35,,2861,22,,,0,75,,2850,22,,,0,35,,2867,22,,,0,80,,2856,22,,,0,78,,2862,22,,,0,12,,2876,22,,,0,25,,2851,22,,,0,75,,2868,22,,,0,34,,2857,22,,,0,75,,2863,22,,,0,75,,2852,22,,,0,105,,2873,22,,,0,104,,2872,22,,,0,105,,2871,22,,,0,105,,2870,22,,,0,105,,2869,22,,,0
1300,'Samedi',659,,2885,22,,,0,145,,2877,22,,,0,105,,2886,22,,,0,107,,2878,22,,,0,105,,2887,22,,,0,105,,2879,22,,,0,105,,2888,22,,,0,105,,2880,22,,,0,105,,2889,22,,,0,105,,2881,22,,,0,105,,2890,22,,,0,104,,2882,22,,,0,145,,2891,22,,,0,105,,2883,22,,,0,105,,2892,22,,,0,105,,2884,22,,,0,104,,2893,22,,,0
1400,'CsRoyOff',633,,3062,6,,,0,70,,3063,6,,,0,30,,3061,6,,,0,100,,3060,6,,,0,685,,3059,6,,,0,100,,3057,6,,,0,100,,3058,6,,,0
1400,'CsRoyOffKerOff',633,,3069,6,,,0,70,,3070,6,,,0,30,,3068,6,,,0,100,,3067,6,,,0,685,,3066,6,,,0,100,,3064,6,,,0,100,,3065,6,,,0
1400,'EventOff',633,,3076,6,,,0,70,,3077,6,,,0,30,,3075,6,,,0,100,,3074,6,,,0,685,,3073,6,,,0,100,,3071,6,,,0,100,,3072,6,,,0
1400,'EventOn',633,,3083,6,,,0,70,,3084,6,,,0,30,,3082,6,,,0,100,,3081,6,,,0,685,,3080,6,,,0,100,,3078,6,,,0,100,,3079,6,,,0
1400,'KerOffPriveOff',633,,3090,6,,,0,70,,3091,6,,,0,30,,3089,6,,,0,100,,3088,6,,,0,685,,3087,6,,,0,100,,3085,6,,,0,100,,3086,6,,,0
