600,'CsRoyOff',638,,1003,8,,,0,80,,995,8,,,0,20,,1015,8,0,6,0,15,,988,8,,,0,75,,999,8,,,0,73,,1005,8,,,0,35,,994,8,,,0,75,,996,8,,,0,35,,989,8,,,0,75,,1000,8,,,0,35,,1006,8,,,0,75,,992,8,,,0,75,,997,8,,,0,35,,990,8,,,0,76,,1001,8,,,0,35,,1007,8,,,0,80,,1004,8,,,0,76,,998,8,,,0,39,,991,8,,,0,75,,1002,8,,,0,35,,1008,8,,,0,74,,993,8,,,0,109,,1010,8,,,0,99,,1013,8,,,0,105,,1012,8,,,0,107,,1011,8,,,0,103,,1009,8,,,0
600,'CsRoyOffKerOff',638,,1031,8,,,0,80,,1023,8,,,0,35,,1016,8,,,0,75,,1027,8,,,0,73,,1033,8,,,0,35,,1022,8,,,0,75,,1024,8,,,0,35,,1017,8,,,0,75,,1028,8,,,0,35,,1034,8,,,0,75,,1020,8,,,0,75,,1025,8,,,0,35,,1018,8,,,0,76,,1029,8,,,0,35,,1035,8,,,0,80,,1032,8,,,0,76,,1026,8,,,0,39,,1019,8,,,0,75,,1030,8,,,0,35,,1036,8,,,0,74,,1021,8,,,0,109,,1038,8,,,0,99,,1041,8,,,0,105,,1040,8,,,0,107,,1039,8,,,0,103,,1037,8,,,0
600,'Dimanche',858,,1044,8,,,0,145,,1047,8,,,0,106,,1046,8,,,0,106,,1048,8,,,0,105,,1049,8,,,0,105,,1050,8,,,0,105,,1051,8,,,0,105,,1052,8,,,0,105,,1043,8,,,0,104,,1045,8,,,0
600,'EventOff',638,,1068,8,,,0,80,,1060,8,,,0,35,,1053,8,,,0,75,,1064,8,,,0,73,,1070,8,,,0,35,,1059,8,,,0,75,,1061,8,,,0,35,,1054,8,,,0,75,,1065,8,,,0,35,,1071,8,,,0,75,,1057,8,,,0,75,,1062,8,,,0,35,,1055,8,,,0,76,,1066,8,,,0,35,,1072,8,,,0,80,,1069,8,,,0,76,,1063,8,,,0,39,,1056,8,,,0,75,,1067,8,,,0,35,,1073,8,,,0,74,,1058,8,,,0,109,,1075,8,,,0,99,,1078,8,,,0,105,,1077,8,,,0,107,,1076,8,,,0,103,,1074,8,,,0
600,'EventOn',638,,1095,8,,,0,80,,1087,8,,,0,20,,1107,8,0,6,0,15,,1080,8,,,0,75,,1091,8,,,0,73,,1097,8,,,0,35,,1086,8,,,0,75,,1088,8,,,0,35,,1081,8,,,0,75,,1092,8,,,0,35,,1098,8,,,0,75,,1084,8,,,0,75,,1089,8,,,0,35,,1082,8,,,0,76,,1093,8,,,0,35,,1099,8,,,0,80,,1096,8,,,0,76,,1090,8,,,0,39,,1083,8,,,0,75,,1094,8,,,0,35,,1100,8,,,0,74,,1085,8,,,0,109,,1102,8,,,0,99,,1105,8,,,0,105,,1104,8,,,0,107,,1103,8,,,0,103,,1101,8,,,0
600,'KerOffPriveOff',638,,1124,8,,,0,80,,1116,8,,,0,35,,1109,8,,,0,75,,1120,8,,,0,73,,1126,8,,,0,35,,1115,8,,,0,75,,1117,8,,,0,35,,1110,8,,,0,75,,1121,8,,,0,35,,1127,8,,,0,75,,1113,8,,,0,75,,1118,8,,,0,35,,1111,8,,,0,76,,1122,8,,,0,35,,1128,8,,,0,80,,1125,8,,,0,76,,1119,8,,,0,39,,1112,8,,,0,75,,1123,8,,,0,35,,1129,8,,,0,74,,1114,8,,,0,109,,1131,8,,,0,99,,1134,8,,,0,105,,1133,8,,,0,107,,1132,8,,,0,103,,1130,8,,,0
600,'Samedi',632,,1137,8,,,0,103,,1146,8,,,0,105,,1138,8,,,0,106,,1147,8,,,0,105,,1139,8,,,0,105,,1148,8,,,0,145,,1140,8,,,0,104,,1149,8,,,0,104,,1141,8,,,0,106,,1150,8,,,0,106,,1142,8,,,0,104,,1151,8,,,0,105,,1143,8,,,0,105,,1152,8,,,0,105,,1144,8,,,0,105,,1153,8,,,0,105,,1145,8,,,0
8900,'CsRoyOff',1939,,4827,8,,,0,100,,4829,8,,,0,105,,4828,8,,,0,107,,4826,8,,,0,103,,4825,8,,,0
8900,'CsRoyOffKerOff',1939,,4832,8,,,0,100,,4834,8,,,0,105,,4833,8,,,0,107,,4831,8,,,0,103,,4830,8,,,0
8900,'Dimanche',858,,4836,8,,,0,145,,4838,8,,,0,106,,4839,8,,,0,105,,4840,8,,,0,105,,4842,8,,,0,105,,4841,8,,,0,105,,4843,8,,,0,105,,4844,8,,,0,105,,4835,8,,,0,104,,4837,8,,,0
8900,'EventOff',1939,,4847,8,,,0,100,,4849,8,,,0,105,,4848,8,,,0,107,,4846,8,,,0,103,,4845,8,,,0
8900,'EventOn',1939,,4852,8,,,0,100,,4854,8,,,0,105,,4853,8,,,0,107,,4851,8,,,0,103,,4850,8,,,0
8900,'KerOffPriveOff',1939,,4857,8,,,0,100,,4859,8,,,0,105,,4858,8,,,0,107,,4856,8,,,0,103,,4855,8,,,0
8900,'Samedi',631,,4876,8,,,0,103,,4860,8,,,0,105,,4868,8,,,0,106,,4861,8,,,0,105,,4869,8,,,0,105,,4862,8,,,0,145,,4870,8,,,0,104,,4863,8,,,0,104,,4871,8,,,0,106,,4864,8,,,0,106,,4872,8,,,0,104,,4865,8,,,0,105,,4873,8,,,0,105,,4866,8,,,0,105,,4874,8,,,0,105,,4867,8,,,0,105,,4875,8,,,0
160900101,'EventOn',738,,4948,8,,,0
160900101,'KerOffPriveOff',738,,4949,8,,,0
