901,'CsRoyOff',620,,1744,27,,,0,24,,1758,27,,,0,76,,1762,36,0,5,0,1,,1745,27,,,0,8,,1763,36,0,6,0,71,,1757,27,,,0,34,,1746,27,,,0,76,,1759,27,,,0,35,,1747,27,,,0,110,,1748,27,,,0,151,,1749,27,,,0,109,,1750,27,,,0,111,,1751,27,,,0,76,,1756,27,,,0,36,,1752,27,,,0,79,,1755,27,,,0,37,,1753,27,,,0,77,,1760,27,,,0,75,,1754,27,,,0,110,,1761,27,,,0
901,'CsRoyOffKerOff',620,,1764,27,,,0,24,,1778,27,,,0,76,,1782,36,0,5,0,1,,1765,27,,,0,79,,1777,27,,,0,34,,1766,27,,,0,76,,1779,27,,,0,35,,1767,27,,,0,110,,1768,27,,,0,151,,1769,27,,,0,109,,1770,27,,,0,111,,1771,27,,,0,76,,1776,27,,,0,36,,1772,27,,,0,79,,1775,27,,,0,37,,1773,27,,,0,77,,1780,27,,,0,75,,1774,27,,,0,110,,1781,27,,,0
901,'EventOff',620,,1783,27,,,0,24,,1797,27,,,0,77,,1784,27,,,0,79,,1796,27,,,0,34,,1785,27,,,0,76,,1798,27,,,0,35,,1786,27,,,0,110,,1787,27,,,0,151,,1788,27,,,0,109,,1789,27,,,0,111,,1790,27,,,0,76,,1795,27,,,0,36,,1791,27,,,0,79,,1794,27,,,0,37,,1792,27,,,0,77,,1799,27,,,0,75,,1793,27,,,0,110,,1800,27,,,0
901,'EventOn',620,,1801,27,,,0,24,,1815,27,,,0,76,,1819,36,0,5,0,1,,1802,27,,,0,8,,1820,36,0,6,0,71,,1814,27,,,0,34,,1803,27,,,0,76,,1816,27,,,0,35,,1804,27,,,0,110,,1805,27,,,0,151,,1806,27,,,0,109,,1807,27,,,0,111,,1808,27,,,0,76,,1813,27,,,0,36,,1809,27,,,0,79,,1812,27,,,0,37,,1810,27,,,0,77,,1817,27,,,0,75,,1811,27,,,0,110,,1818,27,,,0
901,'KerOffPriveOff',620,,1821,27,,,0,24,,1835,27,,,0,77,,1822,27,,,0,79,,1834,27,,,0,34,,1823,27,,,0,76,,1836,27,,,0,35,,1824,27,,,0,110,,1825,27,,,0,151,,1826,27,,,0,109,,1827,27,,,0,111,,1828,27,,,0,76,,1833,27,,,0,36,,1829,27,,,0,79,,1832,27,,,0,37,,1830,27,,,0,77,,1837,27,,,0,75,,1831,27,,,0,110,,1838,27,,,0
8901,'CsRoyOff',2021,,4880,27,,,0,105,,4879,27,,,0,105,,4878,27,,,0,105,,4877,27,,,0
8901,'CsRoyOffKerOff',2021,,4884,27,,,0,105,,4883,27,,,0,105,,4882,27,,,0,105,,4881,27,,,0
8901,'Dimanche',839,,4886,27,,,0,105,,4888,27,,,0,106,,4890,27,,,0,105,,4891,27,,,0,145,,4892,27,,,0,105,,4893,27,,,0,105,,4894,27,,,0,105,,4895,27,,,0,105,,4885,27,,,0,104,,4889,27,,,0,101,,4887,27,,,0
8901,'EventOff',2021,,4899,27,,,0,105,,4898,27,,,0,105,,4897,27,,,0,105,,4896,27,,,0
8901,'EventOn',2021,,4903,27,,,0,105,,4902,27,,,0,105,,4901,27,,,0,105,,4900,27,,,0
8901,'KerOffPriveOff',2021,,4907,27,,,0,105,,4906,27,,,0,105,,4905,27,,,0,105,,4904,27,,,0
8901,'Samedi',715,,4916,27,,,0,105,,4908,27,,,0,106,,4917,27,,,0,105,,4909,27,,,0,105,,4918,27,,,0,105,,4910,27,,,0,104,,4919,27,,,0,105,,4911,27,,,0,105,,4920,27,,,0,146,,4912,27,,,0,104,,4921,27,,,0,105,,4913,27,,,0,105,,4922,27,,,0,105,,4914,27,,,0,105,,4923,27,,,0,105,,4915,27,,,0
