501,'CsRoyOff',623,,840,4,,,0,79,,837,4,,,0,33,,827,4,,,0,77,,823,4,,,0,36,,833,4,,,0,76,,841,4,,,0,34,,831,4,,,0,75,,828,4,,,0,74,,824,4,,,0,35,,834,4,,,0,75,,842,4,,,0,35,,832,4,,,0,75,,829,4,,,0,75,,825,4,,,0,34,,835,4,,,0,76,,843,4,,,0,37,,839,4,,,0,78,,830,4,,,0,81,,826,4,,,0,35,,836,4,,,0,75,,844,4,,,0,35,,838,4,,,0,75,,849,4,,,0,97,,848,4,,,0,105,,847,4,,,0,105,,846,4,,,0,105,,845,4,,,0
501,'CsRoyOffKerOff',623,,868,4,,,0,79,,865,4,,,0,33,,855,4,,,0,77,,851,4,,,0,36,,861,4,,,0,76,,869,4,,,0,34,,859,4,,,0,75,,856,4,,,0,74,,852,4,,,0,35,,862,4,,,0,75,,870,4,,,0,35,,860,4,,,0,75,,857,4,,,0,75,,853,4,,,0,34,,863,4,,,0,76,,871,4,,,0,37,,867,4,,,0,78,,858,4,,,0,81,,854,4,,,0,35,,864,4,,,0,75,,872,4,,,0,35,,866,4,,,0,75,,877,4,,,0,97,,876,4,,,0,105,,875,4,,,0,105,,874,4,,,0,105,,873,4,,,0
501,'Dimanche',846,,882,4,,,0,105,,881,4,,,0,105,,883,4,,,0,145,,885,4,,,0,105,,884,4,,,0,106,,886,4,,,0,105,,887,4,,,0,105,,888,4,,,0,105,,879,4,,,0,105,,880,4,,,0
501,'EventOff',623,,906,4,,,0,79,,903,4,,,0,33,,893,4,,,0,77,,889,4,,,0,36,,899,4,,,0,76,,907,4,,,0,34,,897,4,,,0,75,,894,4,,,0,74,,890,4,,,0,35,,900,4,,,0,75,,908,4,,,0,35,,898,4,,,0,75,,895,4,,,0,75,,891,4,,,0,34,,901,4,,,0,76,,909,4,,,0,37,,905,4,,,0,78,,896,4,,,0,81,,892,4,,,0,35,,902,4,,,0,75,,910,4,,,0,35,,904,4,,,0,75,,915,4,,,0,97,,914,4,,,0,105,,913,4,,,0,105,,912,4,,,0,105,,911,4,,,0
501,'EventOn',623,,933,4,,,0,79,,930,4,,,0,33,,920,4,,,0,77,,916,4,,,0,36,,926,4,,,0,76,,934,4,,,0,34,,924,4,,,0,75,,921,4,,,0,74,,917,4,,,0,35,,927,4,,,0,75,,935,4,,,0,35,,925,4,,,0,75,,922,4,,,0,75,,918,4,,,0,34,,928,4,,,0,76,,936,4,,,0,37,,932,4,,,0,78,,923,4,,,0,81,,919,4,,,0,35,,929,4,,,0,75,,937,4,,,0,35,,931,4,,,0,75,,942,4,,,0,97,,941,4,,,0,105,,940,4,,,0,105,,939,4,,,0,105,,938,4,,,0
501,'KerOffPriveOff',623,,961,4,,,0,79,,958,4,,,0,33,,948,4,,,0,77,,944,4,,,0,36,,954,4,,,0,76,,962,4,,,0,34,,952,4,,,0,75,,949,4,,,0,74,,945,4,,,0,35,,955,4,,,0,75,,963,4,,,0,35,,953,4,,,0,75,,950,4,,,0,75,,946,4,,,0,34,,956,4,,,0,76,,964,4,,,0,37,,960,4,,,0,78,,951,4,,,0,81,,947,4,,,0,35,,957,4,,,0,75,,965,4,,,0,35,,959,4,,,0,75,,970,4,,,0,97,,969,4,,,0,105,,968,4,,,0,105,,967,4,,,0,105,,966,4,,,0
501,'Samedi',616,,971,4,,,0,105,,977,4,,,0,105,,983,4,,,0,105,,972,4,,,0,105,,978,4,,,0,105,,984,4,,,0,105,,973,4,,,0,106,,979,4,,,0,105,,985,4,,,0,145,,974,4,,,0,105,,980,4,,,0,105,,986,4,,,0,104,,975,4,,,0,105,,981,4,,,0,105,,987,4,,,0,105,,976,4,,,0,105,,982,4,,,0
5000,'CsRoyOff',640,,4263,4,,,0,65,,4262,4,,,0,16,,4218,4,,,0,15,,4219,4,,,0,21,,4220,4,,,0,58,,4221,4,,,0,18,,4222,4,,,0,18,,4223,4,,,0,56,,4224,4,,,0,15,,4225,4,,,0,20,,4226,4,,,0,15,,4227,4,,,0,59,,4228,4,,,0,15,,4229,4,,,0,20,,4230,4,,,0,55,,4231,4,,,0,20,,4232,4,,,0,15,,4233,4,,,0,60,,4234,4,,,0,15,,4235,4,,,0,20,,4236,4,,,0,15,,4237,4,,,0,60,,4238,4,,,0,15,,4239,4,,,0,19,,4240,4,,,0,55,,4241,4,,,0,20,,4242,4,,,0,15,,4243,4,,,0,21,,4244,4,,,0,55,,4245,4,,,0,23,,4246,4,,,0,19,,4247,4,,,0,60,,4248,4,,,0,18,,4249,4,,,0,21,,4250,4,,,0,56,,4251,4,,,0,20,,4252,4,,,0,16,,4253,4,,,0,58,,4254,4,,,0,16,,4255,4,,,0,19,,4256,4,,,0,15,,4257,4,,,0,168,,4258,4,,,0,105,,4259,4,,,0,105,,4260,4,,,0,105,,4261,4,,,0
5000,'CsRoyOffKerOff',640,,4309,4,,,0,65,,4308,4,,,0,16,,4264,4,,,0,15,,4265,4,,,0,21,,4266,4,,,0,58,,4267,4,,,0,18,,4268,4,,,0,18,,4269,4,,,0,56,,4270,4,,,0,15,,4271,4,,,0,20,,4272,4,,,0,15,,4273,4,,,0,59,,4274,4,,,0,15,,4275,4,,,0,20,,4276,4,,,0,55,,4277,4,,,0,20,,4278,4,,,0,15,,4279,4,,,0,60,,4280,4,,,0,15,,4281,4,,,0,20,,4282,4,,,0,15,,4283,4,,,0,60,,4284,4,,,0,15,,4285,4,,,0,19,,4286,4,,,0,55,,4287,4,,,0,20,,4288,4,,,0,15,,4289,4,,,0,21,,4290,4,,,0,55,,4291,4,,,0,23,,4292,4,,,0,19,,4293,4,,,0,60,,4294,4,,,0,18,,4295,4,,,0,21,,4296,4,,,0,56,,4297,4,,,0,20,,4298,4,,,0,16,,4299,4,,,0,58,,4300,4,,,0,16,,4301,4,,,0,19,,4302,4,,,0,15,,4303,4,,,0,168,,4304,4,,,0,105,,4305,4,,,0,105,,4306,4,,,0,105,,4307,4,,,0
5000,'Dimanche',944,,4310,4,,,0,105,,4313,4,,,0,105,,4315,4,,,0,105,,4314,4,,,0,145,,4316,4,,,0,105,,4317,4,,,0,106,,4318,4,,,0,105,,4311,4,,,0,105,,4312,4,,,0
5000,'EventOff',640,,4364,4,,,0,65,,4363,4,,,0,16,,4319,4,,,0,15,,4320,4,,,0,21,,4321,4,,,0,58,,4322,4,,,0,18,,4323,4,,,0,18,,4324,4,,,0,56,,4325,4,,,0,15,,4326,4,,,0,20,,4327,4,,,0,15,,4328,4,,,0,59,,4329,4,,,0,15,,4330,4,,,0,20,,4331,4,,,0,55,,4332,4,,,0,20,,4333,4,,,0,15,,4334,4,,,0,60,,4335,4,,,0,15,,4336,4,,,0,20,,4337,4,,,0,15,,4338,4,,,0,60,,4339,4,,,0,15,,4340,4,,,0,19,,4341,4,,,0,55,,4342,4,,,0,20,,4343,4,,,0,15,,4344,4,,,0,21,,4345,4,,,0,55,,4346,4,,,0,23,,4347,4,,,0,19,,4348,4,,,0,60,,4349,4,,,0,18,,4350,4,,,0,21,,4351,4,,,0,56,,4352,4,,,0,20,,4353,4,,,0,16,,4354,4,,,0,58,,4355,4,,,0,16,,4356,4,,,0,19,,4357,4,,,0,15,,4358,4,,,0,168,,4359,4,,,0,105,,4360,4,,,0,105,,4361,4,,,0,105,,4362,4,,,0
5000,'EventOn',640,,4410,4,,,0,65,,4409,4,,,0,16,,4365,4,,,0,15,,4366,4,,,0,21,,4367,4,,,0,58,,4368,4,,,0,18,,4369,4,,,0,18,,4370,4,,,0,56,,4371,4,,,0,15,,4372,4,,,0,20,,4373,4,,,0,15,,4374,4,,,0,59,,4375,4,,,0,15,,4376,4,,,0,20,,4377,4,,,0,55,,4378,4,,,0,20,,4379,4,,,0,15,,4380,4,,,0,60,,4381,4,,,0,15,,4382,4,,,0,20,,4383,4,,,0,15,,4384,4,,,0,60,,4385,4,,,0,15,,4386,4,,,0,19,,4387,4,,,0,55,,4388,4,,,0,20,,4389,4,,,0,15,,4390,4,,,0,21,,4391,4,,,0,55,,4392,4,,,0,23,,4393,4,,,0,19,,4394,4,,,0,60,,4395,4,,,0,18,,4396,4,,,0,21,,4397,4,,,0,56,,4398,4,,,0,20,,4399,4,,,0,16,,4400,4,,,0,58,,4401,4,,,0,16,,4402,4,,,0,19,,4403,4,,,0,15,,4404,4,,,0,168,,4405,4,,,0,105,,4406,4,,,0,105,,4407,4,,,0,105,,4408,4,,,0
5000,'KerOffPriveOff',640,,4456,4,,,0,65,,4455,4,,,0,16,,4411,4,,,0,15,,4412,4,,,0,21,,4413,4,,,0,58,,4414,4,,,0,18,,4415,4,,,0,18,,4416,4,,,0,56,,4417,4,,,0,15,,4418,4,,,0,20,,4419,4,,,0,15,,4420,4,,,0,59,,4421,4,,,0,15,,4422,4,,,0,20,,4423,4,,,0,55,,4424,4,,,0,20,,4425,4,,,0,15,,4426,4,,,0,60,,4427,4,,,0,15,,4428,4,,,0,20,,4429,4,,,0,15,,4430,4,,,0,60,,4431,4,,,0,15,,4432,4,,,0,19,,4433,4,,,0,55,,4434,4,,,0,20,,4435,4,,,0,15,,4436,4,,,0,21,,4437,4,,,0,55,,4438,4,,,0,23,,4439,4,,,0,19,,4440,4,,,0,60,,4441,4,,,0,18,,4442,4,,,0,21,,4443,4,,,0,56,,4444,4,,,0,20,,4445,4,,,0,16,,4446,4,,,0,58,,4447,4,,,0,16,,4448,4,,,0,19,,4449,4,,,0,15,,4450,4,,,0,168,,4451,4,,,0,105,,4452,4,,,0,105,,4453,4,,,0,105,,4454,4,,,0
5000,'Samedi',714,,4464,4,,,0,106,,4463,4,,,0,104,,4462,4,,,0,105,,4461,4,,,0,105,,4469,4,,,0,105,,4468,4,,,0,105,,4467,4,,,0,105,,4466,4,,,0,106,,4465,4,,,0,145,,4472,4,,,0,105,,4470,4,,,0,105,,4471,4,,,0,105,,4457,4,,,0,105,,4458,4,,,0,105,,4459,4,,,0,105,,4460,4,,,0
