901,'CsRoyOff',609,,1744,3,,,0,24,,1758,3,,,0,67,,1762,4,0,5,0,5,,1763,4,0,6,0,4,,1745,3,,,0,40,,1757,3,,,0,74,,1746,3,,,0,36,,1759,3,,,0,75,,1747,3,,,0,110,,1748,3,,,0,111,,1749,3,,,0,149,,1750,3,,,0,111,,1751,3,,,0,35,,1756,3,,,0,76,,1752,3,,,0,79,,1755,3,,,0,37,,1753,3,,,0,77,,1760,3,,,0,36,,1754,3,,,0,150,,1761,3,,,0
901,'CsRoyOffKerOff',609,,1764,3,,,0,24,,1778,3,,,0,67,,1782,4,0,5,0,9,,1765,3,,,0,40,,1777,3,,,0,74,,1766,3,,,0,36,,1779,3,,,0,75,,1767,3,,,0,110,,1768,3,,,0,111,,1769,3,,,0,149,,1770,3,,,0,111,,1771,3,,,0,35,,1776,3,,,0,76,,1772,3,,,0,79,,1775,3,,,0,37,,1773,3,,,0,77,,1780,3,,,0,36,,1774,3,,,0,150,,1781,3,,,0
901,'EventOff',609,,1783,3,,,0,24,,1797,3,,,0,76,,1784,3,,,0,40,,1796,3,,,0,74,,1785,3,,,0,36,,1798,3,,,0,75,,1786,3,,,0,110,,1787,3,,,0,111,,1788,3,,,0,149,,1789,3,,,0,111,,1790,3,,,0,35,,1795,3,,,0,76,,1791,3,,,0,79,,1794,3,,,0,37,,1792,3,,,0,77,,1799,3,,,0,36,,1793,3,,,0,150,,1800,3,,,0
901,'EventOn',609,,1801,3,,,0,24,,1815,3,,,0,67,,1819,4,0,5,0,5,,1820,4,0,6,0,4,,1802,3,,,0,40,,1814,3,,,0,74,,1803,3,,,0,36,,1816,3,,,0,75,,1804,3,,,0,110,,1805,3,,,0,111,,1806,3,,,0,149,,1807,3,,,0,111,,1808,3,,,0,35,,1813,3,,,0,76,,1809,3,,,0,79,,1812,3,,,0,37,,1810,3,,,0,77,,1817,3,,,0,36,,1811,3,,,0,150,,1818,3,,,0
901,'KerOffPriveOff',609,,1821,3,,,0,24,,1835,3,,,0,76,,1822,3,,,0,40,,1834,3,,,0,74,,1823,3,,,0,36,,1836,3,,,0,75,,1824,3,,,0,110,,1825,3,,,0,111,,1826,3,,,0,149,,1827,3,,,0,111,,1828,3,,,0,35,,1833,3,,,0,76,,1829,3,,,0,79,,1832,3,,,0,37,,1830,3,,,0,77,,1837,3,,,0,36,,1831,3,,,0,150,,1838,3,,,0
8901,'CsRoyOff',2010,,4880,3,,,0,105,,4879,3,,,0,105,,4878,3,,,0,105,,4877,3,,,0
8901,'CsRoyOffKerOff',2010,,4884,3,,,0,105,,4883,3,,,0,105,,4882,3,,,0,105,,4881,3,,,0
8901,'Dimanche',827,,4886,3,,,0,105,,4888,3,,,0,106,,4890,3,,,0,105,,4891,3,,,0,105,,4892,3,,,0,105,,4893,3,,,0,105,,4894,3,,,0,145,,4895,3,,,0,105,,4885,3,,,0,104,,4889,3,,,0,101,,4887,3,,,0
8901,'EventOff',2010,,4899,3,,,0,105,,4898,3,,,0,105,,4897,3,,,0,105,,4896,3,,,0
8901,'EventOn',2010,,4903,3,,,0,105,,4902,3,,,0,105,,4901,3,,,0,105,,4900,3,,,0
8901,'KerOffPriveOff',2010,,4907,3,,,0,105,,4906,3,,,0,105,,4905,3,,,0,105,,4904,3,,,0
8901,'Samedi',703,,4916,3,,,0,105,,4908,3,,,0,106,,4917,3,,,0,105,,4909,3,,,0,105,,4918,3,,,0,105,,4910,3,,,0,104,,4919,3,,,0,105,,4911,3,,,0,105,,4920,3,,,0,106,,4912,3,,,0,104,,4921,3,,,0,105,,4913,3,,,0,145,,4922,3,,,0,105,,4914,3,,,0,105,,4923,3,,,0,105,,4915,3,,,0
