1600,'CsRoyOff',718,,3122,21,,,0,110,,3123,21,,,0,110,,3124,21,,,0,110,,3125,21,,,0,110,,3126,21,,,0,150,,3127,21,,,0,110,,3128,21,,,0,116,,3129,21,,,0,114,,3130,21,,,0,110,,3131,21,,,0,150,,3132,21,,,0,100,,3133,21,,,0,106,,3134,21,,,0,104,,3135,21,,,0,106,,3136,21,,,0,102,,3137,21,,,0
1600,'CsRoyOffKerOff',718,,3138,21,,,0,110,,3139,21,,,0,110,,3140,21,,,0,110,,3141,21,,,0,110,,3142,21,,,0,150,,3143,21,,,0,110,,3144,21,,,0,116,,3145,21,,,0,114,,3146,21,,,0,110,,3147,21,,,0,150,,3148,21,,,0,100,,3149,21,,,0,106,,3150,21,,,0,104,,3151,21,,,0,106,,3152,21,,,0,102,,3153,21,,,0
1600,'Dimanche',934,,3155,21,,,0,105,,3156,21,,,0,105,,3157,21,,,0,105,,3158,21,,,0,104,,3159,21,,,0,105,,3160,21,,,0,145,,3161,21,,,0,105,,3154,21,,,0,105,,3162,21,,,0,105,,3163,21,,,0
1600,'EventOff',718,,3164,21,,,0,110,,3165,21,,,0,110,,3166,21,,,0,110,,3167,21,,,0,110,,3168,21,,,0,150,,3169,21,,,0,110,,3170,21,,,0,116,,3171,21,,,0,114,,3172,21,,,0,110,,3173,21,,,0,150,,3174,21,,,0,100,,3175,21,,,0,106,,3176,21,,,0,104,,3177,21,,,0,106,,3178,21,,,0,102,,3179,21,,,0
1600,'EventOn',718,,3180,21,,,0,110,,3181,21,,,0,110,,3182,21,,,0,110,,3183,21,,,0,110,,3184,21,,,0,150,,3185,21,,,0,110,,3186,21,,,0,116,,3187,21,,,0,114,,3188,21,,,0,110,,3189,21,,,0,150,,3190,21,,,0,100,,3191,21,,,0,106,,3192,21,,,0,104,,3193,21,,,0,106,,3194,21,,,0,102,,3195,21,,,0
1600,'KerOffPriveOff',718,,3196,21,,,0,110,,3197,21,,,0,110,,3198,21,,,0,110,,3199,21,,,0,110,,3200,21,,,0,150,,3201,21,,,0,110,,3202,21,,,0,116,,3203,21,,,0,114,,3204,21,,,0,110,,3205,21,,,0,150,,3206,21,,,0,100,,3207,21,,,0,106,,3208,21,,,0,104,,3209,21,,,0,106,,3210,21,,,0,102,,3211,21,,,0
1600,'Samedi',703,,3227,21,,,0,105,,3228,21,,,0,105,,3212,21,,,0,105,,3213,21,,,0,105,,3214,21,,,0,105,,3215,21,,,0,105,,3216,21,,,0,105,,3217,21,,,0,105,,3218,21,,,0,105,,3219,21,,,0,105,,3221,21,,,0,105,,3222,21,,,0,145,,3223,21,,,0,105,,3224,21,,,0,105,,3225,21,,,0,105,,3226,21,,,0,105,,3220,21,,,0
3080100001,'EventOn',1622,,4972,15,,,0
3080100001,'KerOffPriveOff',1622,,4973,15,,,0
19200100001,'CsRoyOff',1610,,5002,20,4,,0
19200100001,'CsRoyOffKerOff',1610,,5003,20,4,,0
19200100001,'EventOn',1610,,5004,20,4,,0
19200100001,'KerOffPriveOff',1610,,5005,20,4,,0
