901,'CsRoyOff',616,,1744,15,,,0,24,,1758,15,,,0,76,,1745,15,,,0,40,,1757,15,,,0,74,,1746,15,,,0,76,,1759,15,,,0,35,,1747,15,,,0,110,,1748,15,,,0,151,,1749,15,,,0,109,,1750,15,,,0,111,,1751,15,,,0,35,,1756,15,,,0,76,,1752,15,,,0,79,,1755,15,,,0,37,,1753,15,,,0,77,,1760,15,,,0,76,,1754,15,,,0,110,,1761,15,,,0
901,'CsRoyOffKerOff',616,,1764,15,,,0,24,,1778,15,,,0,76,,1765,15,,,0,40,,1777,15,,,0,74,,1766,15,,,0,76,,1779,15,,,0,35,,1767,15,,,0,110,,1768,15,,,0,151,,1769,15,,,0,109,,1770,15,,,0,111,,1771,15,,,0,35,,1776,15,,,0,76,,1772,15,,,0,79,,1775,15,,,0,37,,1773,15,,,0,77,,1780,15,,,0,76,,1774,15,,,0,110,,1781,15,,,0
901,'EventOff',616,,1783,15,,,0,24,,1797,15,,,0,76,,1784,15,,,0,40,,1796,15,,,0,74,,1785,15,,,0,76,,1798,15,,,0,35,,1786,15,,,0,110,,1787,15,,,0,151,,1788,15,,,0,109,,1789,15,,,0,111,,1790,15,,,0,35,,1795,15,,,0,76,,1791,15,,,0,79,,1794,15,,,0,37,,1792,15,,,0,77,,1799,15,,,0,76,,1793,15,,,0,110,,1800,15,,,0
901,'EventOn',616,,1801,15,,,0,24,,1815,15,,,0,76,,1802,15,,,0,40,,1814,15,,,0,74,,1803,15,,,0,76,,1816,15,,,0,35,,1804,15,,,0,110,,1805,15,,,0,151,,1806,15,,,0,109,,1807,15,,,0,111,,1808,15,,,0,35,,1813,15,,,0,76,,1809,15,,,0,79,,1812,15,,,0,37,,1810,15,,,0,77,,1817,15,,,0,76,,1811,15,,,0,110,,1818,15,,,0
901,'KerOffPriveOff',616,,1821,15,,,0,24,,1835,15,,,0,76,,1822,15,,,0,40,,1834,15,,,0,74,,1823,15,,,0,76,,1836,15,,,0,35,,1824,15,,,0,110,,1825,15,,,0,151,,1826,15,,,0,109,,1827,15,,,0,111,,1828,15,,,0,35,,1833,15,,,0,76,,1829,15,,,0,79,,1832,15,,,0,37,,1830,15,,,0,77,,1837,15,,,0,76,,1831,15,,,0,110,,1838,15,,,0
8901,'CsRoyOff',2017,,4880,15,,,0,105,,4879,15,,,0,105,,4878,15,,,0,105,,4877,15,,,0
8901,'CsRoyOffKerOff',2017,,4884,15,,,0,105,,4883,15,,,0,105,,4882,15,,,0,105,,4881,15,,,0
8901,'Dimanche',834,,4886,15,,,0,105,,4888,15,,,0,106,,4890,15,,,0,105,,4891,15,,,0,105,,4892,15,,,0,145,,4893,15,,,0,105,,4894,15,,,0,105,,4895,15,,,0,105,,4885,15,,,0,104,,4889,15,,,0,101,,4887,15,,,0
8901,'EventOff',2017,,4899,15,,,0,105,,4898,15,,,0,105,,4897,15,,,0,105,,4896,15,,,0
8901,'EventOn',2017,,4903,15,,,0,105,,4902,15,,,0,105,,4901,15,,,0,105,,4900,15,,,0
8901,'KerOffPriveOff',2017,,4907,15,,,0,105,,4906,15,,,0,105,,4905,15,,,0,105,,4904,15,,,0
8901,'Samedi',710,,4916,15,,,0,105,,4908,15,,,0,106,,4917,15,,,0,105,,4909,15,,,0,105,,4918,15,,,0,105,,4910,15,,,0,104,,4919,15,,,0,105,,4911,15,,,0,105,,4920,15,,,0,106,,4912,15,,,0,144,,4921,15,,,0,105,,4913,15,,,0,105,,4922,15,,,0,105,,4914,15,,,0,105,,4923,15,,,0,105,,4915,15,,,0
