1001,'CsRoyOff',630,,2008,17,,,0,71,,2017,17,,,0,41,,2025,17,,,0,74,,2022,17,,,0,35,,2013,17,,,0,76,,2009,17,,,0,74,,2018,17,,,0,35,,2026,17,,,0,75,,2021,17,,,0,35,,2014,17,,,0,75,,2010,17,,,0,34,,2019,17,,,0,75,,2027,17,,,0,27,,2024,17,,,0,80,,2015,17,,,0,71,,2011,17,,,0,43,,2020,17,,,0,81,,2028,17,,,0,79,,2023,17,,,0,35,,2016,17,,,0,77,,2012,17,,,0,103,,2029,17,,,0,105,,2033,17,,,0,105,,2032,17,,,0,105,,2030,17,,,0,105,,2031,17,,,0
1001,'CsRoyOffKerOff',630,,2034,17,,,0,71,,2043,17,,,0,41,,2051,17,,,0,74,,2048,17,,,0,35,,2039,17,,,0,76,,2035,17,,,0,74,,2044,17,,,0,35,,2052,17,,,0,75,,2047,17,,,0,35,,2040,17,,,0,75,,2036,17,,,0,34,,2045,17,,,0,75,,2053,17,,,0,27,,2050,17,,,0,80,,2041,17,,,0,71,,2037,17,,,0,43,,2046,17,,,0,81,,2054,17,,,0,79,,2049,17,,,0,35,,2042,17,,,0,77,,2038,17,,,0,103,,2055,17,,,0,105,,2059,17,,,0,105,,2058,17,,,0,105,,2056,17,,,0,105,,2057,17,,,0
1001,'Dimanche',851,,2062,17,,,0,105,,2063,17,,,0,144,,2064,17,,,0,106,,2065,17,,,0,104,,2066,17,,,0,105,,2067,17,,,0,105,,2068,17,,,0,105,,2069,17,,,0,106,,2061,17,,,0,105,,2060,17,,,0
1001,'EventOff',630,,2070,17,,,0,71,,2079,17,,,0,41,,2087,17,,,0,74,,2084,17,,,0,35,,2075,17,,,0,76,,2071,17,,,0,74,,2080,17,,,0,35,,2088,17,,,0,75,,2083,17,,,0,35,,2076,17,,,0,75,,2072,17,,,0,34,,2081,17,,,0,75,,2089,17,,,0,27,,2086,17,,,0,80,,2077,17,,,0,71,,2073,17,,,0,43,,2082,17,,,0,81,,2090,17,,,0,79,,2085,17,,,0,35,,2078,17,,,0,77,,2074,17,,,0,103,,2091,17,,,0,105,,2095,17,,,0,105,,2094,17,,,0,105,,2092,17,,,0,105,,2093,17,,,0
1001,'EventOn',630,,2096,17,,,0,71,,2105,17,,,0,41,,2113,17,,,0,74,,2110,17,,,0,35,,2101,17,,,0,76,,2097,17,,,0,74,,2106,17,,,0,35,,2114,17,,,0,75,,2109,17,,,0,35,,2102,17,,,0,75,,2098,17,,,0,34,,2107,17,,,0,75,,2115,17,,,0,27,,2112,17,,,0,80,,2103,17,,,0,71,,2099,17,,,0,43,,2108,17,,,0,81,,2116,17,,,0,79,,2111,17,,,0,35,,2104,17,,,0,77,,2100,17,,,0,103,,2117,17,,,0,105,,2121,17,,,0,105,,2120,17,,,0,105,,2118,17,,,0,105,,2119,17,,,0
1001,'KerOffPriveOff',630,,2122,17,,,0,71,,2131,17,,,0,41,,2139,17,,,0,74,,2136,17,,,0,35,,2127,17,,,0,76,,2123,17,,,0,74,,2132,17,,,0,35,,2140,17,,,0,75,,2135,17,,,0,35,,2128,17,,,0,75,,2124,17,,,0,34,,2133,17,,,0,75,,2141,17,,,0,27,,2138,17,,,0,80,,2129,17,,,0,71,,2125,17,,,0,43,,2134,17,,,0,81,,2142,17,,,0,79,,2137,17,,,0,35,,2130,17,,,0,77,,2126,17,,,0,103,,2143,17,,,0,105,,2147,17,,,0,105,,2146,17,,,0,105,,2144,17,,,0,105,,2145,17,,,0
1001,'Samedi',623,,2148,17,,,0,104,,2149,17,,,0,105,,2150,17,,,0,105,,2151,17,,,0,105,,2152,17,,,0,104,,2153,17,,,0,105,,2154,17,,,0,106,,2155,17,,,0,145,,2156,17,,,0,105,,2157,17,,,0,104,,2158,17,,,0,105,,2159,17,,,0,105,,2160,17,,,0,105,,2161,17,,,0,105,,2162,17,,,0,105,,2163,17,,,0,105,,2164,17,,,0
1701,'CsRoyOff',623,,3441,9,,,0,32,,3442,9,,,0,81,,3443,9,,,0,75,,3444,9,,,0,35,,3445,9,,,0,74,,3446,9,,,0,35,,3447,9,,,0,75,,3448,9,,,0,76,,3449,9,,,0,35,,3450,9,,,0,75,,3451,9,,,0,35,,3452,9,,,0,75,,3453,9,,,0,75,,3454,9,,,0,35,,3455,9,,,0,80,,3456,9,,,0,39,,3457,9,,,0,77,,3458,9,,,0,75,,3459,9,,,0,33,,3460,9,,,0,75,,3461,9,,,0
1701,'CsRoyOffKerOff',623,,3462,9,,,0,32,,3463,9,,,0,81,,3464,9,,,0,75,,3465,9,,,0,35,,3466,9,,,0,74,,3467,9,,,0,35,,3468,9,,,0,75,,3469,9,,,0,76,,3470,9,,,0,35,,3471,9,,,0,75,,3472,9,,,0,35,,3473,9,,,0,75,,3474,9,,,0,75,,3475,9,,,0,35,,3476,9,,,0,80,,3477,9,,,0,39,,3478,9,,,0,77,,3479,9,,,0,75,,3480,9,,,0,33,,3481,9,,,0,75,,3482,9,,,0
1701,'EventOff',623,,3483,9,,,0,32,,3484,9,,,0,81,,3485,9,,,0,75,,3486,9,,,0,35,,3487,9,,,0,74,,3488,9,,,0,35,,3489,9,,,0,75,,3490,9,,,0,76,,3491,9,,,0,35,,3492,9,,,0,75,,3493,9,,,0,35,,3494,9,,,0,75,,3495,9,,,0,75,,3496,9,,,0,35,,3497,9,,,0,80,,3498,9,,,0,39,,3499,9,,,0,77,,3500,9,,,0,75,,3501,9,,,0,33,,3502,9,,,0,75,,3503,9,,,0
1701,'EventOn',623,,3504,9,,,0,32,,3505,9,,,0,81,,3506,9,,,0,75,,3507,9,,,0,35,,3508,9,,,0,74,,3509,9,,,0,35,,3510,9,,,0,75,,3511,9,,,0,76,,3512,9,,,0,35,,3513,9,,,0,75,,3514,9,,,0,35,,3515,9,,,0,75,,3516,9,,,0,75,,3517,9,,,0,35,,3518,9,,,0,80,,3519,9,,,0,39,,3520,9,,,0,77,,3521,9,,,0,75,,3522,9,,,0,33,,3523,9,,,0,75,,3524,9,,,0
1701,'KerOffPriveOff',623,,3525,9,,,0,32,,3526,9,,,0,81,,3527,9,,,0,75,,3528,9,,,0,35,,3529,9,,,0,74,,3530,9,,,0,35,,3531,9,,,0,75,,3532,9,,,0,76,,3533,9,,,0,35,,3534,9,,,0,75,,3535,9,,,0,35,,3536,9,,,0,75,,3537,9,,,0,75,,3538,9,,,0,35,,3539,9,,,0,80,,3540,9,,,0,39,,3541,9,,,0,77,,3542,9,,,0,75,,3543,9,,,0,33,,3544,9,,,0,75,,3545,9,,,0
