900,'CsRoyOff',654,,1654,23,0,20,0,80,,1668,23,0,20,0,75,,1655,23,0,20,0,36,,1665,23,0,20,0,75,,1656,23,0,20,0,35,,1669,23,0,20,0,75,,1657,23,0,20,0,111,,1658,23,0,20,0,110,,1659,23,0,20,0,151,,1660,23,0,20,0,35,,1666,23,0,20,0,76,,1661,23,0,20,0,39,,1667,23,0,20,0,67,,1672,14,0,5,0,2,,1671,17,,,0,8,,1662,23,0,20,0,77,,1670,23,0,20,0,36,,1663,23,0,20,0,107,,1664,23,0,20,0
900,'CsRoyOffKerOff',654,,1673,23,0,20,0,80,,1687,23,0,20,0,75,,1674,23,0,20,0,36,,1684,23,0,20,0,75,,1675,23,0,20,0,35,,1688,23,0,20,0,75,,1676,23,0,20,0,111,,1677,23,0,20,0,110,,1678,23,0,20,0,151,,1679,23,0,20,0,35,,1685,23,0,20,0,76,,1680,23,0,20,0,39,,1686,23,0,20,0,67,,1690,14,0,5,0,10,,1681,23,0,20,0,77,,1689,23,0,20,0,36,,1682,23,0,20,0,107,,1683,23,0,20,0
900,'EventOff',654,,1691,23,0,20,0,80,,1705,23,0,20,0,75,,1692,23,0,20,0,36,,1702,23,0,20,0,75,,1693,23,0,20,0,35,,1706,23,0,20,0,75,,1694,23,0,20,0,111,,1695,23,0,20,0,110,,1696,23,0,20,0,151,,1697,23,0,20,0,35,,1703,23,0,20,0,76,,1698,23,0,20,0,39,,1704,23,0,20,0,77,,1699,23,0,20,0,77,,1707,23,0,20,0,36,,1700,23,0,20,0,107,,1701,23,0,20,0
900,'EventOn',654,,1708,23,0,20,0,80,,1722,23,0,20,0,75,,1709,23,0,20,0,36,,1719,23,0,20,0,75,,1710,23,0,20,0,35,,1723,23,0,20,0,75,,1711,23,0,20,0,111,,1712,23,0,20,0,110,,1713,23,0,20,0,151,,1714,23,0,20,0,35,,1720,23,0,20,0,76,,1715,23,0,20,0,39,,1721,23,0,20,0,67,,1726,14,0,5,0,2,,1725,17,,,0,8,,1716,23,0,20,0,77,,1724,23,0,20,0,36,,1717,23,0,20,0,107,,1718,23,0,20,0
900,'KerOffPriveOff',654,,1727,23,0,20,0,80,,1741,23,0,20,0,75,,1728,23,0,20,0,36,,1738,23,0,20,0,75,,1729,23,0,20,0,35,,1742,23,0,20,0,75,,1730,23,0,20,0,111,,1731,23,0,20,0,110,,1732,23,0,20,0,151,,1733,23,0,20,0,35,,1739,23,0,20,0,76,,1734,23,0,20,0,39,,1740,23,0,20,0,77,,1735,23,0,20,0,77,,1743,23,0,20,0,36,,1736,23,0,20,0,107,,1737,23,0,20,0
8900,'CsRoyOff',1948,,4827,24,,,0,100,,4829,24,,,0,105,,4828,24,,,0,147,,4826,24,,,0,103,,4825,24,,,0
8900,'CsRoyOffKerOff',1948,,4832,24,,,0,100,,4834,24,,,0,105,,4833,24,,,0,147,,4831,24,,,0,103,,4830,24,,,0
8900,'Dimanche',907,,4836,24,,,0,105,,4838,24,,,0,107,,4839,24,,,0,105,,4840,24,,,0,105,,4842,24,,,0,105,,4841,24,,,0,105,,4843,24,,,0,105,,4844,24,,,0,105,,4835,24,,,0,104,,4837,24,,,0
8900,'EventOff',1948,,4847,24,,,0,100,,4849,24,,,0,105,,4848,24,,,0,147,,4846,24,,,0,103,,4845,24,,,0
8900,'EventOn',1948,,4852,24,,,0,100,,4854,24,,,0,105,,4853,24,,,0,147,,4851,24,,,0,103,,4850,24,,,0
8900,'KerOffPriveOff',1948,,4857,24,,,0,100,,4859,24,,,0,105,,4858,24,,,0,147,,4856,24,,,0,103,,4855,24,,,0
8900,'Samedi',640,,4876,24,,,0,103,,4860,24,,,0,105,,4868,24,,,0,107,,4861,24,,,0,145,,4869,24,,,0,105,,4862,24,,,0,105,,4870,24,,,0,104,,4863,24,,,0,104,,4871,24,,,0,106,,4864,24,,,0,106,,4872,24,,,0,104,,4865,24,,,0,105,,4873,24,,,0,105,,4866,24,,,0,104,,4874,24,,,0,105,,4867,24,,,0,105,,4875,24,,,0
