6001,'CsRoyOff',622,,4652,4,,,0,31,,4663,4,,,0,78,,4653,4,,,0,76,,4664,4,,,0,35,,4654,4,,,0,76,,4665,4,,,0,34,,4655,4,,,0,75,,4666,4,,,0,75,,4656,4,,,0,35,,4667,4,,,0,75,,4657,4,,,0,34,,4668,4,,,0,75,,4658,4,,,0,27,,4669,4,,,0,80,,4679,4,,,0,31,,4659,4,,,0,84,,4670,4,,,0,71,,4660,4,,,0,38,,4671,4,,,0,76,,4661,4,,,0,75,,4672,4,,,0,30,,4662,4,,,0,111,,4675,4,,,0,105,,4677,4,,,0,105,,4676,4,,,0,105,,4674,4,,,0,145,,4673,4,,,0
6001,'CsRoyOffKerOff',622,,4680,4,,,0,31,,4691,4,,,0,78,,4681,4,,,0,76,,4692,4,,,0,35,,4682,4,,,0,76,,4693,4,,,0,34,,4683,4,,,0,75,,4694,4,,,0,75,,4684,4,,,0,35,,4695,4,,,0,75,,4685,4,,,0,34,,4696,4,,,0,75,,4686,4,,,0,27,,4697,4,,,0,80,,4707,4,,,0,31,,4687,4,,,0,84,,4698,4,,,0,71,,4688,4,,,0,38,,4699,4,,,0,76,,4689,4,,,0,75,,4700,4,,,0,30,,4690,4,,,0,111,,4703,4,,,0,105,,4705,4,,,0,105,,4704,4,,,0,105,,4702,4,,,0,145,,4701,4,,,0
6001,'Dimanche',910,,4708,4,,,0,105,,4710,4,,,0,105,,4711,4,,,0,104,,4713,4,,,0,105,,4714,4,,,0,105,,4715,4,,,0,105,,4716,4,,,0,105,,4717,4,,,0,106,,4712,4,,,0,105,,4709,4,,,0
6001,'EventOff',622,,4718,4,,,0,31,,4729,4,,,0,78,,4719,4,,,0,76,,4730,4,,,0,35,,4720,4,,,0,76,,4731,4,,,0,34,,4721,4,,,0,75,,4732,4,,,0,75,,4722,4,,,0,35,,4733,4,,,0,75,,4723,4,,,0,34,,4734,4,,,0,75,,4724,4,,,0,27,,4735,4,,,0,80,,4745,4,,,0,31,,4725,4,,,0,84,,4736,4,,,0,71,,4726,4,,,0,38,,4737,4,,,0,76,,4727,4,,,0,75,,4738,4,,,0,30,,4728,4,,,0,111,,4741,4,,,0,105,,4743,4,,,0,105,,4742,4,,,0,105,,4740,4,,,0,145,,4739,4,,,0
6001,'EventOn',622,,4746,4,,,0,31,,4757,4,,,0,78,,4747,4,,,0,74,,4774,4,0,19,0,2,,4758,4,,,0,35,,4748,4,,,0,76,,4759,4,,,0,34,,4749,4,,,0,75,,4760,4,,,0,75,,4750,4,,,0,35,,4761,4,,,0,75,,4751,4,,,0,34,,4762,4,,,0,75,,4752,4,,,0,27,,4763,4,,,0,80,,4773,4,,,0,31,,4753,4,,,0,84,,4764,4,,,0,1,,4776,4,0,14 15,0,70,,4754,4,,,0,38,,4765,4,,,0,76,,4755,4,,,0,75,,4766,4,,,0,30,,4756,4,,,0,111,,4769,4,,,0,105,,4771,4,,,0,105,,4770,4,,,0,105,,4768,4,,,0,145,,4767,4,,,0
6001,'KerOffPriveOff',622,,4777,4,,,0,31,,4788,4,,,0,78,,4778,4,,,0,74,,4805,4,0,19,0,2,,4789,4,,,0,35,,4779,4,,,0,76,,4790,4,,,0,34,,4780,4,,,0,75,,4791,4,,,0,75,,4781,4,,,0,35,,4792,4,,,0,75,,4782,4,,,0,34,,4793,4,,,0,75,,4783,4,,,0,27,,4794,4,,,0,80,,4804,4,,,0,31,,4784,4,,,0,84,,4795,4,,,0,1,,4807,4,0,14 15,0,70,,4785,4,,,0,38,,4796,4,,,0,76,,4786,4,,,0,75,,4797,4,,,0,30,,4787,4,,,0,111,,4800,4,,,0,105,,4802,4,,,0,105,,4801,4,,,0,105,,4799,4,,,0,145,,4798,4,,,0
6001,'Samedi',640,,4813,4,,,0,105,,4819,4,,,0,105,,4808,4,,,0,105,,4814,4,,,0,104,,4820,4,,,0,145,,4809,4,,,0,106,,4815,4,,,0,105,,4821,4,,,0,105,,4810,4,,,0,104,,4816,4,,,0,105,,4822,4,,,0,106,,4811,4,,,0,105,,4817,4,,,0,105,,4823,4,,,0,105,,4812,4,,,0,105,,4818,4,,,0,145,,4824,4,,,0
111800501,'CsRoyOff',736,,4941,4,,,0,880,,4942,4,0,14 15,0
111800501,'CsRoyOffKerOff',1616,,4943,4,0,14 15,0
111800501,'EventOn',736,,4944,4,,,0,880,,4945,4,0,14 15,0
19200300001,'CsRoyOff',736,,5015,4,0,11 18,0
19200300001,'CsRoyOffKerOff',736,,5016,4,0,11 18,0
19200300001,'EventOn',736,,5017,4,0,11 18,0
