601,'CsRoyOff',622,,1181,33,,,0,35,,1159,39,,,0,76,,1182,39,,,0,6,,1154,39,,,0,74,,1165,39,,,0,36,,1171,39,,,0,74,,1158,39,,,0,35,,1160,39,,,0,75,,1155,39,,,0,75,,1166,39,,,0,35,,1172,39,,,0,75,,1164,39,,,0,35,,1161,39,,,0,75,,1156,39,,,0,75,,1167,39,,,0,35,,1173,39,,,0,81,,1170,39,,,0,31,,1183,24,,,0,7,,1162,39,,,0,77,,1157,39,,,0,74,,1168,39,,,0,34,,1174,39,,,0,75,,1169,39,,,0,35,,1163,39,,,0,79,,1179,39,,,0,100,,1178,39,,,0,105,,1177,39,,,0,105,,1176,39,,,0,105,,1175,39,,,0,100,,1180,39,,,0
601,'CsRoyOffKerOff',622,,1211,33,,,0,35,,1189,39,,,0,76,,1212,39,,,0,6,,1184,39,,,0,74,,1195,39,,,0,36,,1201,39,,,0,74,,1188,39,,,0,35,,1190,39,,,0,75,,1185,39,,,0,75,,1196,39,,,0,35,,1202,39,,,0,75,,1194,39,,,0,35,,1191,39,,,0,75,,1186,39,,,0,75,,1197,39,,,0,35,,1203,39,,,0,81,,1200,39,,,0,38,,1192,39,,,0,77,,1187,39,,,0,74,,1198,39,,,0,34,,1204,39,,,0,75,,1199,39,,,0,35,,1193,39,,,0,79,,1209,39,,,0,100,,1208,39,,,0,105,,1207,39,,,0,105,,1206,39,,,0,105,,1205,39,,,0,100,,1210,39,,,0
601,'Dimanche',849,,1215,39,,,0,105,,1214,39,,,0,146,,1219,39,,,0,105,,1218,39,,,0,105,,1220,39,,,0,105,,1221,39,,,0,105,,1222,39,,,0,105,,1223,39,,,0,105,,1217,39,,,0,104,,1216,39,,,0,102,,1213,39,,,0
601,'EventOff',622,,1251,33,,,0,35,,1229,39,,,0,82,,1224,39,,,0,74,,1235,39,,,0,36,,1241,39,,,0,74,,1228,39,,,0,35,,1230,39,,,0,75,,1225,39,,,0,75,,1236,39,,,0,35,,1242,39,,,0,75,,1234,39,,,0,35,,1231,39,,,0,75,,1226,39,,,0,75,,1237,39,,,0,35,,1243,39,,,0,81,,1240,39,,,0,38,,1232,39,,,0,77,,1227,39,,,0,74,,1238,39,,,0,34,,1244,39,,,0,75,,1239,39,,,0,35,,1233,39,,,0,79,,1249,39,,,0,100,,1248,39,,,0,105,,1247,39,,,0,105,,1246,39,,,0,105,,1245,39,,,0,100,,1250,39,,,0
601,'EventOn',622,,1279,33,,,0,35,,1257,39,,,0,76,,1280,39,,,0,6,,1252,39,,,0,74,,1263,39,,,0,36,,1269,39,,,0,74,,1256,39,,,0,35,,1258,39,,,0,75,,1253,39,,,0,75,,1264,39,,,0,35,,1270,39,,,0,75,,1262,39,,,0,35,,1259,39,,,0,75,,1254,39,,,0,75,,1265,39,,,0,35,,1271,39,,,0,81,,1268,39,,,0,31,,1281,24,,,0,7,,1260,39,,,0,58,,1282,39,,,0,19,,1255,39,,,0,74,,1266,39,,,0,34,,1272,39,,,0,75,,1267,39,,,0,35,,1261,39,,,0,79,,1277,39,,,0,100,,1276,39,,,0,105,,1275,39,,,0,105,,1274,39,,,0,105,,1273,39,,,0,100,,1278,39,,,0
601,'KerOffPriveOff',622,,1310,33,,,0,35,,1288,39,,,0,82,,1283,39,,,0,74,,1294,39,,,0,36,,1300,39,,,0,74,,1287,39,,,0,35,,1289,39,,,0,75,,1284,39,,,0,75,,1295,39,,,0,35,,1301,39,,,0,75,,1293,39,,,0,35,,1290,39,,,0,75,,1285,39,,,0,75,,1296,39,,,0,35,,1302,39,,,0,81,,1299,39,,,0,38,,1291,39,,,0,58,,1311,39,,,0,19,,1286,39,,,0,74,,1297,39,,,0,34,,1303,39,,,0,75,,1298,39,,,0,35,,1292,39,,,0,79,,1308,39,,,0,100,,1307,39,,,0,105,,1306,39,,,0,105,,1305,39,,,0,105,,1304,39,,,0,100,,1309,39,,,0
601,'Samedi',620,,1328,33,,,0,105,,1312,39,,,0,105,,1320,39,,,0,106,,1313,39,,,0,105,,1321,39,,,0,105,,1314,39,,,0,105,,1322,39,,,0,104,,1315,39,,,0,145,,1323,39,,,0,105,,1316,39,,,0,106,,1324,39,,,0,104,,1317,39,,,0,105,,1325,39,,,0,105,,1318,39,,,0,105,,1326,39,,,0,105,,1319,39,,,0,105,,1327,39,,,0,97,,1329,39,,,0
8901,'CsRoyOff',2031,,4880,43,,,0,105,,4879,43,,,0,105,,4878,43,,,0,105,,4877,43,,,0
8901,'CsRoyOffKerOff',2031,,4884,43,,,0,105,,4883,43,,,0,105,,4882,43,,,0,105,,4881,43,,,0
8901,'Dimanche',849,,4886,43,,,0,105,,4888,43,,,0,146,,4890,43,,,0,105,,4891,43,,,0,105,,4892,43,,,0,105,,4893,43,,,0,105,,4894,43,,,0,105,,4895,43,,,0,105,,4885,43,,,0,104,,4889,43,,,0,101,,4887,43,,,0
8901,'EventOff',2031,,4899,43,,,0,105,,4898,43,,,0,105,,4897,43,,,0,105,,4896,43,,,0
8901,'EventOn',2031,,4903,43,,,0,105,,4902,43,,,0,105,,4901,43,,,0,105,,4900,43,,,0
8901,'KerOffPriveOff',2031,,4907,43,,,0,105,,4906,43,,,0,105,,4905,43,,,0,105,,4904,43,,,0
8901,'Samedi',725,,4916,43,,,0,105,,4908,43,,,0,106,,4917,43,,,0,105,,4909,43,,,0,105,,4918,43,,,0,105,,4910,43,,,0,104,,4919,43,,,0,145,,4911,43,,,0,105,,4920,43,,,0,106,,4912,43,,,0,104,,4921,43,,,0,105,,4913,43,,,0,105,,4922,43,,,0,105,,4914,43,,,0,105,,4923,43,,,0,105,,4915,43,,,0
160900100,'EventOn',1557,,4946,23,,,0
160900100,'KerOffPriveOff',1557,,4947,23,,,0
