6001,'CsRoyOff',624,,4652,7,,,0,31,,4663,7,,,0,78,,4653,7,,,0,76,,4664,7,,,0,35,,4654,7,,,0,76,,4665,7,,,0,34,,4655,7,,,0,75,,4666,7,,,0,75,,4656,7,,,0,35,,4667,7,,,0,75,,4657,7,,,0,34,,4668,7,,,0,75,,4658,7,,,0,27,,4669,7,,,0,80,,4679,7,,,0,71,,4659,7,,,0,44,,4670,7,,,0,71,,4660,7,,,0,38,,4671,7,,,0,76,,4661,7,,,0,75,,4672,7,,,0,30,,4662,7,,,0,111,,4675,7,,,0,105,,4677,7,,,0,105,,4676,7,,,0,145,,4674,7,,,0,105,,4673,7,,,0
6001,'CsRoyOffKerOff',624,,4680,7,,,0,31,,4691,7,,,0,78,,4681,7,,,0,76,,4692,7,,,0,35,,4682,7,,,0,76,,4693,7,,,0,34,,4683,7,,,0,75,,4694,7,,,0,75,,4684,7,,,0,35,,4695,7,,,0,75,,4685,7,,,0,34,,4696,7,,,0,75,,4686,7,,,0,27,,4697,7,,,0,80,,4707,7,,,0,71,,4687,7,,,0,44,,4698,7,,,0,71,,4688,7,,,0,38,,4699,7,,,0,76,,4689,7,,,0,75,,4700,7,,,0,30,,4690,7,,,0,111,,4703,7,,,0,105,,4705,7,,,0,105,,4704,7,,,0,145,,4702,7,,,0,105,,4701,7,,,0
6001,'Dimanche',912,,4708,7,,,0,105,,4710,7,,,0,105,,4711,7,,,0,104,,4713,7,,,0,105,,4714,7,,,0,105,,4715,7,,,0,105,,4716,7,,,0,105,,4717,7,,,0,106,,4712,7,,,0,105,,4709,7,,,0
6001,'EventOff',624,,4718,7,,,0,31,,4729,7,,,0,78,,4719,7,,,0,76,,4730,7,,,0,35,,4720,7,,,0,76,,4731,7,,,0,34,,4721,7,,,0,75,,4732,7,,,0,75,,4722,7,,,0,35,,4733,7,,,0,75,,4723,7,,,0,34,,4734,7,,,0,75,,4724,7,,,0,27,,4735,7,,,0,80,,4745,7,,,0,71,,4725,7,,,0,44,,4736,7,,,0,71,,4726,7,,,0,38,,4737,7,,,0,76,,4727,7,,,0,75,,4738,7,,,0,30,,4728,7,,,0,111,,4741,7,,,0,105,,4743,7,,,0,105,,4742,7,,,0,145,,4740,7,,,0,105,,4739,7,,,0
6001,'EventOn',624,,4746,7,,,0,31,,4757,7,,,0,78,,4747,7,,,0,74,,4774,7,0,19,0,2,,4758,7,,,0,35,,4748,7,,,0,76,,4759,7,,,0,34,,4749,7,,,0,75,,4760,7,,,0,75,,4750,7,,,0,35,,4761,7,,,0,75,,4751,7,,,0,34,,4762,7,,,0,75,,4752,7,,,0,27,,4763,7,,,0,80,,4773,7,,,0,71,,4753,7,,,0,44,,4764,7,,,0,1,,4776,7,0,14 15,0,70,,4754,7,,,0,38,,4765,7,,,0,76,,4755,7,,,0,75,,4766,7,,,0,30,,4756,7,,,0,111,,4769,7,,,0,105,,4771,7,,,0,105,,4770,7,,,0,145,,4768,7,,,0,105,,4767,7,,,0
6001,'KerOffPriveOff',624,,4777,7,,,0,31,,4788,7,,,0,78,,4778,7,,,0,74,,4805,7,0,19,0,2,,4789,7,,,0,35,,4779,7,,,0,76,,4790,7,,,0,34,,4780,7,,,0,75,,4791,7,,,0,75,,4781,7,,,0,35,,4792,7,,,0,75,,4782,7,,,0,34,,4793,7,,,0,75,,4783,7,,,0,27,,4794,7,,,0,80,,4804,7,,,0,71,,4784,7,,,0,44,,4795,7,,,0,1,,4807,7,0,14 15,0,70,,4785,7,,,0,38,,4796,7,,,0,76,,4786,7,,,0,75,,4797,7,,,0,30,,4787,7,,,0,111,,4800,7,,,0,105,,4802,7,,,0,105,,4801,7,,,0,145,,4799,7,,,0,105,,4798,7,,,0
6001,'Samedi',642,,4813,7,,,0,105,,4819,7,,,0,105,,4808,7,,,0,105,,4814,7,,,0,144,,4820,7,,,0,105,,4809,7,,,0,106,,4815,7,,,0,105,,4821,7,,,0,105,,4810,7,,,0,104,,4816,7,,,0,105,,4822,7,,,0,106,,4811,7,,,0,105,,4817,7,,,0,105,,4823,7,,,0,105,,4812,7,,,0,105,,4818,7,,,0,145,,4824,7,,,0
111800501,'CsRoyOff',738,,4941,7,,,0,880,,4942,7,0,14 15,0
111800501,'CsRoyOffKerOff',1618,,4943,7,0,14 15,0
111800501,'EventOn',738,,4944,7,,,0,880,,4945,7,0,14 15,0
19200300001,'CsRoyOff',738,,5015,7,0,11 18,0
19200300001,'CsRoyOffKerOff',738,,5016,7,0,11 18,0
19200300001,'EventOn',738,,5017,7,0,11 18,0
