6000,'CsRoyOff',617,,4473,14,,,0,27,,4484,33,,,0,81,,4474,33,,,0,33,,4485,33,,,0,79,,4475,33,,,0,75,,4486,33,,,0,33,,4476,33,,,0,76,,4487,33,,,0,34,,4477,33,,,0,76,,4488,33,,,0,73,,4478,33,,,0,36,,4489,33,,,0,75,,4479,33,,,0,28,,4490,33,,,0,78,,4501,33,,,0,25,,4480,33,,,0,80,,4491,33,,,0,81,,4481,33,,,0,39,,4492,33,,,0,71,,4482,33,,,0,34,,4493,33,,,0,75,,4483,33,,,0,75,,4494,33,,,0,38,,4495,33,,,0,105,,4500,33,,,0,105,,4499,33,,,0,105,,4498,33,,,0,105,,4496,33,,,0
6000,'CsRoyOffKerOff',617,,4502,14,,,0,27,,4513,33,,,0,81,,4503,33,,,0,33,,4514,33,,,0,79,,4504,33,,,0,75,,4515,33,,,0,33,,4505,33,,,0,76,,4516,33,,,0,34,,4506,33,,,0,76,,4517,33,,,0,73,,4507,33,,,0,36,,4518,33,,,0,75,,4508,33,,,0,28,,4519,33,,,0,78,,4530,33,,,0,25,,4509,33,,,0,80,,4520,33,,,0,81,,4510,33,,,0,39,,4521,33,,,0,71,,4511,33,,,0,34,,4522,33,,,0,75,,4512,33,,,0,75,,4523,33,,,0,38,,4524,33,,,0,105,,4529,33,,,0,105,,4528,33,,,0,105,,4527,33,,,0,105,,4525,33,,,0
6000,'Dimanche',906,,4531,33,,,0,105,,4532,33,,,0,104,,4534,33,,,0,105,,4536,33,,,0,105,,4537,33,,,0,105,,4538,33,,,0,105,,4539,33,,,0,105,,4540,33,,,0,106,,4535,33,,,0,103,,4533,33,,,0
6000,'EventOff',617,,4541,14,,,0,27,,4552,33,,,0,81,,4542,33,,,0,33,,4553,33,,,0,79,,4543,33,,,0,75,,4554,33,,,0,33,,4544,33,,,0,76,,4555,33,,,0,34,,4545,33,,,0,76,,4556,33,,,0,73,,4546,33,,,0,36,,4557,33,,,0,75,,4547,33,,,0,28,,4558,33,,,0,78,,4569,33,,,0,25,,4548,33,,,0,80,,4559,33,,,0,81,,4549,33,,,0,39,,4560,33,,,0,71,,4550,33,,,0,34,,4561,33,,,0,75,,4551,33,,,0,75,,4562,33,,,0,38,,4563,33,,,0,105,,4568,33,,,0,105,,4567,33,,,0,105,,4566,33,,,0,105,,4564,33,,,0
6000,'EventOn',617,,4570,14,,,0,27,,4581,33,,,0,81,,4571,33,,,0,33,,4582,33,,,0,42,,4600,2,0,19,0,37,,4572,33,,,0,75,,4583,33,,,0,33,,4573,33,,,0,76,,4584,33,,,0,34,,4574,33,,,0,76,,4585,33,,,0,73,,4575,33,,,0,36,,4586,33,,,0,75,,4576,33,,,0,28,,4587,33,,,0,78,,4598,33,,,0,25,,4577,33,,,0,80,,4588,33,,,0,13,,4601,2,0,14 15,0,68,,4578,33,,,0,39,,4589,33,,,0,71,,4579,33,,,0,34,,4590,33,,,0,75,,4580,33,,,0,75,,4591,33,,,0,38,,4592,33,,,0,105,,4597,33,,,0,105,,4596,33,,,0,105,,4595,33,,,0,105,,4593,33,,,0
6000,'KerOffPriveOff',617,,4602,14,,,0,27,,4613,33,,,0,81,,4603,33,,,0,33,,4614,33,,,0,42,,4632,2,0,19,0,37,,4604,33,,,0,75,,4615,33,,,0,33,,4605,33,,,0,76,,4616,33,,,0,34,,4606,33,,,0,76,,4617,33,,,0,73,,4607,33,,,0,36,,4618,33,,,0,75,,4608,33,,,0,28,,4619,33,,,0,78,,4630,33,,,0,25,,4609,33,,,0,80,,4620,33,,,0,13,,4633,2,0,14 15,0,68,,4610,33,,,0,39,,4621,33,,,0,71,,4611,33,,,0,34,,4622,33,,,0,75,,4612,33,,,0,75,,4623,33,,,0,38,,4624,33,,,0,105,,4629,33,,,0,105,,4628,33,,,0,105,,4627,33,,,0,105,,4625,33,,,0
6000,'Samedi',636,,4639,33,,,0,104,,4645,33,,,0,105,,4634,33,,,0,105,,4640,33,,,0,105,,4646,33,,,0,145,,4635,33,,,0,106,,4641,33,,,0,105,,4647,33,,,0,105,,4636,33,,,0,105,,4642,33,,,0,104,,4648,33,,,0,105,,4637,33,,,0,105,,4643,33,,,0,105,,4649,33,,,0,105,,4638,33,,,0,105,,4644,33,,,0,105,,4650,33,,,0
19200300000,'CsRoyOff',730,,5009,14,0,11 18,0
19200300000,'CsRoyOffKerOff',730,,5011,14,0,11 18,0
19200300000,'EventOn',730,,5013,14,0,11 18,0
