200,'CsRoyOff',643,,17,38,4,,0,75,,6,38,4,,0,41,,12,38,4,,0,75,,1,38,4,,0,75,,18,38,4,,0,34,,7,38,4,,0,75,,13,38,4,,0,35,,2,38,4,,0,76,,19,38,4,,0,75,,8,38,4,,0,35,,14,38,4,,0,75,,3,38,4,,0,35,,20,38,4,,0,75,,9,38,4,,0,35,,15,38,4,,0,80,,4,38,4,,0,79,,21,38,4,,0,37,,10,38,4,,0,75,,16,38,4,,0,72,,5,38,4,,0,34,,22,38,4,,0,75,,11,38,4,,0,105,,27,38,4,,0,105,,26,38,4,,0,105,,25,38,4,,0,105,,24,38,4,,0,105,,23,38,4,,0
200,'CsRoyOffKerOff',643,,44,38,4,,0,75,,33,38,4,,0,41,,39,38,4,,0,75,,28,38,4,,0,75,,45,38,4,,0,34,,34,38,4,,0,75,,40,38,4,,0,35,,29,38,4,,0,76,,46,38,4,,0,75,,35,38,4,,0,35,,41,38,4,,0,75,,30,38,4,,0,35,,47,38,4,,0,75,,36,38,4,,0,35,,42,38,4,,0,80,,31,38,4,,0,79,,48,38,4,,0,37,,37,38,4,,0,75,,43,38,4,,0,72,,32,38,4,,0,34,,49,38,4,,0,75,,38,38,4,,0,105,,54,38,4,,0,105,,53,38,4,,0,105,,52,38,4,,0,105,,51,38,4,,0,105,,50,38,4,,0
200,'Dimanche',942,,58,38,4,,0,105,,59,38,4,,0,105,,60,38,4,,0,105,,61,38,4,,0,145,,62,38,4,,0,106,,63,38,4,,0,105,,64,38,4,,0,105,,56,38,4,,0,104,,55,38,4,,0,104,,57,38,4,,0
200,'EventOff',643,,81,38,4,,0,75,,70,38,4,,0,41,,76,38,4,,0,75,,65,38,4,,0,75,,82,38,4,,0,34,,71,38,4,,0,75,,77,38,4,,0,35,,66,38,4,,0,76,,83,38,4,,0,75,,72,38,4,,0,35,,78,38,4,,0,75,,67,38,4,,0,35,,84,38,4,,0,75,,73,38,4,,0,35,,79,38,4,,0,80,,68,38,4,,0,79,,85,38,4,,0,37,,74,38,4,,0,75,,80,38,4,,0,72,,69,38,4,,0,34,,86,38,4,,0,75,,75,38,4,,0,105,,91,38,4,,0,105,,90,38,4,,0,105,,89,38,4,,0,105,,88,38,4,,0,105,,87,38,4,,0
200,'EventOn',643,,108,38,4,,0,75,,97,38,4,,0,41,,103,38,4,,0,75,,92,38,4,,0,75,,109,38,4,,0,34,,98,38,4,,0,75,,104,38,4,,0,35,,93,38,4,,0,76,,110,38,4,,0,75,,99,38,4,,0,35,,105,38,4,,0,75,,94,38,4,,0,35,,111,38,4,,0,75,,100,38,4,,0,35,,106,38,4,,0,80,,95,38,4,,0,79,,112,38,4,,0,37,,101,38,4,,0,75,,107,38,4,,0,72,,96,38,4,,0,34,,113,38,4,,0,75,,102,38,4,,0,105,,118,38,4,,0,105,,117,38,4,,0,105,,116,38,4,,0,105,,115,38,4,,0,105,,114,38,4,,0
200,'KerOffPriveOff',643,,135,38,4,,0,75,,124,38,4,,0,41,,130,38,4,,0,75,,119,38,4,,0,75,,136,38,4,,0,34,,125,38,4,,0,75,,131,38,4,,0,35,,120,38,4,,0,76,,137,38,4,,0,75,,126,38,4,,0,35,,132,38,4,,0,75,,121,38,4,,0,35,,138,38,4,,0,75,,127,38,4,,0,35,,133,38,4,,0,80,,122,38,4,,0,79,,139,38,4,,0,37,,128,38,4,,0,75,,134,38,4,,0,72,,123,38,4,,0,34,,140,38,4,,0,75,,129,38,4,,0,105,,145,38,4,,0,105,,144,38,4,,0,105,,143,38,4,,0,105,,142,38,4,,0,105,,141,38,4,,0
200,'Samedi',710,,146,38,4,,0,105,,147,38,4,,0,106,,148,38,4,,0,106,,149,38,4,,0,105,,150,38,4,,0,105,,151,38,4,,0,105,,152,38,4,,0,106,,153,38,4,,0,105,,154,38,4,,0,105,,155,38,4,,0,144,,156,38,4,,0,104,,157,38,4,,0,105,,158,38,4,,0,105,,159,38,4,,0,104,,160,38,4,,0,105,,161,38,4,,0,104,,162,38,4,,0
201,'CsRoyOff',613,,163,1,,,0,39,,179,1,,,0,76,,169,1,,,0,82,,174,1,,,0,33,,164,1,,,0,74,,180,1,,,0,35,,170,1,,,0,74,,175,1,,,0,75,,165,1,,,0,36,,181,1,,,0,75,,171,1,,,0,35,,176,1,,,0,75,,166,1,,,0,35,,182,1,,,0,75,,172,1,,,0,80,,177,1,,,0,38,,167,1,,,0,77,,183,1,,,0,78,,173,1,,,0,33,,178,1,,,0,75,,168,1,,,0,34,,189,1,,,0,74,,185,1,,,0,105,,188,1,,,0,105,,187,1,,,0,105,,186,1,,,0,105,,184,1,,,0
201,'CsRoyOffKerOff',613,,190,1,,,0,39,,206,1,,,0,76,,196,1,,,0,82,,201,1,,,0,33,,191,1,,,0,74,,207,1,,,0,35,,197,1,,,0,74,,202,1,,,0,75,,192,1,,,0,36,,208,1,,,0,75,,198,1,,,0,35,,203,1,,,0,75,,193,1,,,0,35,,209,1,,,0,75,,199,1,,,0,80,,204,1,,,0,38,,194,1,,,0,77,,210,1,,,0,78,,200,1,,,0,33,,205,1,,,0,75,,195,1,,,0,34,,216,1,,,0,74,,212,1,,,0,105,,215,1,,,0,105,,214,1,,,0,105,,213,1,,,0,105,,211,1,,,0
201,'Dimanche',845,,219,1,,,0,105,,220,1,,,0,104,,221,1,,,0,105,,222,1,,,0,145,,223,1,,,0,105,,224,1,,,0,104,,225,1,,,0,107,,226,1,,,0,105,,218,1,,,0,105,,217,1,,,0
201,'EventOff',613,,227,1,,,0,39,,243,1,,,0,76,,233,1,,,0,82,,238,1,,,0,33,,228,1,,,0,74,,244,1,,,0,35,,234,1,,,0,74,,239,1,,,0,75,,229,1,,,0,36,,245,1,,,0,75,,235,1,,,0,35,,240,1,,,0,75,,230,1,,,0,35,,246,1,,,0,75,,236,1,,,0,80,,241,1,,,0,38,,231,1,,,0,77,,247,1,,,0,78,,237,1,,,0,33,,242,1,,,0,75,,232,1,,,0,34,,253,1,,,0,74,,249,1,,,0,105,,252,1,,,0,105,,251,1,,,0,105,,250,1,,,0,105,,248,1,,,0
201,'EventOn',613,,254,1,,,0,39,,270,1,,,0,76,,260,1,,,0,82,,265,1,,,0,33,,255,1,,,0,74,,271,1,,,0,35,,261,1,,,0,74,,266,1,,,0,75,,256,1,,,0,36,,272,1,,,0,75,,262,1,,,0,35,,267,1,,,0,75,,257,1,,,0,35,,273,1,,,0,75,,263,1,,,0,80,,268,1,,,0,38,,258,1,,,0,77,,274,1,,,0,78,,264,1,,,0,33,,269,1,,,0,75,,259,1,,,0,34,,280,1,,,0,74,,276,1,,,0,105,,279,1,,,0,105,,278,1,,,0,105,,277,1,,,0,105,,275,1,,,0
201,'KerOffPriveOff',613,,281,1,,,0,39,,297,1,,,0,76,,287,1,,,0,82,,292,1,,,0,33,,282,1,,,0,74,,298,1,,,0,35,,288,1,,,0,74,,293,1,,,0,75,,283,1,,,0,36,,299,1,,,0,75,,289,1,,,0,35,,294,1,,,0,75,,284,1,,,0,35,,300,1,,,0,75,,290,1,,,0,80,,295,1,,,0,38,,285,1,,,0,77,,301,1,,,0,78,,291,1,,,0,33,,296,1,,,0,75,,286,1,,,0,34,,307,1,,,0,74,,303,1,,,0,105,,306,1,,,0,105,,305,1,,,0,105,,304,1,,,0,105,,302,1,,,0
201,'Samedi',615,,308,1,,,0,105,,309,1,,,0,105,,310,1,,,0,105,,311,1,,,0,107,,312,1,,,0,105,,313,1,,,0,104,,314,1,,,0,105,,315,1,,,0,104,,316,1,,,0,145,,317,1,,,0,106,,318,1,,,0,106,,319,1,,,0,105,,320,1,,,0,105,,321,1,,,0,105,,322,1,,,0,104,,323,1,,,0,104,,324,1,,,0
