600,'CsRoyOff',639,,1003,10,,,0,80,,995,10,,,0,20,,1015,10,0,6,0,15,,988,10,,,0,75,,999,10,,,0,73,,1005,10,,,0,35,,994,10,,,0,75,,996,10,,,0,35,,989,10,,,0,75,,1000,10,,,0,35,,1006,10,,,0,75,,992,10,,,0,75,,997,10,,,0,35,,990,10,,,0,76,,1001,10,,,0,35,,1007,10,,,0,80,,1004,10,,,0,76,,998,10,,,0,39,,991,10,,,0,75,,1002,10,,,0,35,,1008,10,,,0,74,,993,10,,,0,109,,1010,10,,,0,99,,1013,10,,,0,105,,1012,10,,,0,107,,1011,10,,,0,103,,1009,10,,,0
600,'CsRoyOffKerOff',639,,1031,10,,,0,80,,1023,10,,,0,35,,1016,10,,,0,75,,1027,10,,,0,73,,1033,10,,,0,35,,1022,10,,,0,75,,1024,10,,,0,35,,1017,10,,,0,75,,1028,10,,,0,35,,1034,10,,,0,75,,1020,10,,,0,75,,1025,10,,,0,35,,1018,10,,,0,76,,1029,10,,,0,35,,1035,10,,,0,80,,1032,10,,,0,76,,1026,10,,,0,39,,1019,10,,,0,75,,1030,10,,,0,35,,1036,10,,,0,74,,1021,10,,,0,109,,1038,10,,,0,99,,1041,10,,,0,105,,1040,10,,,0,107,,1039,10,,,0,103,,1037,10,,,0
600,'Dimanche',859,,1044,10,,,0,145,,1047,10,,,0,106,,1046,10,,,0,106,,1048,10,,,0,105,,1049,10,,,0,105,,1050,10,,,0,105,,1051,10,,,0,105,,1052,10,,,0,105,,1043,10,,,0,104,,1045,10,,,0
600,'EventOff',639,,1068,10,,,0,80,,1060,10,,,0,35,,1053,10,,,0,75,,1064,10,,,0,73,,1070,10,,,0,35,,1059,10,,,0,75,,1061,10,,,0,35,,1054,10,,,0,75,,1065,10,,,0,35,,1071,10,,,0,75,,1057,10,,,0,75,,1062,10,,,0,35,,1055,10,,,0,76,,1066,10,,,0,35,,1072,10,,,0,80,,1069,10,,,0,76,,1063,10,,,0,39,,1056,10,,,0,75,,1067,10,,,0,35,,1073,10,,,0,74,,1058,10,,,0,109,,1075,10,,,0,99,,1078,10,,,0,105,,1077,10,,,0,107,,1076,10,,,0,103,,1074,10,,,0
600,'EventOn',639,,1095,10,,,0,80,,1087,10,,,0,20,,1107,10,0,6,0,15,,1080,10,,,0,75,,1091,10,,,0,73,,1097,10,,,0,35,,1086,10,,,0,75,,1088,10,,,0,35,,1081,10,,,0,75,,1092,10,,,0,35,,1098,10,,,0,75,,1084,10,,,0,75,,1089,10,,,0,35,,1082,10,,,0,76,,1093,10,,,0,35,,1099,10,,,0,80,,1096,10,,,0,76,,1090,10,,,0,39,,1083,10,,,0,75,,1094,10,,,0,35,,1100,10,,,0,74,,1085,10,,,0,109,,1102,10,,,0,99,,1105,10,,,0,105,,1104,10,,,0,107,,1103,10,,,0,103,,1101,10,,,0
600,'KerOffPriveOff',639,,1124,10,,,0,80,,1116,10,,,0,35,,1109,10,,,0,75,,1120,10,,,0,73,,1126,10,,,0,35,,1115,10,,,0,75,,1117,10,,,0,35,,1110,10,,,0,75,,1121,10,,,0,35,,1127,10,,,0,75,,1113,10,,,0,75,,1118,10,,,0,35,,1111,10,,,0,76,,1122,10,,,0,35,,1128,10,,,0,80,,1125,10,,,0,76,,1119,10,,,0,39,,1112,10,,,0,75,,1123,10,,,0,35,,1129,10,,,0,74,,1114,10,,,0,109,,1131,10,,,0,99,,1134,10,,,0,105,,1133,10,,,0,107,,1132,10,,,0,103,,1130,10,,,0
600,'Samedi',633,,1137,10,,,0,103,,1146,10,,,0,105,,1138,10,,,0,106,,1147,10,,,0,105,,1139,10,,,0,105,,1148,10,,,0,145,,1140,10,,,0,104,,1149,10,,,0,104,,1141,10,,,0,106,,1150,10,,,0,106,,1142,10,,,0,104,,1151,10,,,0,105,,1143,10,,,0,105,,1152,10,,,0,105,,1144,10,,,0,105,,1153,10,,,0,105,,1145,10,,,0
900,'CsRoyOff',646,,1654,9,0,20,0,79,,1668,9,0,20,0,75,,1655,9,0,20,0,36,,1665,9,0,20,0,75,,1656,9,0,20,0,35,,1669,9,0,20,0,75,,1657,9,0,20,0,111,,1658,9,0,20,0,110,,1659,9,0,20,0,111,,1660,9,0,20,0,75,,1666,9,0,20,0,76,,1661,9,0,20,0,39,,1667,9,0,20,0,77,,1662,9,0,20,0,37,,1670,9,0,20,0,76,,1663,9,0,20,0,107,,1664,9,0,20,0
900,'CsRoyOffKerOff',646,,1673,9,0,20,0,79,,1687,9,0,20,0,75,,1674,9,0,20,0,36,,1684,9,0,20,0,75,,1675,9,0,20,0,35,,1688,9,0,20,0,75,,1676,9,0,20,0,111,,1677,9,0,20,0,110,,1678,9,0,20,0,111,,1679,9,0,20,0,75,,1685,9,0,20,0,76,,1680,9,0,20,0,39,,1686,9,0,20,0,77,,1681,9,0,20,0,37,,1689,9,0,20,0,76,,1682,9,0,20,0,107,,1683,9,0,20,0
900,'EventOff',646,,1691,9,0,20,0,79,,1705,9,0,20,0,75,,1692,9,0,20,0,36,,1702,9,0,20,0,75,,1693,9,0,20,0,35,,1706,9,0,20,0,75,,1694,9,0,20,0,111,,1695,9,0,20,0,110,,1696,9,0,20,0,111,,1697,9,0,20,0,75,,1703,9,0,20,0,76,,1698,9,0,20,0,39,,1704,9,0,20,0,77,,1699,9,0,20,0,37,,1707,9,0,20,0,76,,1700,9,0,20,0,107,,1701,9,0,20,0
900,'EventOn',646,,1708,9,0,20,0,79,,1722,9,0,20,0,75,,1709,9,0,20,0,36,,1719,9,0,20,0,75,,1710,9,0,20,0,35,,1723,9,0,20,0,75,,1711,9,0,20,0,111,,1712,9,0,20,0,110,,1713,9,0,20,0,111,,1714,9,0,20,0,75,,1720,9,0,20,0,76,,1715,9,0,20,0,39,,1721,9,0,20,0,77,,1716,9,0,20,0,37,,1724,9,0,20,0,76,,1717,9,0,20,0,107,,1718,9,0,20,0
900,'KerOffPriveOff',646,,1727,9,0,20,0,79,,1741,9,0,20,0,75,,1728,9,0,20,0,36,,1738,9,0,20,0,75,,1729,9,0,20,0,35,,1742,9,0,20,0,75,,1730,9,0,20,0,111,,1731,9,0,20,0,110,,1732,9,0,20,0,111,,1733,9,0,20,0,75,,1739,9,0,20,0,76,,1734,9,0,20,0,39,,1740,9,0,20,0,77,,1735,9,0,20,0,37,,1743,9,0,20,0,76,,1736,9,0,20,0,107,,1737,9,0,20,0
8900,'CsRoyOff',1940,,4827,10,,,0,100,,4829,10,,,0,105,,4828,10,,,0,107,,4826,10,,,0,103,,4825,10,,,0
8900,'CsRoyOffKerOff',1940,,4832,10,,,0,100,,4834,10,,,0,105,,4833,10,,,0,107,,4831,10,,,0,103,,4830,10,,,0
8900,'Dimanche',859,,4836,10,,,0,145,,4838,10,,,0,106,,4839,10,,,0,105,,4840,10,,,0,105,,4842,10,,,0,105,,4841,10,,,0,105,,4843,10,,,0,105,,4844,10,,,0,105,,4835,10,,,0,104,,4837,10,,,0
8900,'EventOff',1940,,4847,10,,,0,100,,4849,10,,,0,105,,4848,10,,,0,107,,4846,10,,,0,103,,4845,10,,,0
8900,'EventOn',1940,,4852,10,,,0,100,,4854,10,,,0,105,,4853,10,,,0,107,,4851,10,,,0,103,,4850,10,,,0
8900,'KerOffPriveOff',1940,,4857,10,,,0,100,,4859,10,,,0,105,,4858,10,,,0,107,,4856,10,,,0,103,,4855,10,,,0
8900,'Samedi',632,,4876,10,,,0,103,,4860,10,,,0,105,,4868,10,,,0,106,,4861,10,,,0,105,,4869,10,,,0,105,,4862,10,,,0,145,,4870,10,,,0,104,,4863,10,,,0,104,,4871,10,,,0,106,,4864,10,,,0,106,,4872,10,,,0,104,,4865,10,,,0,105,,4873,10,,,0,105,,4866,10,,,0,105,,4874,10,,,0,105,,4867,10,,,0,105,,4875,10,,,0
111800401,'CsRoyOff',1609,,4934,15,,,0
111800401,'EventOn',1609,,4935,15,,,0
160900101,'EventOn',739,,4948,10,,,0
160900101,'KerOffPriveOff',739,,4949,10,,,0
