500,'CsRoyOff',630,,654,22,,,0,76,,663,22,,,0,26,,681,22,,,0,15,,671,22,,,0,75,,668,22,,,0,35,,659,22,,,0,75,,655,22,,,0,75,,664,22,,,0,35,,672,22,,,0,75,,667,22,,,0,35,,660,22,,,0,75,,656,22,,,0,75,,665,22,,,0,35,,673,22,,,0,75,,670,22,,,0,35,,661,22,,,0,80,,657,22,,,0,78,,666,22,,,0,36,,674,22,,,0,75,,669,22,,,0,35,,662,22,,,0,74,,658,22,,,0,75,,680,22,,,0,105,,679,22,,,0,105,,678,22,,,0,105,,677,22,,,0,105,,676,22,,,0,105,,675,22,,,0
500,'CsRoyOffKerOff',630,,682,22,,,0,76,,691,22,,,0,26,,709,22,,,0,15,,699,22,,,0,75,,696,22,,,0,35,,687,22,,,0,75,,683,22,,,0,75,,692,22,,,0,35,,700,22,,,0,75,,695,22,,,0,35,,688,22,,,0,75,,684,22,,,0,75,,693,22,,,0,35,,701,22,,,0,75,,698,22,,,0,35,,689,22,,,0,80,,685,22,,,0,78,,694,22,,,0,36,,702,22,,,0,75,,697,22,,,0,35,,690,22,,,0,74,,686,22,,,0,75,,708,22,,,0,105,,707,22,,,0,105,,706,22,,,0,105,,705,22,,,0,105,,704,22,,,0,105,,703,22,,,0
500,'Dimanche',929,,712,22,,,0,105,,715,22,,,0,105,,714,22,,,0,105,,716,22,,,0,107,,717,22,,,0,105,,718,22,,,0,145,,719,22,,,0,105,,713,22,,,0,105,,710,22,,,0,103,,711,22,,,0
500,'EventOff',630,,720,22,,,0,76,,729,22,,,0,26,,747,22,,,0,15,,737,22,,,0,75,,734,22,,,0,35,,725,22,,,0,75,,721,22,,,0,75,,730,22,,,0,35,,738,22,,,0,75,,733,22,,,0,35,,726,22,,,0,75,,722,22,,,0,75,,731,22,,,0,35,,739,22,,,0,75,,736,22,,,0,35,,727,22,,,0,80,,723,22,,,0,78,,732,22,,,0,36,,740,22,,,0,75,,735,22,,,0,35,,728,22,,,0,74,,724,22,,,0,75,,746,22,,,0,105,,745,22,,,0,105,,744,22,,,0,105,,743,22,,,0,105,,742,22,,,0,105,,741,22,,,0
500,'EventOn',630,,748,22,,,0,76,,757,22,,,0,26,,775,22,,,0,15,,765,22,,,0,75,,762,22,,,0,35,,753,22,,,0,75,,749,22,,,0,75,,758,22,,,0,35,,766,22,,,0,75,,761,22,,,0,35,,754,22,,,0,75,,750,22,,,0,75,,759,22,,,0,35,,767,22,,,0,75,,764,22,,,0,35,,755,22,,,0,80,,751,22,,,0,78,,760,22,,,0,12,,776,22,,,0,24,,768,22,,,0,75,,763,22,,,0,35,,756,22,,,0,74,,752,22,,,0,75,,774,22,,,0,105,,773,22,,,0,105,,772,22,,,0,105,,771,22,,,0,105,,770,22,,,0,105,,769,22,,,0
500,'KerOffPriveOff',630,,777,22,,,0,76,,786,22,,,0,26,,804,22,,,0,15,,794,22,,,0,75,,791,22,,,0,35,,782,22,,,0,75,,778,22,,,0,75,,787,22,,,0,35,,795,22,,,0,75,,790,22,,,0,35,,783,22,,,0,75,,779,22,,,0,75,,788,22,,,0,35,,796,22,,,0,75,,793,22,,,0,35,,784,22,,,0,80,,780,22,,,0,78,,789,22,,,0,12,,805,22,,,0,24,,797,22,,,0,75,,792,22,,,0,35,,785,22,,,0,74,,781,22,,,0,75,,803,22,,,0,105,,802,22,,,0,105,,801,22,,,0,105,,800,22,,,0,105,,799,22,,,0,105,,798,22,,,0
500,'Samedi',659,,817,22,,,0,145,,806,22,,,0,105,,812,22,,,0,105,,818,22,,,0,105,,807,22,,,0,105,,813,22,,,0,107,,819,22,,,0,105,,808,22,,,0,105,,814,22,,,0,105,,820,22,,,0,105,,809,22,,,0,103,,815,22,,,0,105,,821,22,,,0,145,,810,22,,,0,105,,816,22,,,0,105,,822,22,,,0,105,,811,22,,,0
6001,'CsRoyOff',613,,4678,14,,,0,34,,4652,38,,,0,74,,4663,38,,,0,82,,4653,38,,,0,33,,4664,38,,,0,72,,4654,38,,,0,36,,4665,38,,,0,74,,4655,38,,,0,35,,4666,38,,,0,76,,4656,38,,,0,75,,4667,38,,,0,35,,4657,38,,,0,73,,4668,38,,,0,35,,4658,38,,,0,67,,4669,38,,,0,40,,4679,38,,,0,71,,4659,38,,,0,84,,4670,38,,,0,30,,4660,38,,,0,77,,4671,38,,,0,36,,4661,38,,,0,75,,4672,38,,,0,29,,4662,38,,,0,153,,4675,38,,,0,105,,4677,38,,,0,105,,4676,38,,,0,105,,4674,38,,,0,103,,4673,38,,,0
6001,'CsRoyOffKerOff',613,,4706,14,,,0,34,,4680,38,,,0,74,,4691,38,,,0,82,,4681,38,,,0,33,,4692,38,,,0,72,,4682,38,,,0,36,,4693,38,,,0,74,,4683,38,,,0,35,,4694,38,,,0,76,,4684,38,,,0,75,,4695,38,,,0,35,,4685,38,,,0,73,,4696,38,,,0,35,,4686,38,,,0,67,,4697,38,,,0,40,,4707,38,,,0,71,,4687,38,,,0,84,,4698,38,,,0,30,,4688,38,,,0,77,,4699,38,,,0,36,,4689,38,,,0,75,,4700,38,,,0,29,,4690,38,,,0,153,,4703,38,,,0,105,,4705,38,,,0,105,,4704,38,,,0,105,,4702,38,,,0,103,,4701,38,,,0
6001,'Dimanche',934,,4708,38,,,0,104,,4710,38,,,0,106,,4711,38,,,0,105,,4713,38,,,0,107,,4714,38,,,0,103,,4715,38,,,0,145,,4716,38,,,0,104,,4717,38,,,0,106,,4712,38,,,0,105,,4709,38,,,0
6001,'EventOff',613,,4744,14,,,0,34,,4718,38,,,0,74,,4729,38,,,0,82,,4719,38,,,0,33,,4730,38,,,0,72,,4720,38,,,0,36,,4731,38,,,0,74,,4721,38,,,0,35,,4732,38,,,0,76,,4722,38,,,0,75,,4733,38,,,0,35,,4723,38,,,0,73,,4734,38,,,0,35,,4724,38,,,0,67,,4735,38,,,0,40,,4745,38,,,0,71,,4725,38,,,0,84,,4736,38,,,0,30,,4726,38,,,0,77,,4737,38,,,0,36,,4727,38,,,0,75,,4738,38,,,0,29,,4728,38,,,0,153,,4741,38,,,0,105,,4743,38,,,0,105,,4742,38,,,0,105,,4740,38,,,0,103,,4739,38,,,0
6001,'EventOn',613,,4772,14,,,0,34,,4746,38,,,0,74,,4757,38,,,0,82,,4747,38,,,0,33,,4758,38,,,0,72,,4748,38,,,0,36,,4759,38,,,0,74,,4749,38,,,0,35,,4760,38,,,0,76,,4750,38,,,0,75,,4761,38,,,0,35,,4751,38,,,0,73,,4762,38,,,0,35,,4752,38,,,0,67,,4763,38,,,0,40,,4773,38,,,0,71,,4753,38,,,0,20,,4775,2,,,0,64,,4764,38,,,0,30,,4754,38,,,0,77,,4765,38,,,0,36,,4755,38,,,0,75,,4766,38,,,0,29,,4756,38,,,0,153,,4769,38,,,0,105,,4771,38,,,0,105,,4770,38,,,0,105,,4768,38,,,0,103,,4767,38,,,0
6001,'KerOffPriveOff',613,,4803,14,,,0,34,,4777,38,,,0,74,,4788,38,,,0,82,,4778,38,,,0,33,,4789,38,,,0,72,,4779,38,,,0,36,,4790,38,,,0,74,,4780,38,,,0,35,,4791,38,,,0,76,,4781,38,,,0,75,,4792,38,,,0,35,,4782,38,,,0,73,,4793,38,,,0,35,,4783,38,,,0,67,,4794,38,,,0,40,,4804,38,,,0,71,,4784,38,,,0,20,,4806,2,,,0,64,,4795,38,,,0,30,,4785,38,,,0,77,,4796,38,,,0,36,,4786,38,,,0,75,,4797,38,,,0,29,,4787,38,,,0,153,,4800,38,,,0,105,,4802,38,,,0,105,,4801,38,,,0,105,,4799,38,,,0,103,,4798,38,,,0
6001,'Samedi',704,,4813,38,,,0,105,,4819,38,,,0,105,,4808,38,,,0,105,,4814,38,,,0,106,,4820,38,,,0,105,,4809,38,,,0,106,,4815,38,,,0,105,,4821,38,,,0,105,,4810,38,,,0,103,,4816,38,,,0,105,,4822,38,,,0,105,,4811,38,,,0,145,,4817,38,,,0,105,,4823,38,,,0,105,,4812,38,,,0,105,,4818,38,,,0,105,,4824,38,,,0
111800501,'CsRoyOff',802,,4941,32,,,0
111800501,'EventOn',802,,4944,32,,,0
160900100,'EventOn',1536,,4946,2,,,0
160900100,'KerOffPriveOff',1536,,4947,2,,,0
