900,'CsRoyOff',658,,1654,33,0,20,0,80,,1668,33,0,20,0,75,,1655,33,0,20,0,36,,1665,33,0,20,0,75,,1656,33,0,20,0,35,,1669,33,0,20,0,75,,1657,33,0,20,0,111,,1658,33,0,20,0,110,,1659,33,0,20,0,151,,1660,33,0,20,0,35,,1666,33,0,20,0,76,,1661,33,0,20,0,39,,1667,33,0,20,0,67,,1672,24,0,5,0,2,,1671,27,,,0,8,,1662,33,0,20,0,77,,1670,33,0,20,0,36,,1663,33,0,20,0,107,,1664,33,0,20,0
900,'CsRoyOffKerOff',658,,1673,33,0,20,0,80,,1687,33,0,20,0,75,,1674,33,0,20,0,36,,1684,33,0,20,0,75,,1675,33,0,20,0,35,,1688,33,0,20,0,75,,1676,33,0,20,0,111,,1677,33,0,20,0,110,,1678,33,0,20,0,151,,1679,33,0,20,0,35,,1685,33,0,20,0,76,,1680,33,0,20,0,39,,1686,33,0,20,0,67,,1690,24,0,5,0,10,,1681,33,0,20,0,77,,1689,33,0,20,0,36,,1682,33,0,20,0,107,,1683,33,0,20,0
900,'EventOff',658,,1691,33,0,20,0,80,,1705,33,0,20,0,75,,1692,33,0,20,0,36,,1702,33,0,20,0,75,,1693,33,0,20,0,35,,1706,33,0,20,0,75,,1694,33,0,20,0,111,,1695,33,0,20,0,110,,1696,33,0,20,0,151,,1697,33,0,20,0,35,,1703,33,0,20,0,76,,1698,33,0,20,0,39,,1704,33,0,20,0,77,,1699,33,0,20,0,77,,1707,33,0,20,0,36,,1700,33,0,20,0,107,,1701,33,0,20,0
900,'EventOn',658,,1708,33,0,20,0,80,,1722,33,0,20,0,75,,1709,33,0,20,0,36,,1719,33,0,20,0,75,,1710,33,0,20,0,35,,1723,33,0,20,0,75,,1711,33,0,20,0,111,,1712,33,0,20,0,110,,1713,33,0,20,0,151,,1714,33,0,20,0,35,,1720,33,0,20,0,76,,1715,33,0,20,0,39,,1721,33,0,20,0,67,,1726,24,0,5,0,2,,1725,27,,,0,8,,1716,33,0,20,0,77,,1724,33,0,20,0,36,,1717,33,0,20,0,107,,1718,33,0,20,0
900,'KerOffPriveOff',658,,1727,33,0,20,0,80,,1741,33,0,20,0,75,,1728,33,0,20,0,36,,1738,33,0,20,0,75,,1729,33,0,20,0,35,,1742,33,0,20,0,75,,1730,33,0,20,0,111,,1731,33,0,20,0,110,,1732,33,0,20,0,151,,1733,33,0,20,0,35,,1739,33,0,20,0,76,,1734,33,0,20,0,39,,1740,33,0,20,0,77,,1735,33,0,20,0,77,,1743,33,0,20,0,36,,1736,33,0,20,0,107,,1737,33,0,20,0
8900,'CsRoyOff',1952,,4827,34,,,0,100,,4829,34,,,0,105,,4828,34,,,0,147,,4826,34,,,0,103,,4825,34,,,0
8900,'CsRoyOffKerOff',1952,,4832,34,,,0,100,,4834,34,,,0,105,,4833,34,,,0,147,,4831,34,,,0,103,,4830,34,,,0
8900,'Dimanche',912,,4836,34,,,0,105,,4838,34,,,0,107,,4839,34,,,0,105,,4840,34,,,0,105,,4842,34,,,0,105,,4841,34,,,0,105,,4843,34,,,0,105,,4844,34,,,0,104,,4835,34,,,0,104,,4837,34,,,0
8900,'EventOff',1952,,4847,34,,,0,100,,4849,34,,,0,105,,4848,34,,,0,147,,4846,34,,,0,103,,4845,34,,,0
8900,'EventOn',1952,,4852,34,,,0,100,,4854,34,,,0,105,,4853,34,,,0,147,,4851,34,,,0,103,,4850,34,,,0
8900,'KerOffPriveOff',1952,,4857,34,,,0,100,,4859,34,,,0,105,,4858,34,,,0,147,,4856,34,,,0,103,,4855,34,,,0
8900,'Samedi',644,,4876,34,,,0,103,,4860,34,,,0,105,,4868,34,,,0,107,,4861,34,,,0,145,,4869,34,,,0,105,,4862,34,,,0,105,,4870,34,,,0,104,,4863,34,,,0,104,,4871,34,,,0,106,,4864,34,,,0,106,,4872,34,,,0,104,,4865,34,,,0,105,,4873,34,,,0,105,,4866,34,,,0,104,,4874,34,,,0,105,,4867,34,,,0,145,,4875,34,,,0
