6000,'CsRoyOff',616,,4473,12,,,0,27,,4484,31,,,0,81,,4474,31,,,0,33,,4485,31,,,0,79,,4475,31,,,0,75,,4486,31,,,0,33,,4476,31,,,0,76,,4487,31,,,0,34,,4477,31,,,0,76,,4488,31,,,0,73,,4478,31,,,0,36,,4489,31,,,0,75,,4479,31,,,0,28,,4490,31,,,0,78,,4501,31,,,0,25,,4480,31,,,0,80,,4491,31,,,0,81,,4481,31,,,0,39,,4492,31,,,0,71,,4482,31,,,0,34,,4493,31,,,0,75,,4483,31,,,0,75,,4494,31,,,0,38,,4495,31,,,0,105,,4500,31,,,0,105,,4499,31,,,0,105,,4498,31,,,0,105,,4496,31,,,0
6000,'CsRoyOffKerOff',616,,4502,12,,,0,27,,4513,31,,,0,81,,4503,31,,,0,33,,4514,31,,,0,79,,4504,31,,,0,75,,4515,31,,,0,33,,4505,31,,,0,76,,4516,31,,,0,34,,4506,31,,,0,76,,4517,31,,,0,73,,4507,31,,,0,36,,4518,31,,,0,75,,4508,31,,,0,28,,4519,31,,,0,78,,4530,31,,,0,25,,4509,31,,,0,80,,4520,31,,,0,81,,4510,31,,,0,39,,4521,31,,,0,71,,4511,31,,,0,34,,4522,31,,,0,75,,4512,31,,,0,75,,4523,31,,,0,38,,4524,31,,,0,105,,4529,31,,,0,105,,4528,31,,,0,105,,4527,31,,,0,105,,4525,31,,,0
6000,'Dimanche',905,,4531,31,,,0,105,,4532,31,,,0,104,,4534,31,,,0,105,,4536,31,,,0,105,,4537,31,,,0,105,,4538,31,,,0,105,,4539,31,,,0,105,,4540,31,,,0,106,,4535,31,,,0,103,,4533,31,,,0
6000,'EventOff',616,,4541,12,,,0,27,,4552,31,,,0,81,,4542,31,,,0,33,,4553,31,,,0,79,,4543,31,,,0,75,,4554,31,,,0,33,,4544,31,,,0,76,,4555,31,,,0,34,,4545,31,,,0,76,,4556,31,,,0,73,,4546,31,,,0,36,,4557,31,,,0,75,,4547,31,,,0,28,,4558,31,,,0,78,,4569,31,,,0,25,,4548,31,,,0,80,,4559,31,,,0,81,,4549,31,,,0,39,,4560,31,,,0,71,,4550,31,,,0,34,,4561,31,,,0,75,,4551,31,,,0,75,,4562,31,,,0,38,,4563,31,,,0,105,,4568,31,,,0,105,,4567,31,,,0,105,,4566,31,,,0,105,,4564,31,,,0
6000,'EventOn',616,,4570,12,,,0,27,,4581,31,,,0,81,,4571,31,,,0,33,,4582,31,,,0,79,,4572,31,,,0,75,,4583,31,,,0,33,,4573,31,,,0,76,,4584,31,,,0,34,,4574,31,,,0,76,,4585,31,,,0,73,,4575,31,,,0,36,,4586,31,,,0,75,,4576,31,,,0,28,,4587,31,,,0,78,,4598,31,,,0,25,,4577,31,,,0,80,,4588,31,,,0,81,,4578,31,,,0,39,,4589,31,,,0,71,,4579,31,,,0,34,,4590,31,,,0,75,,4580,31,,,0,75,,4591,31,,,0,38,,4592,31,,,0,105,,4597,31,,,0,105,,4596,31,,,0,105,,4595,31,,,0,105,,4593,31,,,0
6000,'KerOffPriveOff',616,,4602,12,,,0,27,,4613,31,,,0,81,,4603,31,,,0,33,,4614,31,,,0,79,,4604,31,,,0,75,,4615,31,,,0,33,,4605,31,,,0,76,,4616,31,,,0,34,,4606,31,,,0,76,,4617,31,,,0,73,,4607,31,,,0,36,,4618,31,,,0,75,,4608,31,,,0,28,,4619,31,,,0,78,,4630,31,,,0,25,,4609,31,,,0,80,,4620,31,,,0,81,,4610,31,,,0,39,,4621,31,,,0,71,,4611,31,,,0,34,,4622,31,,,0,75,,4612,31,,,0,75,,4623,31,,,0,38,,4624,31,,,0,105,,4629,31,,,0,105,,4628,31,,,0,105,,4627,31,,,0,105,,4625,31,,,0
6000,'Samedi',635,,4639,31,,,0,104,,4645,31,,,0,105,,4634,31,,,0,105,,4640,31,,,0,105,,4646,31,,,0,105,,4635,31,,,0,146,,4641,31,,,0,105,,4647,31,,,0,105,,4636,31,,,0,105,,4642,31,,,0,104,,4648,31,,,0,105,,4637,31,,,0,105,,4643,31,,,0,105,,4649,31,,,0,105,,4638,31,,,0,105,,4644,31,,,0,105,,4650,31,,,0
19200300000,'CsRoyOff',729,,5009,12,0,11 18,0
19200300000,'CsRoyOffKerOff',729,,5011,12,0,11 18,0
19200300000,'EventOn',729,,5013,12,0,11 18,0
