901,'CsRoyOff',622,,1744,31,,,0,25,,1758,31,,,0,76,,1762,40,0,5,0,1,,1745,31,,,0,8,,1763,40,0,6,0,71,,1757,31,,,0,34,,1746,31,,,0,76,,1759,31,,,0,35,,1747,31,,,0,110,,1748,31,,,0,151,,1749,31,,,0,109,,1750,31,,,0,111,,1751,31,,,0,76,,1756,31,,,0,36,,1752,31,,,0,79,,1755,31,,,0,37,,1753,31,,,0,77,,1760,31,,,0,75,,1754,31,,,0,110,,1761,31,,,0
901,'CsRoyOffKerOff',622,,1764,31,,,0,25,,1778,31,,,0,76,,1782,40,0,5,0,1,,1765,31,,,0,79,,1777,31,,,0,34,,1766,31,,,0,76,,1779,31,,,0,35,,1767,31,,,0,110,,1768,31,,,0,151,,1769,31,,,0,109,,1770,31,,,0,111,,1771,31,,,0,76,,1776,31,,,0,36,,1772,31,,,0,79,,1775,31,,,0,37,,1773,31,,,0,77,,1780,31,,,0,75,,1774,31,,,0,110,,1781,31,,,0
901,'EventOff',622,,1783,31,,,0,25,,1797,31,,,0,77,,1784,31,,,0,79,,1796,31,,,0,34,,1785,31,,,0,76,,1798,31,,,0,35,,1786,31,,,0,110,,1787,31,,,0,151,,1788,31,,,0,109,,1789,31,,,0,111,,1790,31,,,0,76,,1795,31,,,0,36,,1791,31,,,0,79,,1794,31,,,0,37,,1792,31,,,0,77,,1799,31,,,0,75,,1793,31,,,0,110,,1800,31,,,0
901,'EventOn',622,,1801,31,,,0,25,,1815,31,,,0,76,,1819,40,0,5,0,1,,1802,31,,,0,8,,1820,40,0,6,0,71,,1814,31,,,0,34,,1803,31,,,0,76,,1816,31,,,0,35,,1804,31,,,0,110,,1805,31,,,0,151,,1806,31,,,0,109,,1807,31,,,0,111,,1808,31,,,0,76,,1813,31,,,0,36,,1809,31,,,0,79,,1812,31,,,0,37,,1810,31,,,0,77,,1817,31,,,0,75,,1811,31,,,0,110,,1818,31,,,0
901,'KerOffPriveOff',622,,1821,31,,,0,25,,1835,31,,,0,77,,1822,31,,,0,79,,1834,31,,,0,34,,1823,31,,,0,76,,1836,31,,,0,35,,1824,31,,,0,110,,1825,31,,,0,151,,1826,31,,,0,109,,1827,31,,,0,111,,1828,31,,,0,76,,1833,31,,,0,36,,1829,31,,,0,79,,1832,31,,,0,37,,1830,31,,,0,77,,1837,31,,,0,75,,1831,31,,,0,110,,1838,31,,,0
8901,'CsRoyOff',2023,,4880,31,,,0,105,,4879,31,,,0,105,,4878,31,,,0,105,,4877,31,,,0
8901,'CsRoyOffKerOff',2023,,4884,31,,,0,105,,4883,31,,,0,105,,4882,31,,,0,105,,4881,31,,,0
8901,'Dimanche',841,,4886,31,,,0,105,,4888,31,,,0,106,,4890,31,,,0,105,,4891,31,,,0,145,,4892,31,,,0,105,,4893,31,,,0,105,,4894,31,,,0,105,,4895,31,,,0,105,,4885,31,,,0,104,,4889,31,,,0,101,,4887,31,,,0
8901,'EventOff',2023,,4899,31,,,0,105,,4898,31,,,0,105,,4897,31,,,0,105,,4896,31,,,0
8901,'EventOn',2023,,4903,31,,,0,105,,4902,31,,,0,105,,4901,31,,,0,105,,4900,31,,,0
8901,'KerOffPriveOff',2023,,4907,31,,,0,105,,4906,31,,,0,105,,4905,31,,,0,105,,4904,31,,,0
8901,'Samedi',717,,4916,31,,,0,105,,4908,31,,,0,106,,4917,31,,,0,105,,4909,31,,,0,105,,4918,31,,,0,105,,4910,31,,,0,104,,4919,31,,,0,105,,4911,31,,,0,105,,4920,31,,,0,146,,4912,31,,,0,104,,4921,31,,,0,105,,4913,31,,,0,105,,4922,31,,,0,105,,4914,31,,,0,105,,4923,31,,,0,105,,4915,31,,,0
