6000,'CsRoyOff',612,,4473,5,,,0,27,,4484,24,,,0,81,,4474,24,,,0,33,,4485,24,,,0,79,,4475,24,,,0,75,,4486,24,,,0,33,,4476,24,,,0,76,,4487,24,,,0,34,,4477,24,,,0,76,,4488,24,,,0,33,,4478,24,,,0,76,,4489,24,,,0,75,,4479,24,,,0,28,,4490,24,,,0,78,,4501,24,,,0,25,,4480,24,,,0,80,,4491,24,,,0,81,,4481,24,,,0,39,,4492,24,,,0,72,,4482,24,,,0,34,,4493,24,,,0,75,,4483,24,,,0,35,,4494,24,,,0,78,,4495,24,,,0,105,,4500,24,,,0,105,,4499,24,,,0,105,,4498,24,,,0,105,,4496,24,,,0
6000,'CsRoyOffKerOff',612,,4502,5,,,0,27,,4513,24,,,0,81,,4503,24,,,0,33,,4514,24,,,0,79,,4504,24,,,0,75,,4515,24,,,0,33,,4505,24,,,0,76,,4516,24,,,0,34,,4506,24,,,0,76,,4517,24,,,0,33,,4507,24,,,0,76,,4518,24,,,0,75,,4508,24,,,0,28,,4519,24,,,0,78,,4530,24,,,0,25,,4509,24,,,0,80,,4520,24,,,0,81,,4510,24,,,0,39,,4521,24,,,0,72,,4511,24,,,0,34,,4522,24,,,0,75,,4512,24,,,0,35,,4523,24,,,0,78,,4524,24,,,0,105,,4529,24,,,0,105,,4528,24,,,0,105,,4527,24,,,0,105,,4525,24,,,0
6000,'Dimanche',902,,4531,24,,,0,105,,4532,24,,,0,104,,4534,24,,,0,105,,4536,24,,,0,104,,4537,24,,,0,105,,4538,24,,,0,105,,4539,24,,,0,105,,4540,24,,,0,106,,4535,24,,,0,104,,4533,24,,,0
6000,'EventOff',612,,4541,5,,,0,27,,4552,24,,,0,81,,4542,24,,,0,33,,4553,24,,,0,79,,4543,24,,,0,75,,4554,24,,,0,33,,4544,24,,,0,76,,4555,24,,,0,34,,4545,24,,,0,76,,4556,24,,,0,33,,4546,24,,,0,76,,4557,24,,,0,75,,4547,24,,,0,28,,4558,24,,,0,78,,4569,24,,,0,25,,4548,24,,,0,80,,4559,24,,,0,81,,4549,24,,,0,39,,4560,24,,,0,72,,4550,24,,,0,34,,4561,24,,,0,75,,4551,24,,,0,35,,4562,24,,,0,78,,4563,24,,,0,105,,4568,24,,,0,105,,4567,24,,,0,105,,4566,24,,,0,105,,4564,24,,,0
6000,'EventOn',612,,4570,5,,,0,27,,4581,24,,,0,81,,4571,24,,,0,33,,4582,24,,,0,79,,4572,24,,,0,75,,4583,24,,,0,33,,4573,24,,,0,76,,4584,24,,,0,34,,4574,24,,,0,76,,4585,24,,,0,33,,4575,24,,,0,76,,4586,24,,,0,75,,4576,24,,,0,28,,4587,24,,,0,78,,4598,24,,,0,25,,4577,24,,,0,80,,4588,24,,,0,81,,4578,24,,,0,39,,4589,24,,,0,72,,4579,24,,,0,34,,4590,24,,,0,75,,4580,24,,,0,35,,4591,24,,,0,78,,4592,24,,,0,105,,4597,24,,,0,105,,4596,24,,,0,105,,4595,24,,,0,105,,4593,24,,,0
6000,'KerOffPriveOff',612,,4602,5,,,0,27,,4613,24,,,0,81,,4603,24,,,0,33,,4614,24,,,0,79,,4604,24,,,0,75,,4615,24,,,0,33,,4605,24,,,0,76,,4616,24,,,0,34,,4606,24,,,0,76,,4617,24,,,0,33,,4607,24,,,0,76,,4618,24,,,0,75,,4608,24,,,0,28,,4619,24,,,0,78,,4630,24,,,0,25,,4609,24,,,0,80,,4620,24,,,0,81,,4610,24,,,0,39,,4621,24,,,0,72,,4611,24,,,0,34,,4622,24,,,0,75,,4612,24,,,0,35,,4623,24,,,0,78,,4624,24,,,0,105,,4629,24,,,0,105,,4628,24,,,0,105,,4627,24,,,0,105,,4625,24,,,0
6000,'Samedi',632,,4639,24,,,0,104,,4645,24,,,0,105,,4634,24,,,0,105,,4640,24,,,0,105,,4646,24,,,0,104,,4635,24,,,0,146,,4641,24,,,0,105,,4647,24,,,0,105,,4636,24,,,0,105,,4642,24,,,0,104,,4648,24,,,0,106,,4637,24,,,0,105,,4643,24,,,0,105,,4649,24,,,0,105,,4638,24,,,0,105,,4644,24,,,0,105,,4650,24,,,0
111800500,'CsRoyOff',721,,4936,5,,,0,880,,4937,22,,,0
111800500,'CsRoyOffKerOff',1601,,4938,22,,,0
111800500,'EventOn',721,,4939,5,,,0,880,,4940,22,,,0
19200300000,'CsRoyOff',725,,5009,5,0,11 18,0
19200300000,'CsRoyOffKerOff',725,,5011,5,0,11 18,0
19200300000,'EventOn',725,,5013,5,0,11 18,0
