6000,'CsRoyOff',619,,4473,17,,,0,27,,4484,36,,,0,81,,4474,36,,,0,73,,4485,36,,,0,39,,4475,36,,,0,75,,4486,36,,,0,33,,4476,36,,,0,76,,4487,36,,,0,34,,4477,36,,,0,76,,4488,36,,,0,73,,4478,36,,,0,36,,4489,36,,,0,75,,4479,36,,,0,28,,4490,36,,,0,78,,4501,36,,,0,25,,4480,36,,,0,80,,4491,36,,,0,81,,4481,36,,,0,39,,4492,36,,,0,71,,4482,36,,,0,34,,4493,36,,,0,75,,4483,36,,,0,75,,4494,36,,,0,38,,4495,36,,,0,104,,4500,36,,,0,105,,4499,36,,,0,105,,4498,36,,,0,145,,4496,36,,,0
6000,'CsRoyOffKerOff',619,,4502,17,,,0,27,,4513,36,,,0,81,,4503,36,,,0,73,,4514,36,,,0,39,,4504,36,,,0,75,,4515,36,,,0,33,,4505,36,,,0,76,,4516,36,,,0,34,,4506,36,,,0,76,,4517,36,,,0,73,,4507,36,,,0,36,,4518,36,,,0,75,,4508,36,,,0,28,,4519,36,,,0,78,,4530,36,,,0,25,,4509,36,,,0,80,,4520,36,,,0,81,,4510,36,,,0,39,,4521,36,,,0,71,,4511,36,,,0,34,,4522,36,,,0,75,,4512,36,,,0,75,,4523,36,,,0,38,,4524,36,,,0,104,,4529,36,,,0,105,,4528,36,,,0,105,,4527,36,,,0,145,,4525,36,,,0
6000,'Dimanche',907,,4531,36,,,0,105,,4532,36,,,0,104,,4534,36,,,0,105,,4536,36,,,0,105,,4537,36,,,0,105,,4538,36,,,0,105,,4539,36,,,0,105,,4540,36,,,0,106,,4535,36,,,0,103,,4533,36,,,0
6000,'EventOff',619,,4541,17,,,0,27,,4552,36,,,0,81,,4542,36,,,0,73,,4553,36,,,0,39,,4543,36,,,0,75,,4554,36,,,0,33,,4544,36,,,0,76,,4555,36,,,0,34,,4545,36,,,0,76,,4556,36,,,0,73,,4546,36,,,0,36,,4557,36,,,0,75,,4547,36,,,0,28,,4558,36,,,0,78,,4569,36,,,0,25,,4548,36,,,0,80,,4559,36,,,0,81,,4549,36,,,0,39,,4560,36,,,0,71,,4550,36,,,0,34,,4561,36,,,0,75,,4551,36,,,0,75,,4562,36,,,0,38,,4563,36,,,0,104,,4568,36,,,0,105,,4567,36,,,0,105,,4566,36,,,0,145,,4564,36,,,0
6000,'EventOn',619,,4570,17,,,0,27,,4581,36,,,0,81,,4571,36,,,0,73,,4582,36,,,0,2,,4600,5,0,19,0,37,,4572,36,,,0,75,,4583,36,,,0,33,,4573,36,,,0,76,,4584,36,,,0,34,,4574,36,,,0,76,,4585,36,,,0,73,,4575,36,,,0,36,,4586,36,,,0,75,,4576,36,,,0,28,,4587,36,,,0,78,,4598,36,,,0,25,,4577,36,,,0,80,,4588,36,,,0,13,,4601,5,0,14 15,0,68,,4578,36,,,0,39,,4589,36,,,0,71,,4579,36,,,0,34,,4590,36,,,0,75,,4580,36,,,0,75,,4591,36,,,0,38,,4592,36,,,0,104,,4597,36,,,0,105,,4596,36,,,0,105,,4595,36,,,0,145,,4593,36,,,0
6000,'KerOffPriveOff',619,,4602,17,,,0,27,,4613,36,,,0,81,,4603,36,,,0,73,,4614,36,,,0,2,,4632,5,0,19,0,37,,4604,36,,,0,75,,4615,36,,,0,33,,4605,36,,,0,76,,4616,36,,,0,34,,4606,36,,,0,76,,4617,36,,,0,73,,4607,36,,,0,36,,4618,36,,,0,75,,4608,36,,,0,28,,4619,36,,,0,78,,4630,36,,,0,25,,4609,36,,,0,80,,4620,36,,,0,13,,4633,5,0,14 15,0,68,,4610,36,,,0,39,,4621,36,,,0,71,,4611,36,,,0,34,,4622,36,,,0,75,,4612,36,,,0,75,,4623,36,,,0,38,,4624,36,,,0,104,,4629,36,,,0,105,,4628,36,,,0,105,,4627,36,,,0,145,,4625,36,,,0
6000,'Samedi',637,,4639,36,,,0,104,,4645,36,,,0,105,,4634,36,,,0,105,,4640,36,,,0,105,,4646,36,,,0,145,,4635,36,,,0,106,,4641,36,,,0,105,,4647,36,,,0,105,,4636,36,,,0,105,,4642,36,,,0,104,,4648,36,,,0,105,,4637,36,,,0,105,,4643,36,,,0,105,,4649,36,,,0,105,,4638,36,,,0,105,,4644,36,,,0,105,,4650,36,,,0
111800500,'CsRoyOff',733,,4936,18,,,0,880,,4937,35,,,0
111800500,'CsRoyOffKerOff',1613,,4938,35,,,0
111800500,'EventOn',733,,4939,18,,,0,880,,4940,35,,,0
19200300000,'CsRoyOff',732,,5009,17,0,11 18,0
19200300000,'CsRoyOffKerOff',732,,5011,17,0,11 18,0
19200300000,'EventOn',732,,5013,17,0,11 18,0
