1100,'CsRoyOff',637,,2185,37,,,0,78,,2169,37,,,0,41,,2181,37,,,0,74,,2165,37,,,0,76,,2176,37,,,0,34,,2173,37,,,0,75,,2186,37,,,0,35,,2170,37,,,0,75,,2182,37,,,0,75,,2166,37,,,0,35,,2177,37,,,0,75,,2174,37,,,0,36,,2183,37,,,0,75,,2167,37,,,0,35,,2180,37,,,0,81,,2171,37,,,0,63,,2192,31,,,0,15,,2178,37,,,0,37,,2175,37,,,0,75,,2184,37,,,0,32,,2168,37,,,0,75,,2179,37,,,0,75,,2172,37,,,0,105,,2190,37,,,0,105,,2191,37,,,0,105,,2189,37,,,0,105,,2188,37,,,0,100,,2187,37,,,0
1100,'CsRoyOffKerOff',637,,2213,37,,,0,78,,2197,37,,,0,41,,2209,37,,,0,74,,2193,37,,,0,76,,2204,37,,,0,34,,2201,37,,,0,75,,2214,37,,,0,35,,2198,37,,,0,75,,2210,37,,,0,75,,2194,37,,,0,35,,2205,37,,,0,75,,2202,37,,,0,36,,2211,37,,,0,75,,2195,37,,,0,35,,2208,37,,,0,81,,2199,37,,,0,63,,2220,31,,,0,15,,2206,37,,,0,37,,2203,37,,,0,75,,2212,37,,,0,32,,2196,37,,,0,75,,2207,37,,,0,75,,2200,37,,,0,105,,2218,37,,,0,105,,2219,37,,,0,105,,2217,37,,,0,105,,2216,37,,,0,100,,2215,37,,,0
1100,'Dimanche',936,,2224,37,,,0,105,,2226,37,,,0,105,,2225,37,,,0,105,,2227,37,,,0,105,,2228,37,,,0,145,,2229,37,,,0,105,,2230,37,,,0,105,,2222,37,,,0,103,,2221,37,,,0,105,,2223,37,,,0
1100,'EventOff',637,,2251,37,,,0,78,,2235,37,,,0,41,,2247,37,,,0,74,,2231,37,,,0,76,,2242,37,,,0,34,,2239,37,,,0,75,,2252,37,,,0,35,,2236,37,,,0,75,,2248,37,,,0,75,,2232,37,,,0,35,,2243,37,,,0,75,,2240,37,,,0,36,,2249,37,,,0,75,,2233,37,,,0,35,,2246,37,,,0,81,,2237,37,,,0,78,,2244,37,,,0,37,,2241,37,,,0,75,,2250,37,,,0,32,,2234,37,,,0,75,,2245,37,,,0,75,,2238,37,,,0,105,,2256,37,,,0,105,,2257,37,,,0,105,,2255,37,,,0,105,,2254,37,,,0,100,,2253,37,,,0
1100,'EventOn',637,,2278,37,,,0,78,,2262,37,,,0,41,,2274,37,,,0,74,,2258,37,,,0,76,,2269,37,,,0,34,,2266,37,,,0,75,,2279,37,,,0,35,,2263,37,,,0,75,,2275,37,,,0,75,,2259,37,,,0,35,,2270,37,,,0,75,,2267,37,,,0,36,,2276,37,,,0,75,,2260,37,,,0,35,,2273,37,,,0,81,,2264,37,,,0,63,,2288,31,,,0,12,,2287,23,,,0,3,,2271,37,,,0,37,,2268,37,,,0,75,,2277,37,,,0,32,,2261,37,,,0,75,,2272,37,,,0,75,,2265,37,,,0,105,,2283,37,,,0,105,,2284,37,,,0,105,,2282,37,,,0,105,,2281,37,,,0,100,,2280,37,,,0
1100,'KerOffPriveOff',637,,2309,37,,,0,78,,2293,37,,,0,41,,2305,37,,,0,74,,2289,37,,,0,76,,2300,37,,,0,34,,2297,37,,,0,75,,2310,37,,,0,35,,2294,37,,,0,75,,2306,37,,,0,75,,2290,37,,,0,35,,2301,37,,,0,75,,2298,37,,,0,36,,2307,37,,,0,75,,2291,37,,,0,35,,2304,37,,,0,81,,2295,37,,,0,75,,2318,23,,,0,3,,2302,37,,,0,37,,2299,37,,,0,75,,2308,37,,,0,32,,2292,37,,,0,75,,2303,37,,,0,75,,2296,37,,,0,105,,2314,37,,,0,105,,2315,37,,,0,105,,2313,37,,,0,105,,2312,37,,,0,100,,2311,37,,,0
1100,'Samedi',706,,2319,37,,,0,106,,2328,37,,,0,105,,2320,37,,,0,105,,2329,37,,,0,104,,2321,37,,,0,105,,2330,37,,,0,105,,2322,37,,,0,105,,2331,37,,,0,105,,2323,37,,,0,105,,2332,37,,,0,104,,2324,37,,,0,104,,2333,37,,,0,145,,2325,37,,,0,105,,2334,37,,,0,105,,2326,37,,,0,105,,2335,37,,,0,105,,2327,37,,,0
1601,'CsRoyOff',619,,3244,8,,,0,115,,3229,8,,,0,110,,3230,8,,,0,110,,3231,8,,,0,150,,3232,8,,,0,110,,3233,8,,,0,110,,3234,8,,,0,110,,3235,8,,,0,116,,3236,8,,,0,155,,3237,8,,,0,110,,3238,8,,,0,109,,3239,8,,,0,100,,3240,8,,,0,105,,3241,8,,,0,105,,3243,8,,,0,105,,3242,8,,,0
1601,'CsRoyOffKerOff',619,,3260,8,,,0,115,,3245,8,,,0,110,,3246,8,,,0,110,,3247,8,,,0,150,,3248,8,,,0,110,,3249,8,,,0,110,,3250,8,,,0,110,,3251,8,,,0,116,,3252,8,,,0,155,,3253,8,,,0,110,,3254,8,,,0,109,,3255,8,,,0,100,,3256,8,,,0,105,,3257,8,,,0,105,,3259,8,,,0,105,,3258,8,,,0
1601,'Dimanche',844,,3269,8,,,0,105,,3262,8,,,0,105,,3263,8,,,0,105,,3264,8,,,0,145,,3265,8,,,0,105,,3266,8,,,0,105,,3267,8,,,0,105,,3268,8,,,0,105,,3261,8,,,0,105,,3270,8,,,0
1601,'EventOff',619,,3286,8,,,0,115,,3271,8,,,0,110,,3272,8,,,0,110,,3273,8,,,0,150,,3274,8,,,0,110,,3275,8,,,0,110,,3276,8,,,0,110,,3277,8,,,0,116,,3278,8,,,0,155,,3279,8,,,0,110,,3280,8,,,0,109,,3281,8,,,0,100,,3282,8,,,0,105,,3283,8,,,0,105,,3285,8,,,0,105,,3284,8,,,0
1601,'EventOn',619,,3302,8,,,0,115,,3287,8,,,0,110,,3288,8,,,0,110,,3289,8,,,0,150,,3290,8,,,0,110,,3291,8,,,0,110,,3292,8,,,0,110,,3293,8,,,0,116,,3294,8,,,0,155,,3295,8,,,0,110,,3296,8,,,0,109,,3297,8,,,0,100,,3298,8,,,0,105,,3299,8,,,0,105,,3301,8,,,0,105,,3300,8,,,0
1601,'KerOffPriveOff',619,,3318,8,,,0,115,,3303,8,,,0,110,,3304,8,,,0,110,,3305,8,,,0,150,,3306,8,,,0,110,,3307,8,,,0,110,,3308,8,,,0,110,,3309,8,,,0,116,,3310,8,,,0,155,,3311,8,,,0,110,,3312,8,,,0,109,,3313,8,,,0,100,,3314,8,,,0,105,,3315,8,,,0,105,,3317,8,,,0,105,,3316,8,,,0
1601,'Samedi',614,,3334,8,,,0,105,,3335,8,,,0,105,,3327,8,,,0,105,,3319,8,,,0,105,,3320,8,,,0,105,,3321,8,,,0,105,,3322,8,,,0,104,,3323,8,,,0,105,,3324,8,,,0,105,,3325,8,,,0,146,,3326,8,,,0,105,,3328,8,,,0,105,,3329,8,,,0,105,,3330,8,,,0,105,,3331,8,,,0,105,,3332,8,,,0,105,,3333,8,,,0
