2501,'CsRoyOff',619,,3731,7,,,0,34,,3733,7,,,0,78,,3732,7,,,0,77,,3734,7,,,0,35,,3752,7,,,0,74,,3735,7,,,0,35,,3736,7,,,0,75,,3737,7,,,0,75,,3738,7,,,0,35,,3739,7,,,0,75,,3740,7,,,0,35,,3741,7,,,0,75,,3742,7,,,0,35,,3743,7,,,0,75,,3744,7,,,0,78,,3745,7,,,0,21,,3758,2,0,7 8,0,17,,3746,7,,,0,78,,3747,7,,,0,77,,3748,7,,,0,35,,3749,7,,,0,75,,3750,7,,,0,33,,3751,7,,,0,75,,3753,7,,,0,104,,3754,7,,,0,105,,3755,7,,,0,105,,3756,7,,,0,105,,3757,7,,,0
2501,'CsRoyOffKerOff',619,,3759,7,,,0,34,,3761,7,,,0,78,,3760,7,,,0,77,,3762,7,,,0,35,,3780,7,,,0,74,,3763,7,,,0,35,,3764,7,,,0,75,,3765,7,,,0,75,,3766,7,,,0,35,,3767,7,,,0,75,,3768,7,,,0,35,,3769,7,,,0,75,,3770,7,,,0,35,,3771,7,,,0,75,,3772,7,,,0,78,,3773,7,,,0,38,,3774,7,,,0,78,,3775,7,,,0,77,,3776,7,,,0,35,,3777,7,,,0,75,,3778,7,,,0,33,,3779,7,,,0,75,,3781,7,,,0,104,,3782,7,,,0,105,,3783,7,,,0,105,,3784,7,,,0,105,,3785,7,,,0
2501,'Dimanche',845,,3788,7,,,0,105,,3789,7,,,0,105,,3790,7,,,0,145,,3791,7,,,0,105,,3792,7,,,0,105,,3793,7,,,0,105,,3794,7,,,0,105,,3795,7,,,0,105,,3787,7,,,0,105,,3786,7,,,0
2501,'EventOff',619,,3796,7,,,0,34,,3798,7,,,0,78,,3797,7,,,0,77,,3799,7,,,0,35,,3817,7,,,0,74,,3800,7,,,0,35,,3801,7,,,0,75,,3802,7,,,0,75,,3803,7,,,0,35,,3804,7,,,0,75,,3805,7,,,0,35,,3806,7,,,0,75,,3807,7,,,0,35,,3808,7,,,0,75,,3809,7,,,0,78,,3810,7,,,0,38,,3811,7,,,0,78,,3812,7,,,0,77,,3813,7,,,0,35,,3814,7,,,0,75,,3815,7,,,0,33,,3816,7,,,0,75,,3818,7,,,0,104,,3819,7,,,0,105,,3820,7,,,0,105,,3821,7,,,0,105,,3822,7,,,0
2501,'EventOn',619,,3823,7,,,0,34,,3825,7,,,0,71,,3850,7,0,9,0,7,,3824,7,,,0,12,,3851,7,0,10,0,65,,3826,7,,,0,35,,3844,7,,,0,74,,3827,7,,,0,35,,3828,7,,,0,75,,3829,7,,,0,75,,3830,7,,,0,35,,3831,7,,,0,75,,3832,7,,,0,35,,3833,7,,,0,75,,3834,7,,,0,35,,3835,7,,,0,75,,3836,7,,,0,78,,3837,7,,,0,21,,3852,2,0,7 8,0,17,,3838,7,,,0,78,,3839,7,,,0,77,,3840,7,,,0,35,,3841,7,,,0,75,,3842,7,,,0,33,,3843,7,,,0,75,,3845,7,,,0,104,,3846,7,,,0,105,,3847,7,,,0,105,,3848,7,,,0,105,,3849,7,,,0
2501,'KerOffPriveOff',619,,3853,7,,,0,34,,3855,7,,,0,71,,3880,7,0,9,0,7,,3854,7,,,0,12,,3881,7,0,10,0,65,,3856,7,,,0,35,,3874,7,,,0,74,,3857,7,,,0,35,,3858,7,,,0,75,,3859,7,,,0,75,,3860,7,,,0,35,,3861,7,,,0,75,,3862,7,,,0,35,,3863,7,,,0,75,,3864,7,,,0,35,,3865,7,,,0,75,,3866,7,,,0,78,,3867,7,,,0,38,,3868,7,,,0,78,,3869,7,,,0,77,,3870,7,,,0,35,,3871,7,,,0,75,,3872,7,,,0,33,,3873,7,,,0,75,,3875,7,,,0,104,,3876,7,,,0,105,,3877,7,,,0,105,,3878,7,,,0,105,,3879,7,,,0
2501,'Samedi',615,,3893,7,,,0,104,,3882,7,,,0,105,,3888,7,,,0,105,,3894,7,,,0,105,,3883,7,,,0,105,,3889,7,,,0,105,,3895,7,,,0,105,,3884,7,,,0,105,,3890,7,,,0,105,,3896,7,,,0,145,,3885,7,,,0,105,,3891,7,,,0,105,,3897,7,,,0,105,,3886,7,,,0,105,,3892,7,,,0,105,,3898,7,,,0,105,,3887,7,,,0
190300200,'CsRoyOff',736,,4950,7,,,0
190300200,'CsRoyOffKerOff',736,,4951,7,,,0
190300200,'EventOn',736,,4952,7,,,0
