1400,'CsRoyOff',634,,3062,8,,,0,70,,3063,8,,,0,30,,3061,8,,,0,100,,3060,8,,,0,685,,3059,8,,,0,100,,3057,8,,,0,100,,3058,8,,,0
1400,'CsRoyOffKerOff',634,,3069,8,,,0,70,,3070,8,,,0,30,,3068,8,,,0,100,,3067,8,,,0,685,,3066,8,,,0,100,,3064,8,,,0,100,,3065,8,,,0
1400,'EventOff',634,,3076,8,,,0,70,,3077,8,,,0,30,,3075,8,,,0,100,,3074,8,,,0,685,,3073,8,,,0,100,,3071,8,,,0,100,,3072,8,,,0
1400,'EventOn',634,,3083,8,,,0,70,,3084,8,,,0,30,,3082,8,,,0,100,,3081,8,,,0,685,,3080,8,,,0,100,,3078,8,,,0,100,,3079,8,,,0
1400,'KerOffPriveOff',634,,3090,8,,,0,70,,3091,8,,,0,30,,3089,8,,,0,100,,3088,8,,,0,685,,3087,8,,,0,100,,3085,8,,,0,100,,3086,8,,,0
1600,'CsRoyOff',707,,3122,9,,,0,109,,3123,9,,,0,112,,3124,9,,,0,110,,3125,9,,,0,110,,3126,9,,,0,110,,3127,9,,,0,149,,3128,9,,,0,115,,3129,9,,,0,114,,3130,9,,,0,111,,3131,9,,,0,111,,3132,9,,,0,100,,3133,9,,,0,146,,3134,9,,,0,104,,3135,9,,,0,106,,3136,9,,,0,102,,3137,9,,,0
1600,'CsRoyOffKerOff',707,,3138,9,,,0,109,,3139,9,,,0,112,,3140,9,,,0,110,,3141,9,,,0,110,,3142,9,,,0,110,,3143,9,,,0,149,,3144,9,,,0,115,,3145,9,,,0,114,,3146,9,,,0,111,,3147,9,,,0,111,,3148,9,,,0,100,,3149,9,,,0,146,,3150,9,,,0,104,,3151,9,,,0,106,,3152,9,,,0,102,,3153,9,,,0
1600,'Dimanche',923,,3155,9,,,0,105,,3156,9,,,0,105,,3157,9,,,0,105,,3158,9,,,0,104,,3159,9,,,0,105,,3160,9,,,0,105,,3161,9,,,0,105,,3154,9,,,0,145,,3162,9,,,0,105,,3163,9,,,0
1600,'EventOff',707,,3164,9,,,0,109,,3165,9,,,0,112,,3166,9,,,0,110,,3167,9,,,0,110,,3168,9,,,0,110,,3169,9,,,0,149,,3170,9,,,0,115,,3171,9,,,0,114,,3172,9,,,0,111,,3173,9,,,0,111,,3174,9,,,0,100,,3175,9,,,0,146,,3176,9,,,0,104,,3177,9,,,0,106,,3178,9,,,0,102,,3179,9,,,0
1600,'EventOn',707,,3180,9,,,0,109,,3181,9,,,0,112,,3182,9,,,0,110,,3183,9,,,0,110,,3184,9,,,0,110,,3185,9,,,0,149,,3186,9,,,0,115,,3187,9,,,0,114,,3188,9,,,0,111,,3189,9,,,0,111,,3190,9,,,0,100,,3191,9,,,0,146,,3192,9,,,0,104,,3193,9,,,0,106,,3194,9,,,0,102,,3195,9,,,0
1600,'KerOffPriveOff',707,,3196,9,,,0,109,,3197,9,,,0,112,,3198,9,,,0,110,,3199,9,,,0,110,,3200,9,,,0,110,,3201,9,,,0,149,,3202,9,,,0,115,,3203,9,,,0,114,,3204,9,,,0,111,,3205,9,,,0,111,,3206,9,,,0,100,,3207,9,,,0,146,,3208,9,,,0,104,,3209,9,,,0,106,,3210,9,,,0,102,,3211,9,,,0
1600,'Samedi',652,,3227,9,,,0,105,,3228,9,,,0,145,,3212,9,,,0,105,,3213,9,,,0,105,,3214,9,,,0,105,,3215,9,,,0,105,,3216,9,,,0,105,,3217,9,,,0,105,,3218,9,,,0,105,,3219,9,,,0,105,,3221,9,,,0,105,,3222,9,,,0,105,,3223,9,,,0,105,,3224,9,,,0,145,,3225,9,,,0,105,,3226,9,,,0,105,,3220,9,,,0
2500,'CsRoyOff',629,,3548,19,,,0,75,,3546,19,,,0,40,,3549,19,,,0,69,,3574,10,0,6,0,6,,3547,19,,,0,36,,3550,19,,,0,74,,3551,19,,,0,75,,3552,19,,,0,35,,3553,19,,,0,75,,3554,19,,,0,35,,3555,19,,,0,75,,3556,19,,,0,35,,3557,19,,,0,75,,3558,19,,,0,75,,3559,19,,,0,35,,3560,19,,,0,81,,3561,19,,,0,78,,3562,19,,,0,36,,3563,19,,,0,75,,3564,19,,,0,35,,3565,19,,,0,75,,3566,19,,,0,35,,3567,19,,,0,145,,3568,19,,,0,105,,3569,19,,,0,105,,3570,19,,,0,105,,3571,19,,,0,105,,3572,19,,,0
2500,'CsRoyOffKerOff',629,,3579,19,,,0,75,,3577,19,,,0,40,,3580,19,,,0,75,,3578,19,,,0,36,,3581,19,,,0,74,,3582,19,,,0,75,,3583,19,,,0,35,,3584,19,,,0,75,,3585,19,,,0,35,,3586,19,,,0,75,,3587,19,,,0,35,,3588,19,,,0,75,,3589,19,,,0,75,,3590,19,,,0,35,,3591,19,,,0,81,,3592,19,,,0,78,,3593,19,,,0,36,,3594,19,,,0,75,,3595,19,,,0,35,,3596,19,,,0,75,,3597,19,,,0,35,,3598,19,,,0,145,,3599,19,,,0,105,,3600,19,,,0,105,,3601,19,,,0,105,,3602,19,,,0,105,,3603,19,,,0
2500,'Dimanche',929,,3610,19,,,0,105,,3611,19,,,0,105,,3612,19,,,0,105,,3613,19,,,0,105,,3614,19,,,0,105,,3615,19,,,0,105,,3616,19,,,0,145,,3608,19,,,0,105,,3609,19,,,0,105,,3607,19,,,0
2500,'EventOff',629,,3620,19,,,0,75,,3618,19,,,0,40,,3621,19,,,0,75,,3619,19,,,0,36,,3622,19,,,0,74,,3623,19,,,0,75,,3624,19,,,0,35,,3625,19,,,0,75,,3626,19,,,0,35,,3627,19,,,0,75,,3628,19,,,0,35,,3629,19,,,0,75,,3630,19,,,0,75,,3631,19,,,0,35,,3632,19,,,0,81,,3633,19,,,0,78,,3634,19,,,0,36,,3635,19,,,0,75,,3636,19,,,0,35,,3637,19,,,0,75,,3638,19,,,0,35,,3639,19,,,0,145,,3640,19,,,0,105,,3641,19,,,0,105,,3642,19,,,0,105,,3643,19,,,0,105,,3644,19,,,0
2500,'EventOn',629,,3648,19,,,0,75,,3646,19,,,0,40,,3649,19,,,0,69,,3675,10,0,6,0,6,,3647,19,,,0,36,,3650,19,,,0,74,,3651,19,,,0,75,,3652,19,,,0,35,,3653,19,,,0,75,,3654,19,,,0,35,,3655,19,,,0,75,,3656,19,,,0,35,,3657,19,,,0,75,,3658,19,,,0,75,,3659,19,,,0,35,,3660,19,,,0,81,,3661,19,,,0,26,,3678,10,,,0,52,,3662,19,,,0,36,,3663,19,,,0,75,,3664,19,,,0,35,,3665,19,,,0,75,,3666,19,,,0,35,,3667,19,,,0,145,,3668,19,,,0,105,,3669,19,,,0,105,,3670,19,,,0,105,,3671,19,,,0,105,,3672,19,,,0
2500,'KerOffPriveOff',629,,3683,19,,,0,75,,3681,19,,,0,40,,3684,19,,,0,75,,3682,19,,,0,36,,3685,19,,,0,74,,3686,19,,,0,75,,3687,19,,,0,35,,3688,19,,,0,75,,3689,19,,,0,35,,3690,19,,,0,75,,3691,19,,,0,35,,3692,19,,,0,75,,3693,19,,,0,75,,3694,19,,,0,35,,3695,19,,,0,81,,3696,19,,,0,26,,3711,10,,,0,52,,3697,19,,,0,36,,3698,19,,,0,75,,3699,19,,,0,35,,3700,19,,,0,75,,3701,19,,,0,35,,3702,19,,,0,145,,3703,19,,,0,105,,3704,19,,,0,105,,3705,19,,,0,105,,3706,19,,,0,105,,3707,19,,,0
2500,'Samedi',659,,3713,19,,,0,145,,3719,19,,,0,105,,3726,19,,,0,105,,3714,19,,,0,105,,3720,19,,,0,105,,3727,19,,,0,105,,3715,19,,,0,105,,3721,19,,,0,105,,3728,19,,,0,105,,3716,19,,,0,105,,3722,19,,,0,105,,3729,19,,,0,105,,3717,19,,,0,145,,3723,19,,,0,105,,3730,19,,,0,105,,3718,19,,,0,105,,3724,19,,,0
