800,'CsRoyOff',621,,1330,6,,,0,35,,1341,6,,,0,81,,1331,6,,,0,75,,1342,6,,,0,35,,1332,6,,,0,74,,1343,6,,,0,35,,1333,6,,,0,75,,1344,6,,,0,76,,1334,6,,,0,35,,1345,6,,,0,75,,1335,6,,,0,35,,1346,6,,,0,75,,1336,6,,,0,75,,1347,6,,,0,35,,1337,6,,,0,80,,1348,6,,,0,38,,1338,6,,,0,78,,1349,6,,,0,75,,1339,6,,,0,33,,1350,6,,,0,75,,1340,6,,,0,35,,1351,6,,,0,105,,1356,6,,,0,145,,1355,6,,,0,105,,1352,6,,,0,105,,1353,6,,,0,105,,1354,6,,,0
800,'CsRoyOffKerOff',621,,1357,6,,,0,35,,1368,6,,,0,81,,1358,6,,,0,75,,1369,6,,,0,35,,1359,6,,,0,74,,1370,6,,,0,35,,1360,6,,,0,75,,1371,6,,,0,76,,1361,6,,,0,35,,1372,6,,,0,75,,1362,6,,,0,35,,1373,6,,,0,75,,1363,6,,,0,75,,1374,6,,,0,35,,1364,6,,,0,80,,1375,6,,,0,38,,1365,6,,,0,78,,1376,6,,,0,75,,1366,6,,,0,33,,1377,6,,,0,75,,1367,6,,,0,35,,1378,6,,,0,105,,1383,6,,,0,145,,1382,6,,,0,105,,1379,6,,,0,105,,1380,6,,,0,105,,1381,6,,,0
800,'Dimanche',922,,1386,6,,,0,105,,1387,6,,,0,105,,1389,6,,,0,105,,1390,6,,,0,105,,1391,6,,,0,105,,1392,6,,,0,105,,1393,6,,,0,105,,1388,6,,,0,145,,1384,6,,,0,105,,1385,6,,,0
800,'EventOff',621,,1394,6,,,0,35,,1405,6,,,0,81,,1395,6,,,0,75,,1406,6,,,0,35,,1396,6,,,0,74,,1407,6,,,0,35,,1397,6,,,0,75,,1408,6,,,0,76,,1398,6,,,0,35,,1409,6,,,0,75,,1399,6,,,0,35,,1410,6,,,0,75,,1400,6,,,0,75,,1411,6,,,0,35,,1401,6,,,0,80,,1412,6,,,0,38,,1402,6,,,0,78,,1413,6,,,0,75,,1403,6,,,0,33,,1414,6,,,0,75,,1404,6,,,0,35,,1415,6,,,0,105,,1420,6,,,0,145,,1419,6,,,0,105,,1416,6,,,0,105,,1417,6,,,0,105,,1418,6,,,0
800,'EventOn',621,,1421,6,,,0,35,,1432,6,,,0,81,,1422,6,,,0,75,,1433,6,,,0,35,,1423,6,,,0,74,,1434,6,,,0,35,,1424,6,,,0,75,,1435,6,,,0,76,,1425,6,,,0,35,,1436,6,,,0,75,,1426,6,,,0,35,,1437,6,,,0,75,,1427,6,,,0,75,,1438,6,,,0,35,,1428,6,,,0,80,,1439,6,,,0,38,,1429,6,,,0,78,,1440,6,,,0,75,,1430,6,,,0,33,,1441,6,,,0,75,,1431,6,,,0,35,,1442,6,,,0,105,,1447,6,,,0,145,,1446,6,,,0,105,,1443,6,,,0,105,,1444,6,,,0,105,,1445,6,,,0
800,'KerOffPriveOff',621,,1448,6,,,0,35,,1459,6,,,0,81,,1449,6,,,0,75,,1460,6,,,0,35,,1450,6,,,0,74,,1461,6,,,0,35,,1451,6,,,0,75,,1462,6,,,0,76,,1452,6,,,0,35,,1463,6,,,0,75,,1453,6,,,0,35,,1464,6,,,0,75,,1454,6,,,0,75,,1465,6,,,0,35,,1455,6,,,0,80,,1466,6,,,0,38,,1456,6,,,0,78,,1467,6,,,0,75,,1457,6,,,0,33,,1468,6,,,0,75,,1458,6,,,0,35,,1469,6,,,0,105,,1474,6,,,0,145,,1473,6,,,0,105,,1470,6,,,0,105,,1471,6,,,0,105,,1472,6,,,0
800,'Samedi',650,,1475,6,,,0,105,,1476,6,,,0,145,,1477,6,,,0,106,,1478,6,,,0,105,,1479,6,,,0,105,,1480,6,,,0,105,,1481,6,,,0,105,,1482,6,,,0,105,,1483,6,,,0,105,,1484,6,,,0,105,,1485,6,,,0,105,,1486,6,,,0,105,,1487,6,,,0,105,,1488,6,,,0,144,,1489,6,,,0,105,,1490,6,,,0,105,,1491,6,,,0
1201,'CsRoyOff',640,,2619,40,,,0,112,,2620,40,,,0,149,,2621,40,,,0,110,,2622,40,,,0,111,,2623,40,,,0,109,,2624,40,,,0,108,,2625,40,,,0,107,,2626,40,,,0,155,,2627,40,,,0,117,,2628,40,,,0,113,,2629,40,,,0,104,,2630,40,,,0,105,,2633,40,,,0,105,,2632,40,,,0,105,,2631,40,,,0,105,,2634,40,,,0
1201,'CsRoyOffKerOff',640,,2635,40,,,0,112,,2636,40,,,0,149,,2637,40,,,0,110,,2638,40,,,0,111,,2639,40,,,0,109,,2640,40,,,0,108,,2641,40,,,0,107,,2642,40,,,0,155,,2643,40,,,0,117,,2644,40,,,0,113,,2645,40,,,0,104,,2646,40,,,0,105,,2649,40,,,0,105,,2648,40,,,0,105,,2647,40,,,0,105,,2650,40,,,0
1201,'Dimanche',902,,2652,40,,,0,105,,2653,40,,,0,104,,2655,40,,,0,105,,2656,40,,,0,105,,2657,40,,,0,104,,2658,40,,,0,105,,2659,40,,,0,105,,2660,40,,,0,106,,2651,40,,,0,104,,2654,40,,,0
1201,'EventOff',640,,2661,40,,,0,112,,2662,40,,,0,149,,2663,40,,,0,110,,2664,40,,,0,111,,2665,40,,,0,109,,2666,40,,,0,108,,2667,40,,,0,107,,2668,40,,,0,155,,2669,40,,,0,117,,2670,40,,,0,113,,2671,40,,,0,104,,2672,40,,,0,105,,2675,40,,,0,105,,2674,40,,,0,105,,2673,40,,,0,105,,2676,40,,,0
1201,'EventOn',640,,2677,40,,,0,112,,2678,40,,,0,149,,2679,40,,,0,110,,2680,40,,,0,111,,2681,40,,,0,109,,2682,40,,,0,108,,2683,40,,,0,107,,2684,40,,,0,155,,2685,40,,,0,117,,2686,40,,,0,113,,2687,40,,,0,104,,2688,40,,,0,105,,2691,40,,,0,105,,2690,40,,,0,105,,2689,40,,,0,105,,2692,40,,,0
1201,'KerOffPriveOff',640,,2693,40,,,0,112,,2694,40,,,0,149,,2695,40,,,0,110,,2696,40,,,0,111,,2697,40,,,0,109,,2698,40,,,0,108,,2699,40,,,0,107,,2700,40,,,0,155,,2701,40,,,0,117,,2702,40,,,0,113,,2703,40,,,0,104,,2704,40,,,0,105,,2707,40,,,0,105,,2706,40,,,0,105,,2705,40,,,0,105,,2708,40,,,0
1201,'Samedi',632,,2709,40,,,0,104,,2710,40,,,0,105,,2711,40,,,0,105,,2712,40,,,0,105,,2713,40,,,0,104,,2714,40,,,0,146,,2715,40,,,0,105,,2716,40,,,0,105,,2717,40,,,0,105,,2718,40,,,0,104,,2719,40,,,0,106,,2720,40,,,0,105,,2721,40,,,0,105,,2722,40,,,0,105,,2723,40,,,0,105,,2724,40,,,0,105,,2725,40,,,0
