801,'CsRoyOff',638,,1503,43,,,0,80,,1492,43,,,0,35,,1504,43,,,0,81,,1493,43,,,0,74,,1505,43,,,0,34,,1494,43,,,0,75,,1506,43,,,0,35,,1495,43,,,0,75,,1507,43,,,0,77,,1496,43,,,0,34,,1508,43,,,0,75,,1497,43,,,0,35,,1509,43,,,0,75,,1498,43,,,0,35,,1510,43,,,0,80,,1499,43,,,0,78,,1511,43,,,0,37,,1500,43,,,0,76,,1512,43,,,0,74,,1501,43,,,0,34,,1513,43,,,0,74,,1502,43,,,0,34,,1514,43,,,0,104,,1518,43,,,0,105,,1517,43,,,0,105,,1515,43,,,0,145,,1516,43,,,0
801,'CsRoyOffKerOff',638,,1530,43,,,0,80,,1519,43,,,0,35,,1531,43,,,0,81,,1520,43,,,0,74,,1532,43,,,0,34,,1521,43,,,0,75,,1533,43,,,0,35,,1522,43,,,0,75,,1534,43,,,0,77,,1523,43,,,0,34,,1535,43,,,0,75,,1524,43,,,0,35,,1536,43,,,0,75,,1525,43,,,0,35,,1537,43,,,0,80,,1526,43,,,0,78,,1538,43,,,0,37,,1527,43,,,0,76,,1539,43,,,0,74,,1528,43,,,0,34,,1540,43,,,0,74,,1529,43,,,0,34,,1541,43,,,0,104,,1545,43,,,0,105,,1544,43,,,0,105,,1542,43,,,0,145,,1543,43,,,0
801,'Dimanche',909,,1547,43,,,0,105,,1548,43,,,0,105,,1549,43,,,0,104,,1552,43,,,0,106,,1551,43,,,0,104,,1553,43,,,0,105,,1554,43,,,0,105,,1555,43,,,0,105,,1550,43,,,0,105,,1546,43,,,0
801,'EventOff',638,,1567,43,,,0,80,,1556,43,,,0,35,,1568,43,,,0,81,,1557,43,,,0,74,,1569,43,,,0,34,,1558,43,,,0,75,,1570,43,,,0,35,,1559,43,,,0,75,,1571,43,,,0,77,,1560,43,,,0,34,,1572,43,,,0,75,,1561,43,,,0,35,,1573,43,,,0,75,,1562,43,,,0,35,,1574,43,,,0,80,,1563,43,,,0,78,,1575,43,,,0,37,,1564,43,,,0,76,,1576,43,,,0,74,,1565,43,,,0,34,,1577,43,,,0,74,,1566,43,,,0,34,,1578,43,,,0,104,,1582,43,,,0,105,,1581,43,,,0,105,,1579,43,,,0,145,,1580,43,,,0
801,'EventOn',638,,1594,43,,,0,80,,1583,43,,,0,35,,1595,43,,,0,81,,1584,43,,,0,74,,1596,43,,,0,34,,1585,43,,,0,75,,1597,43,,,0,35,,1586,43,,,0,75,,1598,43,,,0,77,,1587,43,,,0,34,,1599,43,,,0,75,,1588,43,,,0,35,,1600,43,,,0,75,,1589,43,,,0,35,,1601,43,,,0,80,,1590,43,,,0,78,,1602,43,,,0,37,,1591,43,,,0,76,,1603,43,,,0,74,,1592,43,,,0,34,,1604,43,,,0,74,,1593,43,,,0,34,,1605,43,,,0,104,,1609,43,,,0,105,,1608,43,,,0,105,,1606,43,,,0,145,,1607,43,,,0
801,'KerOffPriveOff',638,,1621,43,,,0,80,,1610,43,,,0,35,,1622,43,,,0,81,,1611,43,,,0,74,,1623,43,,,0,34,,1612,43,,,0,75,,1624,43,,,0,35,,1613,43,,,0,75,,1625,43,,,0,77,,1614,43,,,0,34,,1626,43,,,0,75,,1615,43,,,0,35,,1627,43,,,0,75,,1616,43,,,0,35,,1628,43,,,0,80,,1617,43,,,0,78,,1629,43,,,0,37,,1618,43,,,0,76,,1630,43,,,0,74,,1619,43,,,0,34,,1631,43,,,0,74,,1620,43,,,0,34,,1632,43,,,0,104,,1636,43,,,0,105,,1635,43,,,0,105,,1633,43,,,0,145,,1634,43,,,0
801,'Samedi',637,,1637,43,,,0,106,,1638,43,,,0,106,,1639,43,,,0,105,,1640,43,,,0,146,,1641,43,,,0,104,,1642,43,,,0,105,,1643,43,,,0,106,,1644,43,,,0,103,,1645,43,,,0,106,,1646,43,,,0,105,,1647,43,,,0,105,,1648,43,,,0,105,,1649,43,,,0,106,,1650,43,,,0,105,,1651,43,,,0,105,,1652,43,,,0,103,,1653,43,,,0
1001,'CsRoyOff',634,,2008,23,,,0,72,,2017,23,,,0,41,,2025,23,,,0,74,,2022,23,,,0,34,,2013,23,,,0,76,,2009,23,,,0,74,,2018,23,,,0,35,,2026,23,,,0,75,,2021,23,,,0,35,,2014,23,,,0,75,,2010,23,,,0,34,,2019,23,,,0,75,,2027,23,,,0,67,,2024,23,,,0,40,,2015,23,,,0,71,,2011,23,,,0,44,,2020,23,,,0,79,,2028,23,,,0,79,,2023,23,,,0,35,,2016,23,,,0,77,,2012,23,,,0,103,,2029,23,,,0,105,,2033,23,,,0,105,,2032,23,,,0,105,,2030,23,,,0,105,,2031,23,,,0
1001,'CsRoyOffKerOff',634,,2034,23,,,0,72,,2043,23,,,0,41,,2051,23,,,0,74,,2048,23,,,0,34,,2039,23,,,0,76,,2035,23,,,0,74,,2044,23,,,0,35,,2052,23,,,0,75,,2047,23,,,0,35,,2040,23,,,0,75,,2036,23,,,0,34,,2045,23,,,0,75,,2053,23,,,0,67,,2050,23,,,0,40,,2041,23,,,0,71,,2037,23,,,0,44,,2046,23,,,0,79,,2054,23,,,0,79,,2049,23,,,0,35,,2042,23,,,0,77,,2038,23,,,0,103,,2055,23,,,0,105,,2059,23,,,0,105,,2058,23,,,0,105,,2056,23,,,0,105,,2057,23,,,0
1001,'Dimanche',856,,2062,23,,,0,145,,2063,23,,,0,104,,2064,23,,,0,106,,2065,23,,,0,104,,2066,23,,,0,105,,2067,23,,,0,105,,2068,23,,,0,104,,2069,23,,,0,106,,2061,23,,,0,105,,2060,23,,,0
1001,'EventOff',634,,2070,23,,,0,72,,2079,23,,,0,41,,2087,23,,,0,74,,2084,23,,,0,34,,2075,23,,,0,76,,2071,23,,,0,74,,2080,23,,,0,35,,2088,23,,,0,75,,2083,23,,,0,35,,2076,23,,,0,75,,2072,23,,,0,34,,2081,23,,,0,75,,2089,23,,,0,67,,2086,23,,,0,40,,2077,23,,,0,71,,2073,23,,,0,44,,2082,23,,,0,79,,2090,23,,,0,79,,2085,23,,,0,35,,2078,23,,,0,77,,2074,23,,,0,103,,2091,23,,,0,105,,2095,23,,,0,105,,2094,23,,,0,105,,2092,23,,,0,105,,2093,23,,,0
1001,'EventOn',634,,2096,23,,,0,72,,2105,23,,,0,41,,2113,23,,,0,74,,2110,23,,,0,34,,2101,23,,,0,76,,2097,23,,,0,74,,2106,23,,,0,35,,2114,23,,,0,75,,2109,23,,,0,35,,2102,23,,,0,75,,2098,23,,,0,34,,2107,23,,,0,75,,2115,23,,,0,67,,2112,23,,,0,40,,2103,23,,,0,71,,2099,23,,,0,44,,2108,23,,,0,79,,2116,23,,,0,79,,2111,23,,,0,35,,2104,23,,,0,77,,2100,23,,,0,103,,2117,23,,,0,105,,2121,23,,,0,105,,2120,23,,,0,105,,2118,23,,,0,105,,2119,23,,,0
1001,'KerOffPriveOff',634,,2122,23,,,0,72,,2131,23,,,0,41,,2139,23,,,0,74,,2136,23,,,0,34,,2127,23,,,0,76,,2123,23,,,0,74,,2132,23,,,0,35,,2140,23,,,0,75,,2135,23,,,0,35,,2128,23,,,0,75,,2124,23,,,0,34,,2133,23,,,0,75,,2141,23,,,0,67,,2138,23,,,0,40,,2129,23,,,0,71,,2125,23,,,0,44,,2134,23,,,0,79,,2142,23,,,0,79,,2137,23,,,0,35,,2130,23,,,0,77,,2126,23,,,0,103,,2143,23,,,0,105,,2147,23,,,0,105,,2146,23,,,0,105,,2144,23,,,0,105,,2145,23,,,0
1001,'Samedi',626,,2148,23,,,0,104,,2149,23,,,0,105,,2150,23,,,0,105,,2151,23,,,0,106,,2152,23,,,0,104,,2153,23,,,0,105,,2154,23,,,0,146,,2155,23,,,0,105,,2156,23,,,0,105,,2157,23,,,0,104,,2158,23,,,0,105,,2159,23,,,0,105,,2160,23,,,0,105,,2161,23,,,0,105,,2162,23,,,0,105,,2163,23,,,0,105,,2164,23,,,0
1201,'CsRoyOff',634,,2619,36,,,0,113,,2620,36,,,0,108,,2621,36,,,0,150,,2622,36,,,0,110,,2623,36,,,0,110,,2624,36,,,0,109,,2625,36,,,0,107,,2626,36,,,0,115,,2627,36,,,0,158,,2628,36,,,0,112,,2629,36,,,0,103,,2630,36,,,0,105,,2633,36,,,0,105,,2632,36,,,0,105,,2631,36,,,0,105,,2634,36,,,0
1201,'CsRoyOffKerOff',634,,2635,36,,,0,113,,2636,36,,,0,108,,2637,36,,,0,150,,2638,36,,,0,110,,2639,36,,,0,110,,2640,36,,,0,109,,2641,36,,,0,107,,2642,36,,,0,115,,2643,36,,,0,158,,2644,36,,,0,112,,2645,36,,,0,103,,2646,36,,,0,105,,2649,36,,,0,105,,2648,36,,,0,105,,2647,36,,,0,105,,2650,36,,,0
1201,'Dimanche',856,,2652,36,,,0,145,,2653,36,,,0,104,,2655,36,,,0,106,,2656,36,,,0,104,,2657,36,,,0,105,,2658,36,,,0,105,,2659,36,,,0,104,,2660,36,,,0,106,,2651,36,,,0,105,,2654,36,,,0
1201,'EventOff',634,,2661,36,,,0,113,,2662,36,,,0,108,,2663,36,,,0,150,,2664,36,,,0,110,,2665,36,,,0,110,,2666,36,,,0,109,,2667,36,,,0,107,,2668,36,,,0,115,,2669,36,,,0,158,,2670,36,,,0,112,,2671,36,,,0,103,,2672,36,,,0,105,,2675,36,,,0,105,,2674,36,,,0,105,,2673,36,,,0,105,,2676,36,,,0
1201,'EventOn',634,,2677,36,,,0,113,,2678,36,,,0,108,,2679,36,,,0,150,,2680,36,,,0,110,,2681,36,,,0,110,,2682,36,,,0,109,,2683,36,,,0,107,,2684,36,,,0,115,,2685,36,,,0,158,,2686,36,,,0,112,,2687,36,,,0,103,,2688,36,,,0,105,,2691,36,,,0,105,,2690,36,,,0,105,,2689,36,,,0,105,,2692,36,,,0
1201,'KerOffPriveOff',634,,2693,36,,,0,113,,2694,36,,,0,108,,2695,36,,,0,150,,2696,36,,,0,110,,2697,36,,,0,110,,2698,36,,,0,109,,2699,36,,,0,107,,2700,36,,,0,115,,2701,36,,,0,158,,2702,36,,,0,112,,2703,36,,,0,103,,2704,36,,,0,105,,2707,36,,,0,105,,2706,36,,,0,105,,2705,36,,,0,105,,2708,36,,,0
1201,'Samedi',626,,2709,36,,,0,104,,2710,36,,,0,105,,2711,36,,,0,105,,2712,36,,,0,106,,2713,36,,,0,104,,2714,36,,,0,105,,2715,36,,,0,146,,2716,36,,,0,105,,2717,36,,,0,105,,2718,36,,,0,104,,2719,36,,,0,105,,2720,36,,,0,105,,2721,36,,,0,105,,2722,36,,,0,105,,2723,36,,,0,105,,2724,36,,,0,105,,2725,36,,,0
1700,'CsRoyOff',641,,3336,15,,,0,80,,3337,15,,,0,37,,3338,15,,,0,79,,3339,15,,,0,74,,3340,15,,,0,35,,3341,15,,,0,75,,3342,15,,,0,35,,3343,15,,,0,75,,3344,15,,,0,76,,3345,15,,,0,35,,3346,15,,,0,75,,3347,15,,,0,35,,3348,15,,,0,75,,3349,15,,,0,77,,3350,15,,,0,41,,3351,15,,,0,77,,3352,15,,,0,35,,3353,15,,,0,69,,3354,15,,,0,79,,3355,15,,,0,33,,3356,15,,,0
1700,'CsRoyOffKerOff',641,,3357,15,,,0,80,,3358,15,,,0,37,,3359,15,,,0,79,,3360,15,,,0,74,,3361,15,,,0,35,,3362,15,,,0,75,,3363,15,,,0,35,,3364,15,,,0,75,,3365,15,,,0,76,,3366,15,,,0,35,,3367,15,,,0,75,,3368,15,,,0,35,,3369,15,,,0,75,,3370,15,,,0,77,,3371,15,,,0,41,,3372,15,,,0,77,,3373,15,,,0,35,,3374,15,,,0,69,,3375,15,,,0,79,,3376,15,,,0,33,,3377,15,,,0
1700,'EventOff',641,,3378,15,,,0,80,,3379,15,,,0,37,,3380,15,,,0,79,,3381,15,,,0,74,,3382,15,,,0,35,,3383,15,,,0,75,,3384,15,,,0,35,,3385,15,,,0,75,,3386,15,,,0,76,,3387,15,,,0,35,,3388,15,,,0,75,,3389,15,,,0,35,,3390,15,,,0,75,,3391,15,,,0,77,,3392,15,,,0,41,,3393,15,,,0,77,,3394,15,,,0,35,,3395,15,,,0,69,,3396,15,,,0,79,,3397,15,,,0,33,,3398,15,,,0
1700,'EventOn',641,,3399,15,,,0,80,,3400,15,,,0,37,,3401,15,,,0,79,,3402,15,,,0,74,,3403,15,,,0,35,,3404,15,,,0,75,,3405,15,,,0,35,,3406,15,,,0,75,,3407,15,,,0,76,,3408,15,,,0,35,,3409,15,,,0,75,,3410,15,,,0,35,,3411,15,,,0,75,,3412,15,,,0,77,,3413,15,,,0,41,,3414,15,,,0,77,,3415,15,,,0,35,,3416,15,,,0,69,,3417,15,,,0,79,,3418,15,,,0,33,,3419,15,,,0
1700,'KerOffPriveOff',641,,3420,15,,,0,80,,3421,15,,,0,37,,3422,15,,,0,79,,3423,15,,,0,74,,3424,15,,,0,35,,3425,15,,,0,75,,3426,15,,,0,35,,3427,15,,,0,75,,3428,15,,,0,76,,3429,15,,,0,35,,3430,15,,,0,75,,3431,15,,,0,35,,3432,15,,,0,75,,3433,15,,,0,77,,3434,15,,,0,41,,3435,15,,,0,77,,3436,15,,,0,35,,3437,15,,,0,69,,3438,15,,,0,79,,3439,15,,,0,33,,3440,15,,,0
111800501,'CsRoyOff',747,,4941,18,,,0,880,,4942,18,0,14 15,0
111800501,'CsRoyOffKerOff',1627,,4943,18,0,14 15,0
111800501,'EventOn',747,,4944,18,,,0,880,,4945,18,0,14 15,0
19200300001,'CsRoyOff',747,,5015,19,0,11 18,0
19200300001,'CsRoyOffKerOff',747,,5016,19,0,11 18,0
19200300001,'EventOn',747,,5017,19,0,11 18,0
