1100,'CsRoyOff',637,,2185,36,,,0,78,,2169,36,,,0,41,,2181,36,,,0,73,,2165,36,,,0,76,,2176,36,,,0,34,,2173,36,,,0,75,,2186,36,,,0,35,,2170,36,,,0,75,,2182,36,,,0,35,,2166,36,,,0,75,,2177,36,,,0,75,,2174,36,,,0,36,,2183,36,,,0,75,,2167,36,,,0,35,,2180,36,,,0,81,,2171,36,,,0,64,,2192,30,,,0,15,,2178,36,,,0,37,,2175,36,,,0,74,,2184,36,,,0,32,,2168,36,,,0,75,,2179,36,,,0,75,,2172,36,,,0,105,,2190,36,,,0,105,,2191,36,,,0,105,,2189,36,,,0,105,,2188,36,,,0,100,,2187,36,,,0
1100,'CsRoyOffKerOff',637,,2213,36,,,0,78,,2197,36,,,0,41,,2209,36,,,0,73,,2193,36,,,0,76,,2204,36,,,0,34,,2201,36,,,0,75,,2214,36,,,0,35,,2198,36,,,0,75,,2210,36,,,0,35,,2194,36,,,0,75,,2205,36,,,0,75,,2202,36,,,0,36,,2211,36,,,0,75,,2195,36,,,0,35,,2208,36,,,0,81,,2199,36,,,0,64,,2220,30,,,0,15,,2206,36,,,0,37,,2203,36,,,0,74,,2212,36,,,0,32,,2196,36,,,0,75,,2207,36,,,0,75,,2200,36,,,0,105,,2218,36,,,0,105,,2219,36,,,0,105,,2217,36,,,0,105,,2216,36,,,0,100,,2215,36,,,0
1100,'Dimanche',935,,2224,36,,,0,105,,2226,36,,,0,105,,2225,36,,,0,105,,2227,36,,,0,105,,2228,36,,,0,145,,2229,36,,,0,105,,2230,36,,,0,105,,2222,36,,,0,103,,2221,36,,,0,105,,2223,36,,,0
1100,'EventOff',637,,2251,36,,,0,78,,2235,36,,,0,41,,2247,36,,,0,73,,2231,36,,,0,76,,2242,36,,,0,34,,2239,36,,,0,75,,2252,36,,,0,35,,2236,36,,,0,75,,2248,36,,,0,35,,2232,36,,,0,75,,2243,36,,,0,75,,2240,36,,,0,36,,2249,36,,,0,75,,2233,36,,,0,35,,2246,36,,,0,81,,2237,36,,,0,79,,2244,36,,,0,37,,2241,36,,,0,74,,2250,36,,,0,32,,2234,36,,,0,75,,2245,36,,,0,75,,2238,36,,,0,105,,2256,36,,,0,105,,2257,36,,,0,105,,2255,36,,,0,105,,2254,36,,,0,100,,2253,36,,,0
1100,'EventOn',637,,2278,36,,,0,78,,2262,36,,,0,41,,2274,36,,,0,73,,2258,36,,,0,76,,2269,36,,,0,34,,2266,36,,,0,75,,2279,36,,,0,35,,2263,36,,,0,75,,2275,36,,,0,35,,2259,36,,,0,75,,2270,36,,,0,75,,2267,36,,,0,36,,2276,36,,,0,75,,2260,36,,,0,35,,2273,36,,,0,81,,2264,36,,,0,64,,2288,30,,,0,12,,2287,22,,,0,3,,2271,36,,,0,37,,2268,36,,,0,74,,2277,36,,,0,32,,2261,36,,,0,75,,2272,36,,,0,75,,2265,36,,,0,105,,2283,36,,,0,105,,2284,36,,,0,105,,2282,36,,,0,105,,2281,36,,,0,100,,2280,36,,,0
1100,'KerOffPriveOff',637,,2309,36,,,0,78,,2293,36,,,0,41,,2305,36,,,0,73,,2289,36,,,0,76,,2300,36,,,0,34,,2297,36,,,0,75,,2310,36,,,0,35,,2294,36,,,0,75,,2306,36,,,0,35,,2290,36,,,0,75,,2301,36,,,0,75,,2298,36,,,0,36,,2307,36,,,0,75,,2291,36,,,0,35,,2304,36,,,0,81,,2295,36,,,0,76,,2318,22,,,0,3,,2302,36,,,0,37,,2299,36,,,0,74,,2308,36,,,0,32,,2292,36,,,0,75,,2303,36,,,0,75,,2296,36,,,0,105,,2314,36,,,0,105,,2315,36,,,0,105,,2313,36,,,0,105,,2312,36,,,0,100,,2311,36,,,0
1100,'Samedi',705,,2319,36,,,0,106,,2328,36,,,0,105,,2320,36,,,0,105,,2329,36,,,0,104,,2321,36,,,0,105,,2330,36,,,0,105,,2322,36,,,0,105,,2331,36,,,0,105,,2323,36,,,0,105,,2332,36,,,0,104,,2324,36,,,0,104,,2333,36,,,0,145,,2325,36,,,0,105,,2334,36,,,0,105,,2326,36,,,0,105,,2335,36,,,0,105,,2327,36,,,0
1601,'CsRoyOff',619,,3244,7,,,0,115,,3229,7,,,0,110,,3230,7,,,0,110,,3231,7,,,0,150,,3232,7,,,0,110,,3233,7,,,0,110,,3234,7,,,0,110,,3235,7,,,0,115,,3236,7,,,0,155,,3237,7,,,0,110,,3238,7,,,0,109,,3239,7,,,0,100,,3240,7,,,0,105,,3241,7,,,0,105,,3243,7,,,0,105,,3242,7,,,0
1601,'CsRoyOffKerOff',619,,3260,7,,,0,115,,3245,7,,,0,110,,3246,7,,,0,110,,3247,7,,,0,150,,3248,7,,,0,110,,3249,7,,,0,110,,3250,7,,,0,110,,3251,7,,,0,115,,3252,7,,,0,155,,3253,7,,,0,110,,3254,7,,,0,109,,3255,7,,,0,100,,3256,7,,,0,105,,3257,7,,,0,105,,3259,7,,,0,105,,3258,7,,,0
1601,'Dimanche',843,,3269,7,,,0,105,,3262,7,,,0,105,,3263,7,,,0,105,,3264,7,,,0,145,,3265,7,,,0,105,,3266,7,,,0,105,,3267,7,,,0,105,,3268,7,,,0,105,,3261,7,,,0,105,,3270,7,,,0
1601,'EventOff',619,,3286,7,,,0,115,,3271,7,,,0,110,,3272,7,,,0,110,,3273,7,,,0,150,,3274,7,,,0,110,,3275,7,,,0,110,,3276,7,,,0,110,,3277,7,,,0,115,,3278,7,,,0,155,,3279,7,,,0,110,,3280,7,,,0,109,,3281,7,,,0,100,,3282,7,,,0,105,,3283,7,,,0,105,,3285,7,,,0,105,,3284,7,,,0
1601,'EventOn',619,,3302,7,,,0,115,,3287,7,,,0,110,,3288,7,,,0,110,,3289,7,,,0,150,,3290,7,,,0,110,,3291,7,,,0,110,,3292,7,,,0,110,,3293,7,,,0,115,,3294,7,,,0,155,,3295,7,,,0,110,,3296,7,,,0,109,,3297,7,,,0,100,,3298,7,,,0,105,,3299,7,,,0,105,,3301,7,,,0,105,,3300,7,,,0
1601,'KerOffPriveOff',619,,3318,7,,,0,115,,3303,7,,,0,110,,3304,7,,,0,110,,3305,7,,,0,150,,3306,7,,,0,110,,3307,7,,,0,110,,3308,7,,,0,110,,3309,7,,,0,115,,3310,7,,,0,155,,3311,7,,,0,110,,3312,7,,,0,109,,3313,7,,,0,100,,3314,7,,,0,105,,3315,7,,,0,105,,3317,7,,,0,105,,3316,7,,,0
1601,'Samedi',614,,3334,7,,,0,105,,3335,7,,,0,105,,3327,7,,,0,105,,3319,7,,,0,105,,3320,7,,,0,105,,3321,7,,,0,105,,3322,7,,,0,104,,3323,7,,,0,105,,3324,7,,,0,105,,3325,7,,,0,146,,3326,7,,,0,105,,3328,7,,,0,105,,3329,7,,,0,105,,3330,7,,,0,105,,3331,7,,,0,105,,3332,7,,,0,105,,3333,7,,,0
