1001,'CsRoyOff',631,,2008,18,,,0,71,,2017,18,,,0,41,,2025,18,,,0,74,,2022,18,,,0,35,,2013,18,,,0,76,,2009,18,,,0,74,,2018,18,,,0,35,,2026,18,,,0,75,,2021,18,,,0,35,,2014,18,,,0,75,,2010,18,,,0,34,,2019,18,,,0,75,,2027,18,,,0,27,,2024,18,,,0,80,,2015,18,,,0,71,,2011,18,,,0,43,,2020,18,,,0,80,,2028,18,,,0,79,,2023,18,,,0,35,,2016,18,,,0,77,,2012,18,,,0,103,,2029,18,,,0,105,,2033,18,,,0,105,,2032,18,,,0,105,,2030,18,,,0,105,,2031,18,,,0
1001,'CsRoyOffKerOff',631,,2034,18,,,0,71,,2043,18,,,0,41,,2051,18,,,0,74,,2048,18,,,0,35,,2039,18,,,0,76,,2035,18,,,0,74,,2044,18,,,0,35,,2052,18,,,0,75,,2047,18,,,0,35,,2040,18,,,0,75,,2036,18,,,0,34,,2045,18,,,0,75,,2053,18,,,0,27,,2050,18,,,0,80,,2041,18,,,0,71,,2037,18,,,0,43,,2046,18,,,0,80,,2054,18,,,0,79,,2049,18,,,0,35,,2042,18,,,0,77,,2038,18,,,0,103,,2055,18,,,0,105,,2059,18,,,0,105,,2058,18,,,0,105,,2056,18,,,0,105,,2057,18,,,0
1001,'Dimanche',852,,2062,18,,,0,105,,2063,18,,,0,144,,2064,18,,,0,106,,2065,18,,,0,104,,2066,18,,,0,105,,2067,18,,,0,105,,2068,18,,,0,105,,2069,18,,,0,106,,2061,18,,,0,105,,2060,18,,,0
1001,'EventOff',631,,2070,18,,,0,71,,2079,18,,,0,41,,2087,18,,,0,74,,2084,18,,,0,35,,2075,18,,,0,76,,2071,18,,,0,74,,2080,18,,,0,35,,2088,18,,,0,75,,2083,18,,,0,35,,2076,18,,,0,75,,2072,18,,,0,34,,2081,18,,,0,75,,2089,18,,,0,27,,2086,18,,,0,80,,2077,18,,,0,71,,2073,18,,,0,43,,2082,18,,,0,80,,2090,18,,,0,79,,2085,18,,,0,35,,2078,18,,,0,77,,2074,18,,,0,103,,2091,18,,,0,105,,2095,18,,,0,105,,2094,18,,,0,105,,2092,18,,,0,105,,2093,18,,,0
1001,'EventOn',631,,2096,18,,,0,71,,2105,18,,,0,41,,2113,18,,,0,74,,2110,18,,,0,35,,2101,18,,,0,76,,2097,18,,,0,74,,2106,18,,,0,35,,2114,18,,,0,75,,2109,18,,,0,35,,2102,18,,,0,75,,2098,18,,,0,34,,2107,18,,,0,75,,2115,18,,,0,27,,2112,18,,,0,80,,2103,18,,,0,71,,2099,18,,,0,43,,2108,18,,,0,80,,2116,18,,,0,79,,2111,18,,,0,35,,2104,18,,,0,77,,2100,18,,,0,103,,2117,18,,,0,105,,2121,18,,,0,105,,2120,18,,,0,105,,2118,18,,,0,105,,2119,18,,,0
1001,'KerOffPriveOff',631,,2122,18,,,0,71,,2131,18,,,0,41,,2139,18,,,0,74,,2136,18,,,0,35,,2127,18,,,0,76,,2123,18,,,0,74,,2132,18,,,0,35,,2140,18,,,0,75,,2135,18,,,0,35,,2128,18,,,0,75,,2124,18,,,0,34,,2133,18,,,0,75,,2141,18,,,0,27,,2138,18,,,0,80,,2129,18,,,0,71,,2125,18,,,0,43,,2134,18,,,0,80,,2142,18,,,0,79,,2137,18,,,0,35,,2130,18,,,0,77,,2126,18,,,0,103,,2143,18,,,0,105,,2147,18,,,0,105,,2146,18,,,0,105,,2144,18,,,0,105,,2145,18,,,0
1001,'Samedi',623,,2148,18,,,0,104,,2149,18,,,0,105,,2150,18,,,0,105,,2151,18,,,0,106,,2152,18,,,0,104,,2153,18,,,0,105,,2154,18,,,0,106,,2155,18,,,0,145,,2156,18,,,0,105,,2157,18,,,0,104,,2158,18,,,0,105,,2159,18,,,0,105,,2160,18,,,0,105,,2161,18,,,0,105,,2162,18,,,0,105,,2163,18,,,0,105,,2164,18,,,0
1701,'CsRoyOff',624,,3441,10,,,0,32,,3442,10,,,0,81,,3443,10,,,0,75,,3444,10,,,0,35,,3445,10,,,0,74,,3446,10,,,0,35,,3447,10,,,0,75,,3448,10,,,0,76,,3449,10,,,0,35,,3450,10,,,0,75,,3451,10,,,0,35,,3452,10,,,0,75,,3453,10,,,0,75,,3454,10,,,0,35,,3455,10,,,0,80,,3456,10,,,0,39,,3457,10,,,0,77,,3458,10,,,0,75,,3459,10,,,0,33,,3460,10,,,0,75,,3461,10,,,0
1701,'CsRoyOffKerOff',624,,3462,10,,,0,32,,3463,10,,,0,81,,3464,10,,,0,75,,3465,10,,,0,35,,3466,10,,,0,74,,3467,10,,,0,35,,3468,10,,,0,75,,3469,10,,,0,76,,3470,10,,,0,35,,3471,10,,,0,75,,3472,10,,,0,35,,3473,10,,,0,75,,3474,10,,,0,75,,3475,10,,,0,35,,3476,10,,,0,80,,3477,10,,,0,39,,3478,10,,,0,77,,3479,10,,,0,75,,3480,10,,,0,33,,3481,10,,,0,75,,3482,10,,,0
1701,'EventOff',624,,3483,10,,,0,32,,3484,10,,,0,81,,3485,10,,,0,75,,3486,10,,,0,35,,3487,10,,,0,74,,3488,10,,,0,35,,3489,10,,,0,75,,3490,10,,,0,76,,3491,10,,,0,35,,3492,10,,,0,75,,3493,10,,,0,35,,3494,10,,,0,75,,3495,10,,,0,75,,3496,10,,,0,35,,3497,10,,,0,80,,3498,10,,,0,39,,3499,10,,,0,77,,3500,10,,,0,75,,3501,10,,,0,33,,3502,10,,,0,75,,3503,10,,,0
1701,'EventOn',624,,3504,10,,,0,32,,3505,10,,,0,81,,3506,10,,,0,75,,3507,10,,,0,35,,3508,10,,,0,74,,3509,10,,,0,35,,3510,10,,,0,75,,3511,10,,,0,76,,3512,10,,,0,35,,3513,10,,,0,75,,3514,10,,,0,35,,3515,10,,,0,75,,3516,10,,,0,75,,3517,10,,,0,35,,3518,10,,,0,80,,3519,10,,,0,39,,3520,10,,,0,77,,3521,10,,,0,75,,3522,10,,,0,33,,3523,10,,,0,75,,3524,10,,,0
1701,'KerOffPriveOff',624,,3525,10,,,0,32,,3526,10,,,0,81,,3527,10,,,0,75,,3528,10,,,0,35,,3529,10,,,0,74,,3530,10,,,0,35,,3531,10,,,0,75,,3532,10,,,0,76,,3533,10,,,0,35,,3534,10,,,0,75,,3535,10,,,0,35,,3536,10,,,0,75,,3537,10,,,0,75,,3538,10,,,0,35,,3539,10,,,0,80,,3540,10,,,0,39,,3541,10,,,0,77,,3542,10,,,0,75,,3543,10,,,0,33,,3544,10,,,0,75,,3545,10,,,0
