901,'CsRoyOff',613,,1744,10,,,0,24,,1758,10,,,0,68,,1762,11,0,5,0,6,,1763,11,0,6,0,2,,1745,10,,,0,40,,1757,10,,,0,74,,1746,10,,,0,76,,1759,10,,,0,35,,1747,10,,,0,110,,1748,10,,,0,111,,1749,10,,,0,149,,1750,10,,,0,111,,1751,10,,,0,35,,1756,10,,,0,76,,1752,10,,,0,79,,1755,10,,,0,37,,1753,10,,,0,77,,1760,10,,,0,36,,1754,10,,,0,150,,1761,10,,,0
901,'CsRoyOffKerOff',613,,1764,10,,,0,24,,1778,10,,,0,68,,1782,11,0,5,0,8,,1765,10,,,0,40,,1777,10,,,0,74,,1766,10,,,0,76,,1779,10,,,0,35,,1767,10,,,0,110,,1768,10,,,0,111,,1769,10,,,0,149,,1770,10,,,0,111,,1771,10,,,0,35,,1776,10,,,0,76,,1772,10,,,0,79,,1775,10,,,0,37,,1773,10,,,0,77,,1780,10,,,0,36,,1774,10,,,0,150,,1781,10,,,0
901,'EventOff',613,,1783,10,,,0,24,,1797,10,,,0,76,,1784,10,,,0,40,,1796,10,,,0,74,,1785,10,,,0,76,,1798,10,,,0,35,,1786,10,,,0,110,,1787,10,,,0,111,,1788,10,,,0,149,,1789,10,,,0,111,,1790,10,,,0,35,,1795,10,,,0,76,,1791,10,,,0,79,,1794,10,,,0,37,,1792,10,,,0,77,,1799,10,,,0,36,,1793,10,,,0,150,,1800,10,,,0
901,'EventOn',613,,1801,10,,,0,24,,1815,10,,,0,68,,1819,11,0,5,0,6,,1820,11,0,6,0,2,,1802,10,,,0,40,,1814,10,,,0,74,,1803,10,,,0,76,,1816,10,,,0,35,,1804,10,,,0,110,,1805,10,,,0,111,,1806,10,,,0,149,,1807,10,,,0,111,,1808,10,,,0,35,,1813,10,,,0,76,,1809,10,,,0,79,,1812,10,,,0,37,,1810,10,,,0,77,,1817,10,,,0,36,,1811,10,,,0,150,,1818,10,,,0
901,'KerOffPriveOff',613,,1821,10,,,0,24,,1835,10,,,0,76,,1822,10,,,0,40,,1834,10,,,0,74,,1823,10,,,0,76,,1836,10,,,0,35,,1824,10,,,0,110,,1825,10,,,0,111,,1826,10,,,0,149,,1827,10,,,0,111,,1828,10,,,0,35,,1833,10,,,0,76,,1829,10,,,0,79,,1832,10,,,0,37,,1830,10,,,0,77,,1837,10,,,0,36,,1831,10,,,0,150,,1838,10,,,0
8901,'CsRoyOff',2014,,4880,10,,,0,105,,4879,10,,,0,105,,4878,10,,,0,105,,4877,10,,,0
8901,'CsRoyOffKerOff',2014,,4884,10,,,0,105,,4883,10,,,0,105,,4882,10,,,0,105,,4881,10,,,0
8901,'Dimanche',831,,4886,10,,,0,105,,4888,10,,,0,106,,4890,10,,,0,105,,4891,10,,,0,105,,4892,10,,,0,105,,4893,10,,,0,145,,4894,10,,,0,105,,4895,10,,,0,105,,4885,10,,,0,104,,4889,10,,,0,101,,4887,10,,,0
8901,'EventOff',2014,,4899,10,,,0,105,,4898,10,,,0,105,,4897,10,,,0,105,,4896,10,,,0
8901,'EventOn',2014,,4903,10,,,0,105,,4902,10,,,0,105,,4901,10,,,0,105,,4900,10,,,0
8901,'KerOffPriveOff',2014,,4907,10,,,0,105,,4906,10,,,0,105,,4905,10,,,0,105,,4904,10,,,0
8901,'Samedi',707,,4916,10,,,0,105,,4908,10,,,0,106,,4917,10,,,0,105,,4909,10,,,0,105,,4918,10,,,0,105,,4910,10,,,0,104,,4919,10,,,0,105,,4911,10,,,0,105,,4920,10,,,0,106,,4912,10,,,0,104,,4921,10,,,0,145,,4913,10,,,0,105,,4922,10,,,0,105,,4914,10,,,0,105,,4923,10,,,0,105,,4915,10,,,0
