111800200,'CsRoyOff',1619,,4924,16,,,0
111800200,'EventOn',1619,,4925,16,,,0
111800201,'CsRoyOff',802,,4926,3,,,0
111800201,'EventOn',802,,4927,3,,,0
3080200000,'EventOn',823,,4974,23,,,0
3080200000,'KerOffPriveOff',823,,4975,23,,,0
3080200001,'EventOn',1623,,4976,27,,,0
3080200001,'KerOffPriveOff',1623,,4977,27,,,0
19200100000,'CsRoyOff',728,,4998,18,,,0
19200100000,'CsRoyOffKerOff',728,,4999,18,,,0
19200100000,'EventOn',728,,5000,18,,,0
19200100000,'KerOffPriveOff',728,,5001,18,,,0
19200100001,'CsRoyOff',1555,,5002,3,,,0
19200100001,'CsRoyOffKerOff',1555,,5003,3,,,0
19200100001,'EventOn',1555,,5004,3,,,0
19200100001,'KerOffPriveOff',1555,,5005,3,,,0
