111800200,'CsRoyOff',1616,,4924,10,,,0
111800200,'EventOn',1616,,4925,10,,,0
111800201,'CsRoyOff',810,,4926,13,,,0
111800201,'EventOn',810,,4927,13,,,0
3080100000,'EventOn',817,,4970,8,,,0
3080100000,'KerOffPriveOff',817,,4971,8,,,0
3080100001,'EventOn',1617,,4972,10,,,0
3080100001,'KerOffPriveOff',1617,,4973,10,,,0
19200100000,'CsRoyOff',723,,4998,12,,,0
19200100000,'CsRoyOffKerOff',723,,4999,12,,,0
19200100000,'EventOn',723,,5000,12,,,0
19200100000,'KerOffPriveOff',723,,5001,12,,,0
19200100001,'CsRoyOff',1602,,5002,13,,,0
19200100001,'CsRoyOffKerOff',1602,,5003,13,,,0
19200100001,'EventOn',1602,,5004,13,,,0
19200100001,'KerOffPriveOff',1602,,5005,13,,,0
