1400,'CsRoyOff',636,,3062,11,,,0,70,,3063,11,,,0,30,,3061,11,,,0,100,,3060,11,,,0,685,,3059,11,,,0,100,,3057,11,,,0,100,,3058,11,,,0
1400,'CsRoyOffKerOff',636,,3069,11,,,0,70,,3070,11,,,0,30,,3068,11,,,0,100,,3067,11,,,0,685,,3066,11,,,0,100,,3064,11,,,0,100,,3065,11,,,0
1400,'EventOff',636,,3076,11,,,0,70,,3077,11,,,0,30,,3075,11,,,0,100,,3074,11,,,0,685,,3073,11,,,0,100,,3071,11,,,0,100,,3072,11,,,0
1400,'EventOn',636,,3083,11,,,0,70,,3084,11,,,0,30,,3082,11,,,0,100,,3081,11,,,0,685,,3080,11,,,0,100,,3078,11,,,0,100,,3079,11,,,0
1400,'KerOffPriveOff',636,,3090,11,,,0,70,,3091,11,,,0,30,,3089,11,,,0,100,,3088,11,,,0,685,,3087,11,,,0,100,,3085,11,,,0,100,,3086,11,,,0
1600,'CsRoyOff',709,,3122,12,,,0,110,,3123,12,,,0,111,,3124,12,,,0,110,,3125,12,,,0,110,,3126,12,,,0,150,,3127,12,,,0,109,,3128,12,,,0,116,,3129,12,,,0,114,,3130,12,,,0,111,,3131,12,,,0,150,,3132,12,,,0,100,,3133,12,,,0,106,,3134,12,,,0,104,,3135,12,,,0,106,,3136,12,,,0,102,,3137,12,,,0
1600,'CsRoyOffKerOff',709,,3138,12,,,0,110,,3139,12,,,0,111,,3140,12,,,0,110,,3141,12,,,0,110,,3142,12,,,0,150,,3143,12,,,0,109,,3144,12,,,0,116,,3145,12,,,0,114,,3146,12,,,0,111,,3147,12,,,0,150,,3148,12,,,0,100,,3149,12,,,0,106,,3150,12,,,0,104,,3151,12,,,0,106,,3152,12,,,0,102,,3153,12,,,0
1600,'Dimanche',925,,3155,12,,,0,105,,3156,12,,,0,105,,3157,12,,,0,105,,3158,12,,,0,104,,3159,12,,,0,105,,3160,12,,,0,105,,3161,12,,,0,105,,3154,12,,,0,145,,3162,12,,,0,105,,3163,12,,,0
1600,'EventOff',709,,3164,12,,,0,110,,3165,12,,,0,111,,3166,12,,,0,110,,3167,12,,,0,110,,3168,12,,,0,150,,3169,12,,,0,109,,3170,12,,,0,116,,3171,12,,,0,114,,3172,12,,,0,111,,3173,12,,,0,150,,3174,12,,,0,100,,3175,12,,,0,106,,3176,12,,,0,104,,3177,12,,,0,106,,3178,12,,,0,102,,3179,12,,,0
1600,'EventOn',709,,3180,12,,,0,110,,3181,12,,,0,111,,3182,12,,,0,110,,3183,12,,,0,110,,3184,12,,,0,150,,3185,12,,,0,109,,3186,12,,,0,116,,3187,12,,,0,114,,3188,12,,,0,111,,3189,12,,,0,150,,3190,12,,,0,100,,3191,12,,,0,106,,3192,12,,,0,104,,3193,12,,,0,106,,3194,12,,,0,102,,3195,12,,,0
1600,'KerOffPriveOff',709,,3196,12,,,0,110,,3197,12,,,0,111,,3198,12,,,0,110,,3199,12,,,0,110,,3200,12,,,0,150,,3201,12,,,0,109,,3202,12,,,0,116,,3203,12,,,0,114,,3204,12,,,0,111,,3205,12,,,0,150,,3206,12,,,0,100,,3207,12,,,0,106,,3208,12,,,0,104,,3209,12,,,0,106,,3210,12,,,0,102,,3211,12,,,0
1600,'Samedi',654,,3227,12,,,0,105,,3228,12,,,0,145,,3212,12,,,0,105,,3213,12,,,0,105,,3214,12,,,0,105,,3215,12,,,0,105,,3216,12,,,0,105,,3217,12,,,0,105,,3218,12,,,0,105,,3219,12,,,0,105,,3221,12,,,0,105,,3222,12,,,0,105,,3223,12,,,0,105,,3224,12,,,0,145,,3225,12,,,0,105,,3226,12,,,0,105,,3220,12,,,0
