200,'CsRoyOff',627,,17,14,,,0,75,,6,14,,,0,41,,12,14,,,0,75,,1,14,,,0,35,,18,14,,,0,74,,7,14,,,0,75,,13,14,,,0,35,,2,14,,,0,76,,19,14,,,0,35,,8,14,,,0,75,,14,14,,,0,35,,3,14,,,0,75,,20,14,,,0,75,,9,14,,,0,35,,15,14,,,0,80,,4,14,,,0,79,,21,14,,,0,37,,10,14,,,0,75,,16,14,,,0,33,,5,14,,,0,75,,22,14,,,0,35,,11,14,,,0,145,,27,14,,,0,105,,26,14,,,0,105,,25,14,,,0,105,,24,14,,,0,105,,23,14,,,0
200,'CsRoyOffKerOff',627,,44,14,,,0,75,,33,14,,,0,41,,39,14,,,0,75,,28,14,,,0,35,,45,14,,,0,74,,34,14,,,0,75,,40,14,,,0,35,,29,14,,,0,76,,46,14,,,0,35,,35,14,,,0,75,,41,14,,,0,35,,30,14,,,0,75,,47,14,,,0,75,,36,14,,,0,35,,42,14,,,0,80,,31,14,,,0,79,,48,14,,,0,37,,37,14,,,0,75,,43,14,,,0,33,,32,14,,,0,75,,49,14,,,0,35,,38,14,,,0,145,,54,14,,,0,105,,53,14,,,0,105,,52,14,,,0,105,,51,14,,,0,105,,50,14,,,0
200,'Dimanche',927,,58,14,,,0,105,,59,14,,,0,105,,60,14,,,0,105,,61,14,,,0,105,,62,14,,,0,105,,63,14,,,0,105,,64,14,,,0,145,,56,14,,,0,105,,55,14,,,0,105,,57,14,,,0
200,'EventOff',627,,81,14,,,0,75,,70,14,,,0,41,,76,14,,,0,75,,65,14,,,0,35,,82,14,,,0,74,,71,14,,,0,75,,77,14,,,0,35,,66,14,,,0,76,,83,14,,,0,35,,72,14,,,0,75,,78,14,,,0,35,,67,14,,,0,75,,84,14,,,0,75,,73,14,,,0,35,,79,14,,,0,80,,68,14,,,0,79,,85,14,,,0,37,,74,14,,,0,75,,80,14,,,0,33,,69,14,,,0,75,,86,14,,,0,35,,75,14,,,0,145,,91,14,,,0,105,,90,14,,,0,105,,89,14,,,0,105,,88,14,,,0,105,,87,14,,,0
200,'EventOn',627,,108,14,,,0,75,,97,14,,,0,41,,103,14,,,0,75,,92,14,,,0,35,,109,14,,,0,74,,98,14,,,0,75,,104,14,,,0,35,,93,14,,,0,76,,110,14,,,0,35,,99,14,,,0,75,,105,14,,,0,35,,94,14,,,0,75,,111,14,,,0,75,,100,14,,,0,35,,106,14,,,0,80,,95,14,,,0,79,,112,14,,,0,37,,101,14,,,0,75,,107,14,,,0,33,,96,14,,,0,75,,113,14,,,0,35,,102,14,,,0,145,,118,14,,,0,105,,117,14,,,0,105,,116,14,,,0,105,,115,14,,,0,105,,114,14,,,0
200,'KerOffPriveOff',627,,135,14,,,0,75,,124,14,,,0,41,,130,14,,,0,75,,119,14,,,0,35,,136,14,,,0,74,,125,14,,,0,75,,131,14,,,0,35,,120,14,,,0,76,,137,14,,,0,35,,126,14,,,0,75,,132,14,,,0,35,,121,14,,,0,75,,138,14,,,0,75,,127,14,,,0,35,,133,14,,,0,80,,122,14,,,0,79,,139,14,,,0,37,,128,14,,,0,75,,134,14,,,0,33,,123,14,,,0,75,,140,14,,,0,35,,129,14,,,0,145,,145,14,,,0,105,,144,14,,,0,105,,143,14,,,0,105,,142,14,,,0,105,,141,14,,,0
200,'Samedi',656,,146,14,,,0,145,,147,14,,,0,105,,148,14,,,0,106,,149,14,,,0,105,,150,14,,,0,105,,151,14,,,0,105,,152,14,,,0,105,,153,14,,,0,105,,154,14,,,0,105,,155,14,,,0,105,,156,14,,,0,105,,157,14,,,0,105,,158,14,,,0,145,,159,14,,,0,104,,160,14,,,0,105,,161,14,,,0,105,,162,14,,,0
800,'CsRoyOff',627,,1330,15,,,0,75,,1341,15,,,0,41,,1331,15,,,0,75,,1342,15,,,0,35,,1332,15,,,0,74,,1343,15,,,0,75,,1333,15,,,0,35,,1344,15,,,0,76,,1334,15,,,0,35,,1345,15,,,0,75,,1335,15,,,0,35,,1346,15,,,0,75,,1336,15,,,0,75,,1347,15,,,0,35,,1337,15,,,0,80,,1348,15,,,0,79,,1338,15,,,0,37,,1349,15,,,0,75,,1339,15,,,0,33,,1350,15,,,0,75,,1340,15,,,0,35,,1351,15,,,0,145,,1356,15,,,0,105,,1355,15,,,0,105,,1352,15,,,0,105,,1353,15,,,0,105,,1354,15,,,0
800,'CsRoyOffKerOff',627,,1357,15,,,0,75,,1368,15,,,0,41,,1358,15,,,0,75,,1369,15,,,0,35,,1359,15,,,0,74,,1370,15,,,0,75,,1360,15,,,0,35,,1371,15,,,0,76,,1361,15,,,0,35,,1372,15,,,0,75,,1362,15,,,0,35,,1373,15,,,0,75,,1363,15,,,0,75,,1374,15,,,0,35,,1364,15,,,0,80,,1375,15,,,0,79,,1365,15,,,0,37,,1376,15,,,0,75,,1366,15,,,0,33,,1377,15,,,0,75,,1367,15,,,0,35,,1378,15,,,0,145,,1383,15,,,0,105,,1382,15,,,0,105,,1379,15,,,0,105,,1380,15,,,0,105,,1381,15,,,0
800,'Dimanche',927,,1386,15,,,0,105,,1387,15,,,0,105,,1389,15,,,0,105,,1390,15,,,0,105,,1391,15,,,0,105,,1392,15,,,0,105,,1393,15,,,0,145,,1388,15,,,0,105,,1384,15,,,0,105,,1385,15,,,0
800,'EventOff',627,,1394,15,,,0,75,,1405,15,,,0,41,,1395,15,,,0,75,,1406,15,,,0,35,,1396,15,,,0,74,,1407,15,,,0,75,,1397,15,,,0,35,,1408,15,,,0,76,,1398,15,,,0,35,,1409,15,,,0,75,,1399,15,,,0,35,,1410,15,,,0,75,,1400,15,,,0,75,,1411,15,,,0,35,,1401,15,,,0,80,,1412,15,,,0,79,,1402,15,,,0,37,,1413,15,,,0,75,,1403,15,,,0,33,,1414,15,,,0,75,,1404,15,,,0,35,,1415,15,,,0,145,,1420,15,,,0,105,,1419,15,,,0,105,,1416,15,,,0,105,,1417,15,,,0,105,,1418,15,,,0
800,'EventOn',627,,1421,15,,,0,75,,1432,15,,,0,41,,1422,15,,,0,75,,1433,15,,,0,35,,1423,15,,,0,74,,1434,15,,,0,75,,1424,15,,,0,35,,1435,15,,,0,76,,1425,15,,,0,35,,1436,15,,,0,75,,1426,15,,,0,35,,1437,15,,,0,75,,1427,15,,,0,75,,1438,15,,,0,35,,1428,15,,,0,80,,1439,15,,,0,79,,1429,15,,,0,37,,1440,15,,,0,75,,1430,15,,,0,33,,1441,15,,,0,75,,1431,15,,,0,35,,1442,15,,,0,145,,1447,15,,,0,105,,1446,15,,,0,105,,1443,15,,,0,105,,1444,15,,,0,105,,1445,15,,,0
800,'KerOffPriveOff',627,,1448,15,,,0,75,,1459,15,,,0,41,,1449,15,,,0,75,,1460,15,,,0,35,,1450,15,,,0,74,,1461,15,,,0,75,,1451,15,,,0,35,,1462,15,,,0,76,,1452,15,,,0,35,,1463,15,,,0,75,,1453,15,,,0,35,,1464,15,,,0,75,,1454,15,,,0,75,,1465,15,,,0,35,,1455,15,,,0,80,,1466,15,,,0,79,,1456,15,,,0,37,,1467,15,,,0,75,,1457,15,,,0,33,,1468,15,,,0,75,,1458,15,,,0,35,,1469,15,,,0,145,,1474,15,,,0,105,,1473,15,,,0,105,,1470,15,,,0,105,,1471,15,,,0,105,,1472,15,,,0
800,'Samedi',656,,1475,15,,,0,145,,1476,15,,,0,105,,1477,15,,,0,106,,1478,15,,,0,105,,1479,15,,,0,105,,1480,15,,,0,105,,1481,15,,,0,105,,1482,15,,,0,105,,1483,15,,,0,105,,1484,15,,,0,105,,1485,15,,,0,105,,1486,15,,,0,105,,1487,15,,,0,145,,1488,15,,,0,104,,1489,15,,,0,105,,1490,15,,,0,105,,1491,15,,,0
