1601,'CsRoyOff',640,,3244,30,,,0,115,,3229,30,,,0,150,,3230,30,,,0,110,,3231,30,,,0,110,,3232,30,,,0,110,,3233,30,,,0,110,,3234,30,,,0,110,,3235,30,,,0,156,,3236,30,,,0,116,,3237,30,,,0,109,,3238,30,,,0,107,,3239,30,,,0,100,,3240,30,,,0,105,,3241,30,,,0,105,,3243,30,,,0,105,,3242,30,,,0
1601,'CsRoyOffKerOff',640,,3260,30,,,0,115,,3245,30,,,0,150,,3246,30,,,0,110,,3247,30,,,0,110,,3248,30,,,0,110,,3249,30,,,0,110,,3250,30,,,0,110,,3251,30,,,0,156,,3252,30,,,0,116,,3253,30,,,0,109,,3254,30,,,0,107,,3255,30,,,0,100,,3256,30,,,0,105,,3257,30,,,0,105,,3259,30,,,0,105,,3258,30,,,0
1601,'Dimanche',904,,3269,30,,,0,105,,3262,30,,,0,105,,3263,30,,,0,105,,3264,30,,,0,105,,3265,30,,,0,105,,3266,30,,,0,106,,3267,30,,,0,105,,3268,30,,,0,104,,3261,30,,,0,105,,3270,30,,,0
1601,'EventOff',640,,3286,30,,,0,115,,3271,30,,,0,150,,3272,30,,,0,110,,3273,30,,,0,110,,3274,30,,,0,110,,3275,30,,,0,110,,3276,30,,,0,110,,3277,30,,,0,156,,3278,30,,,0,116,,3279,30,,,0,109,,3280,30,,,0,107,,3281,30,,,0,100,,3282,30,,,0,105,,3283,30,,,0,105,,3285,30,,,0,105,,3284,30,,,0
1601,'EventOn',640,,3302,30,,,0,115,,3287,30,,,0,150,,3288,30,,,0,110,,3289,30,,,0,110,,3290,30,,,0,110,,3291,30,,,0,110,,3292,30,,,0,110,,3293,30,,,0,156,,3294,30,,,0,116,,3295,30,,,0,109,,3296,30,,,0,107,,3297,30,,,0,100,,3298,30,,,0,105,,3299,30,,,0,105,,3301,30,,,0,105,,3300,30,,,0
1601,'KerOffPriveOff',640,,3318,30,,,0,115,,3303,30,,,0,150,,3304,30,,,0,110,,3305,30,,,0,110,,3306,30,,,0,110,,3307,30,,,0,110,,3308,30,,,0,110,,3309,30,,,0,156,,3310,30,,,0,116,,3311,30,,,0,109,,3312,30,,,0,107,,3313,30,,,0,100,,3314,30,,,0,105,,3315,30,,,0,105,,3317,30,,,0,105,,3316,30,,,0
1601,'Samedi',634,,3334,30,,,0,105,,3335,30,,,0,105,,3327,30,,,0,105,,3319,30,,,0,105,,3320,30,,,0,105,,3321,30,,,0,145,,3322,30,,,0,104,,3323,30,,,0,105,,3324,30,,,0,105,,3325,30,,,0,106,,3326,30,,,0,105,,3328,30,,,0,105,,3329,30,,,0,105,,3330,30,,,0,105,,3331,30,,,0,105,,3332,30,,,0,105,,3333,30,,,0
2501,'CsRoyOff',625,,3731,18,,,0,34,,3733,18,,,0,79,,3732,18,,,0,77,,3734,18,,,0,34,,3752,18,,,0,74,,3735,18,,,0,35,,3736,18,,,0,75,,3737,18,,,0,75,,3738,18,,,0,35,,3739,18,,,0,75,,3740,18,,,0,35,,3741,18,,,0,75,,3742,18,,,0,75,,3743,18,,,0,35,,3744,18,,,0,78,,3745,18,,,0,20,,3758,13,0,7 8,0,19,,3746,18,,,0,78,,3747,18,,,0,76,,3748,18,,,0,35,,3749,18,,,0,75,,3750,18,,,0,33,,3751,18,,,0,75,,3753,18,,,0,104,,3754,18,,,0,105,,3755,18,,,0,105,,3756,18,,,0,105,,3757,18,,,0
2501,'CsRoyOffKerOff',625,,3759,18,,,0,34,,3761,18,,,0,79,,3760,18,,,0,77,,3762,18,,,0,34,,3780,18,,,0,74,,3763,18,,,0,35,,3764,18,,,0,75,,3765,18,,,0,75,,3766,18,,,0,35,,3767,18,,,0,75,,3768,18,,,0,35,,3769,18,,,0,75,,3770,18,,,0,75,,3771,18,,,0,35,,3772,18,,,0,78,,3773,18,,,0,39,,3774,18,,,0,78,,3775,18,,,0,76,,3776,18,,,0,35,,3777,18,,,0,75,,3778,18,,,0,33,,3779,18,,,0,75,,3781,18,,,0,104,,3782,18,,,0,105,,3783,18,,,0,105,,3784,18,,,0,105,,3785,18,,,0
2501,'Dimanche',851,,3788,18,,,0,105,,3789,18,,,0,145,,3790,18,,,0,105,,3791,18,,,0,105,,3792,18,,,0,105,,3793,18,,,0,105,,3794,18,,,0,105,,3795,18,,,0,105,,3787,18,,,0,105,,3786,18,,,0
2501,'EventOff',625,,3796,18,,,0,34,,3798,18,,,0,79,,3797,18,,,0,77,,3799,18,,,0,34,,3817,18,,,0,74,,3800,18,,,0,35,,3801,18,,,0,75,,3802,18,,,0,75,,3803,18,,,0,35,,3804,18,,,0,75,,3805,18,,,0,35,,3806,18,,,0,75,,3807,18,,,0,75,,3808,18,,,0,35,,3809,18,,,0,78,,3810,18,,,0,39,,3811,18,,,0,78,,3812,18,,,0,76,,3813,18,,,0,35,,3814,18,,,0,75,,3815,18,,,0,33,,3816,18,,,0,75,,3818,18,,,0,104,,3819,18,,,0,105,,3820,18,,,0,105,,3821,18,,,0,105,,3822,18,,,0
2501,'EventOn',625,,3823,18,,,0,34,,3825,18,,,0,71,,3850,18,0,9,0,8,,3824,18,,,0,12,,3851,18,0,10,0,65,,3826,18,,,0,34,,3844,18,,,0,74,,3827,18,,,0,35,,3828,18,,,0,75,,3829,18,,,0,75,,3830,18,,,0,35,,3831,18,,,0,75,,3832,18,,,0,35,,3833,18,,,0,75,,3834,18,,,0,75,,3835,18,,,0,35,,3836,18,,,0,78,,3837,18,,,0,20,,3852,13,0,7 8,0,19,,3838,18,,,0,78,,3839,18,,,0,76,,3840,18,,,0,35,,3841,18,,,0,75,,3842,18,,,0,33,,3843,18,,,0,75,,3845,18,,,0,104,,3846,18,,,0,105,,3847,18,,,0,105,,3848,18,,,0,105,,3849,18,,,0
2501,'KerOffPriveOff',625,,3853,18,,,0,34,,3855,18,,,0,71,,3880,18,0,9,0,8,,3854,18,,,0,12,,3881,18,0,10,0,65,,3856,18,,,0,34,,3874,18,,,0,74,,3857,18,,,0,35,,3858,18,,,0,75,,3859,18,,,0,75,,3860,18,,,0,35,,3861,18,,,0,75,,3862,18,,,0,35,,3863,18,,,0,75,,3864,18,,,0,75,,3865,18,,,0,35,,3866,18,,,0,78,,3867,18,,,0,39,,3868,18,,,0,78,,3869,18,,,0,76,,3870,18,,,0,35,,3871,18,,,0,75,,3872,18,,,0,33,,3873,18,,,0,75,,3875,18,,,0,104,,3876,18,,,0,105,,3877,18,,,0,105,,3878,18,,,0,105,,3879,18,,,0
2501,'Samedi',621,,3893,18,,,0,104,,3882,18,,,0,105,,3888,18,,,0,105,,3894,18,,,0,105,,3883,18,,,0,105,,3889,18,,,0,105,,3895,18,,,0,105,,3884,18,,,0,145,,3890,18,,,0,105,,3896,18,,,0,105,,3885,18,,,0,105,,3891,18,,,0,105,,3897,18,,,0,105,,3886,18,,,0,105,,3892,18,,,0,105,,3898,18,,,0,105,,3887,18,,,0
