1400,'CsRoyOff',636,,3062,12,,,0,70,,3063,12,,,0,30,,3061,12,,,0,100,,3060,12,,,0,685,,3059,12,,,0,100,,3057,12,,,0,100,,3058,12,,,0
1400,'CsRoyOffKerOff',636,,3069,12,,,0,70,,3070,12,,,0,30,,3068,12,,,0,100,,3067,12,,,0,685,,3066,12,,,0,100,,3064,12,,,0,100,,3065,12,,,0
1400,'EventOff',636,,3076,12,,,0,70,,3077,12,,,0,30,,3075,12,,,0,100,,3074,12,,,0,685,,3073,12,,,0,100,,3071,12,,,0,100,,3072,12,,,0
1400,'EventOn',636,,3083,12,,,0,70,,3084,12,,,0,30,,3082,12,,,0,100,,3081,12,,,0,685,,3080,12,,,0,100,,3078,12,,,0,100,,3079,12,,,0
1400,'KerOffPriveOff',636,,3090,12,,,0,70,,3091,12,,,0,30,,3089,12,,,0,100,,3088,12,,,0,685,,3087,12,,,0,100,,3085,12,,,0,100,,3086,12,,,0
1600,'CsRoyOff',710,,3122,13,,,0,109,,3123,13,,,0,112,,3124,13,,,0,110,,3125,13,,,0,110,,3126,13,,,0,150,,3127,13,,,0,109,,3128,13,,,0,115,,3129,13,,,0,114,,3130,13,,,0,111,,3131,13,,,0,151,,3132,13,,,0,100,,3133,13,,,0,106,,3134,13,,,0,104,,3135,13,,,0,106,,3136,13,,,0,102,,3137,13,,,0
1600,'CsRoyOffKerOff',710,,3138,13,,,0,109,,3139,13,,,0,112,,3140,13,,,0,110,,3141,13,,,0,110,,3142,13,,,0,150,,3143,13,,,0,109,,3144,13,,,0,115,,3145,13,,,0,114,,3146,13,,,0,111,,3147,13,,,0,151,,3148,13,,,0,100,,3149,13,,,0,106,,3150,13,,,0,104,,3151,13,,,0,106,,3152,13,,,0,102,,3153,13,,,0
1600,'Dimanche',926,,3155,13,,,0,105,,3156,13,,,0,105,,3157,13,,,0,105,,3158,13,,,0,104,,3159,13,,,0,105,,3160,13,,,0,105,,3161,13,,,0,145,,3154,13,,,0,105,,3162,13,,,0,105,,3163,13,,,0
1600,'EventOff',710,,3164,13,,,0,109,,3165,13,,,0,112,,3166,13,,,0,110,,3167,13,,,0,110,,3168,13,,,0,150,,3169,13,,,0,109,,3170,13,,,0,115,,3171,13,,,0,114,,3172,13,,,0,111,,3173,13,,,0,151,,3174,13,,,0,100,,3175,13,,,0,106,,3176,13,,,0,104,,3177,13,,,0,106,,3178,13,,,0,102,,3179,13,,,0
1600,'EventOn',710,,3180,13,,,0,109,,3181,13,,,0,112,,3182,13,,,0,110,,3183,13,,,0,110,,3184,13,,,0,150,,3185,13,,,0,109,,3186,13,,,0,115,,3187,13,,,0,114,,3188,13,,,0,111,,3189,13,,,0,151,,3190,13,,,0,100,,3191,13,,,0,106,,3192,13,,,0,104,,3193,13,,,0,106,,3194,13,,,0,102,,3195,13,,,0
1600,'KerOffPriveOff',710,,3196,13,,,0,109,,3197,13,,,0,112,,3198,13,,,0,110,,3199,13,,,0,110,,3200,13,,,0,150,,3201,13,,,0,109,,3202,13,,,0,115,,3203,13,,,0,114,,3204,13,,,0,111,,3205,13,,,0,151,,3206,13,,,0,100,,3207,13,,,0,106,,3208,13,,,0,104,,3209,13,,,0,106,,3210,13,,,0,102,,3211,13,,,0
1600,'Samedi',655,,3227,13,,,0,145,,3228,13,,,0,105,,3212,13,,,0,105,,3213,13,,,0,105,,3214,13,,,0,105,,3215,13,,,0,105,,3216,13,,,0,105,,3217,13,,,0,105,,3218,13,,,0,105,,3219,13,,,0,105,,3221,13,,,0,105,,3222,13,,,0,105,,3223,13,,,0,145,,3224,13,,,0,105,,3225,13,,,0,105,,3226,13,,,0,105,,3220,13,,,0
111800300,'CsRoyOff',751,,4928,4,,,0
111800300,'EventOn',751,,4929,4,,,0
111800400,'CsRoyOff',746,,4932,14,,,0
111800400,'EventOn',746,,4933,14,,,0
