501,'CsRoyOff',623,,840,6,,,0,79,,837,6,,,0,34,,827,6,,,0,77,,823,6,,,0,36,,833,6,,,0,76,,841,6,,,0,34,,831,6,,,0,75,,828,6,,,0,74,,824,6,,,0,35,,834,6,,,0,75,,842,6,,,0,35,,832,6,,,0,75,,829,6,,,0,75,,825,6,,,0,34,,835,6,,,0,76,,843,6,,,0,37,,839,6,,,0,78,,830,6,,,0,81,,826,6,,,0,35,,836,6,,,0,75,,844,6,,,0,35,,838,6,,,0,75,,849,6,,,0,97,,848,6,,,0,105,,847,6,,,0,105,,846,6,,,0,105,,845,6,,,0
501,'CsRoyOffKerOff',623,,868,6,,,0,79,,865,6,,,0,34,,855,6,,,0,77,,851,6,,,0,36,,861,6,,,0,76,,869,6,,,0,34,,859,6,,,0,75,,856,6,,,0,74,,852,6,,,0,35,,862,6,,,0,75,,870,6,,,0,35,,860,6,,,0,75,,857,6,,,0,75,,853,6,,,0,34,,863,6,,,0,76,,871,6,,,0,37,,867,6,,,0,78,,858,6,,,0,81,,854,6,,,0,35,,864,6,,,0,75,,872,6,,,0,35,,866,6,,,0,75,,877,6,,,0,97,,876,6,,,0,105,,875,6,,,0,105,,874,6,,,0,105,,873,6,,,0
501,'Dimanche',846,,882,6,,,0,105,,881,6,,,0,105,,883,6,,,0,145,,885,6,,,0,105,,884,6,,,0,106,,886,6,,,0,105,,887,6,,,0,105,,888,6,,,0,105,,879,6,,,0,105,,880,6,,,0
501,'EventOff',623,,906,6,,,0,79,,903,6,,,0,34,,893,6,,,0,77,,889,6,,,0,36,,899,6,,,0,76,,907,6,,,0,34,,897,6,,,0,75,,894,6,,,0,74,,890,6,,,0,35,,900,6,,,0,75,,908,6,,,0,35,,898,6,,,0,75,,895,6,,,0,75,,891,6,,,0,34,,901,6,,,0,76,,909,6,,,0,37,,905,6,,,0,78,,896,6,,,0,81,,892,6,,,0,35,,902,6,,,0,75,,910,6,,,0,35,,904,6,,,0,75,,915,6,,,0,97,,914,6,,,0,105,,913,6,,,0,105,,912,6,,,0,105,,911,6,,,0
501,'EventOn',623,,933,6,,,0,79,,930,6,,,0,34,,920,6,,,0,77,,916,6,,,0,36,,926,6,,,0,76,,934,6,,,0,34,,924,6,,,0,75,,921,6,,,0,74,,917,6,,,0,35,,927,6,,,0,75,,935,6,,,0,35,,925,6,,,0,75,,922,6,,,0,75,,918,6,,,0,34,,928,6,,,0,76,,936,6,,,0,37,,932,6,,,0,78,,923,6,,,0,81,,919,6,,,0,35,,929,6,,,0,75,,937,6,,,0,35,,931,6,,,0,75,,942,6,,,0,97,,941,6,,,0,105,,940,6,,,0,105,,939,6,,,0,105,,938,6,,,0
501,'KerOffPriveOff',623,,961,6,,,0,79,,958,6,,,0,34,,948,6,,,0,77,,944,6,,,0,36,,954,6,,,0,76,,962,6,,,0,34,,952,6,,,0,75,,949,6,,,0,74,,945,6,,,0,35,,955,6,,,0,75,,963,6,,,0,35,,953,6,,,0,75,,950,6,,,0,75,,946,6,,,0,34,,956,6,,,0,76,,964,6,,,0,37,,960,6,,,0,78,,951,6,,,0,81,,947,6,,,0,35,,957,6,,,0,75,,965,6,,,0,35,,959,6,,,0,75,,970,6,,,0,97,,969,6,,,0,105,,968,6,,,0,105,,967,6,,,0,105,,966,6,,,0
501,'Samedi',616,,971,6,,,0,105,,977,6,,,0,105,,983,6,,,0,105,,972,6,,,0,105,,978,6,,,0,105,,984,6,,,0,105,,973,6,,,0,106,,979,6,,,0,105,,985,6,,,0,145,,974,6,,,0,105,,980,6,,,0,105,,986,6,,,0,104,,975,6,,,0,105,,981,6,,,0,105,,987,6,,,0,105,,976,6,,,0,105,,982,6,,,0
2600,'CsRoyOff',628,,3899,23,,,0,75,,3900,23,,,0,41,,3901,23,,,0,75,,3902,23,,,0,35,,3903,23,,,0,74,,3904,23,,,0,75,,3905,23,,,0,35,,3906,23,,,0,75,,3907,23,,,0,35,,3908,23,,,0,75,,3909,23,,,0,35,,3910,23,,,0,75,,3911,23,,,0,75,,3912,23,,,0,35,,3913,23,,,0,80,,3914,23,,,0,79,,3915,23,,,0,37,,3916,23,,,0,74,,3917,23,,,0,35,,3918,23,,,0,75,,3919,23,,,0,35,,3920,23,,,0,145,,3921,23,,,0,105,,3922,23,,,0,105,,3923,23,,,0,105,,3924,23,,,0,105,,3925,23,,,0
2600,'CsRoyOffKerOff',628,,3926,23,,,0,75,,3927,23,,,0,41,,3928,23,,,0,75,,3929,23,,,0,35,,3930,23,,,0,74,,3931,23,,,0,75,,3932,23,,,0,35,,3933,23,,,0,75,,3934,23,,,0,35,,3935,23,,,0,75,,3936,23,,,0,35,,3937,23,,,0,75,,3938,23,,,0,75,,3939,23,,,0,35,,3940,23,,,0,80,,3941,23,,,0,79,,3942,23,,,0,37,,3943,23,,,0,74,,3944,23,,,0,35,,3945,23,,,0,75,,3946,23,,,0,35,,3947,23,,,0,145,,3948,23,,,0,105,,3949,23,,,0,105,,3950,23,,,0,105,,3951,23,,,0,105,,3952,23,,,0
2600,'Dimanche',928,,3954,23,,,0,105,,3957,23,,,0,105,,3959,23,,,0,105,,3958,23,,,0,105,,3960,23,,,0,105,,3961,23,,,0,105,,3962,23,,,0,145,,3953,23,,,0,105,,3955,23,,,0,105,,3956,23,,,0
2600,'EventOff',628,,3963,23,,,0,75,,3964,23,,,0,41,,3965,23,,,0,75,,3966,23,,,0,35,,3967,23,,,0,74,,3968,23,,,0,75,,3969,23,,,0,35,,3970,23,,,0,75,,3971,23,,,0,35,,3972,23,,,0,75,,3973,23,,,0,35,,3974,23,,,0,75,,3975,23,,,0,75,,3976,23,,,0,35,,3977,23,,,0,80,,3978,23,,,0,79,,3979,23,,,0,37,,3980,23,,,0,74,,3981,23,,,0,35,,3982,23,,,0,75,,3983,23,,,0,35,,3984,23,,,0,145,,3985,23,,,0,105,,3986,23,,,0,105,,3987,23,,,0,105,,3988,23,,,0,105,,3989,23,,,0
2600,'EventOn',628,,3990,23,,,0,75,,3991,23,,,0,41,,3992,23,,,0,75,,3993,23,,,0,35,,3994,23,,,0,74,,3995,23,,,0,75,,3996,23,,,0,35,,3997,23,,,0,75,,3998,23,,,0,35,,3999,23,,,0,75,,4000,23,,,0,35,,4001,23,,,0,75,,4002,23,,,0,75,,4003,23,,,0,35,,4004,23,,,0,80,,4005,23,,,0,17,,4017,6,,,0,62,,4006,23,,,0,37,,4007,23,,,0,74,,4008,23,,,0,35,,4009,23,,,0,75,,4010,23,,,0,35,,4011,23,,,0,145,,4012,23,,,0,105,,4013,23,,,0,105,,4014,23,,,0,105,,4015,23,,,0,105,,4016,23,,,0
2600,'KerOffPriveOff',628,,4018,23,,,0,75,,4019,23,,,0,41,,4020,23,,,0,75,,4021,23,,,0,35,,4022,23,,,0,74,,4023,23,,,0,75,,4024,23,,,0,35,,4025,23,,,0,75,,4026,23,,,0,35,,4027,23,,,0,75,,4028,23,,,0,35,,4029,23,,,0,75,,4030,23,,,0,75,,4031,23,,,0,35,,4032,23,,,0,80,,4033,23,,,0,17,,4045,6,,,0,62,,4034,23,,,0,37,,4035,23,,,0,74,,4036,23,,,0,35,,4037,23,,,0,75,,4038,23,,,0,35,,4039,23,,,0,145,,4040,23,,,0,105,,4041,23,,,0,105,,4042,23,,,0,105,,4043,23,,,0,105,,4044,23,,,0
2600,'Samedi',658,,4055,23,,,0,145,,4054,23,,,0,105,,4053,23,,,0,105,,4052,23,,,0,105,,4051,23,,,0,105,,4060,23,,,0,105,,4059,23,,,0,105,,4058,23,,,0,105,,4057,23,,,0,105,,4056,23,,,0,105,,4061,23,,,0,105,,4062,23,,,0,105,,4047,23,,,0,145,,4048,23,,,0,105,,4049,23,,,0,105,,4050,23,,,0,105,,4046,23,,,0
