6000,'CsRoyOff',617,,4473,13,,,0,27,,4484,32,,,0,81,,4474,32,,,0,33,,4485,32,,,0,79,,4475,32,,,0,75,,4486,32,,,0,33,,4476,32,,,0,76,,4487,32,,,0,34,,4477,32,,,0,76,,4488,32,,,0,73,,4478,32,,,0,36,,4489,32,,,0,75,,4479,32,,,0,28,,4490,32,,,0,78,,4501,32,,,0,25,,4480,32,,,0,80,,4491,32,,,0,81,,4481,32,,,0,39,,4492,32,,,0,71,,4482,32,,,0,34,,4493,32,,,0,75,,4483,32,,,0,75,,4494,32,,,0,38,,4495,32,,,0,105,,4500,32,,,0,105,,4499,32,,,0,105,,4498,32,,,0,105,,4496,32,,,0
6000,'CsRoyOffKerOff',617,,4502,13,,,0,27,,4513,32,,,0,81,,4503,32,,,0,33,,4514,32,,,0,79,,4504,32,,,0,75,,4515,32,,,0,33,,4505,32,,,0,76,,4516,32,,,0,34,,4506,32,,,0,76,,4517,32,,,0,73,,4507,32,,,0,36,,4518,32,,,0,75,,4508,32,,,0,28,,4519,32,,,0,78,,4530,32,,,0,25,,4509,32,,,0,80,,4520,32,,,0,81,,4510,32,,,0,39,,4521,32,,,0,71,,4511,32,,,0,34,,4522,32,,,0,75,,4512,32,,,0,75,,4523,32,,,0,38,,4524,32,,,0,105,,4529,32,,,0,105,,4528,32,,,0,105,,4527,32,,,0,105,,4525,32,,,0
6000,'Dimanche',906,,4531,32,,,0,105,,4532,32,,,0,104,,4534,32,,,0,105,,4536,32,,,0,105,,4537,32,,,0,105,,4538,32,,,0,105,,4539,32,,,0,105,,4540,32,,,0,106,,4535,32,,,0,103,,4533,32,,,0
6000,'EventOff',617,,4541,13,,,0,27,,4552,32,,,0,81,,4542,32,,,0,33,,4553,32,,,0,79,,4543,32,,,0,75,,4554,32,,,0,33,,4544,32,,,0,76,,4555,32,,,0,34,,4545,32,,,0,76,,4556,32,,,0,73,,4546,32,,,0,36,,4557,32,,,0,75,,4547,32,,,0,28,,4558,32,,,0,78,,4569,32,,,0,25,,4548,32,,,0,80,,4559,32,,,0,81,,4549,32,,,0,39,,4560,32,,,0,71,,4550,32,,,0,34,,4561,32,,,0,75,,4551,32,,,0,75,,4562,32,,,0,38,,4563,32,,,0,105,,4568,32,,,0,105,,4567,32,,,0,105,,4566,32,,,0,105,,4564,32,,,0
6000,'EventOn',617,,4570,13,,,0,27,,4581,32,,,0,81,,4571,32,,,0,33,,4582,32,,,0,42,,4600,1,0,19,0,37,,4572,32,,,0,75,,4583,32,,,0,33,,4573,32,,,0,76,,4584,32,,,0,34,,4574,32,,,0,76,,4585,32,,,0,73,,4575,32,,,0,36,,4586,32,,,0,75,,4576,32,,,0,28,,4587,32,,,0,78,,4598,32,,,0,25,,4577,32,,,0,80,,4588,32,,,0,13,,4601,1,0,14 15,0,68,,4578,32,,,0,39,,4589,32,,,0,71,,4579,32,,,0,34,,4590,32,,,0,75,,4580,32,,,0,75,,4591,32,,,0,38,,4592,32,,,0,105,,4597,32,,,0,105,,4596,32,,,0,105,,4595,32,,,0,105,,4593,32,,,0
6000,'KerOffPriveOff',617,,4602,13,,,0,27,,4613,32,,,0,81,,4603,32,,,0,33,,4614,32,,,0,42,,4632,1,0,19,0,37,,4604,32,,,0,75,,4615,32,,,0,33,,4605,32,,,0,76,,4616,32,,,0,34,,4606,32,,,0,76,,4617,32,,,0,73,,4607,32,,,0,36,,4618,32,,,0,75,,4608,32,,,0,28,,4619,32,,,0,78,,4630,32,,,0,25,,4609,32,,,0,80,,4620,32,,,0,13,,4633,1,0,14 15,0,68,,4610,32,,,0,39,,4621,32,,,0,71,,4611,32,,,0,34,,4622,32,,,0,75,,4612,32,,,0,75,,4623,32,,,0,38,,4624,32,,,0,105,,4629,32,,,0,105,,4628,32,,,0,105,,4627,32,,,0,105,,4625,32,,,0
6000,'Samedi',636,,4639,32,,,0,104,,4645,32,,,0,105,,4634,32,,,0,105,,4640,32,,,0,105,,4646,32,,,0,145,,4635,32,,,0,106,,4641,32,,,0,105,,4647,32,,,0,105,,4636,32,,,0,105,,4642,32,,,0,104,,4648,32,,,0,105,,4637,32,,,0,105,,4643,32,,,0,105,,4649,32,,,0,105,,4638,32,,,0,105,,4644,32,,,0,105,,4650,32,,,0
19200300000,'CsRoyOff',730,,5009,13,0,11 18,0
19200300000,'CsRoyOffKerOff',730,,5011,13,0,11 18,0
19200300000,'EventOn',730,,5013,13,0,11 18,0
