400,'CsRoyOff',621,,341,10,,,0,35,,325,10,,,0,82,,337,10,,,0,75,,333,10,,,0,36,,345,10,,,0,73,,330,10,,,0,35,,342,10,,,0,75,,326,10,,,0,75,,338,10,,,0,35,,334,10,,,0,75,,346,10,,,0,35,,331,10,,,0,75,,339,10,,,0,75,,335,10,,,0,35,,343,10,,,0,81,,327,10,,,0,38,,329,10,,,0,77,,332,10,,,0,75,,340,10,,,0,34,,336,10,,,0,75,,344,10,,,0,35,,328,10,,,0,105,,351,10,,,0,145,,350,10,,,0,105,,349,10,,,0,105,,348,10,,,0,105,,347,10,,,0
400,'CsRoyOffKerOff',621,,369,10,,,0,35,,353,10,,,0,82,,365,10,,,0,75,,361,10,,,0,36,,373,10,,,0,73,,358,10,,,0,35,,370,10,,,0,75,,354,10,,,0,75,,366,10,,,0,35,,362,10,,,0,75,,374,10,,,0,35,,359,10,,,0,75,,367,10,,,0,75,,363,10,,,0,35,,371,10,,,0,81,,355,10,,,0,38,,357,10,,,0,77,,360,10,,,0,75,,368,10,,,0,34,,364,10,,,0,75,,372,10,,,0,35,,356,10,,,0,105,,379,10,,,0,145,,378,10,,,0,105,,377,10,,,0,105,,376,10,,,0,105,,375,10,,,0
400,'Dimanche',922,,384,10,,,0,105,,385,10,,,0,105,,386,10,,,0,105,,387,10,,,0,105,,388,10,,,0,105,,389,10,,,0,105,,390,10,,,0,105,,381,10,,,0,145,,383,10,,,0,105,,382,10,,,0
400,'EventOff',621,,407,10,,,0,35,,391,10,,,0,82,,403,10,,,0,75,,399,10,,,0,36,,411,10,,,0,73,,396,10,,,0,35,,408,10,,,0,75,,392,10,,,0,75,,404,10,,,0,35,,400,10,,,0,75,,412,10,,,0,35,,397,10,,,0,75,,405,10,,,0,75,,401,10,,,0,35,,409,10,,,0,81,,393,10,,,0,38,,395,10,,,0,77,,398,10,,,0,75,,406,10,,,0,34,,402,10,,,0,75,,410,10,,,0,35,,394,10,,,0,105,,417,10,,,0,145,,416,10,,,0,105,,415,10,,,0,105,,414,10,,,0,105,,413,10,,,0
400,'EventOn',621,,434,10,,,0,35,,418,10,,,0,82,,430,10,,,0,75,,426,10,,,0,36,,438,10,,,0,73,,423,10,,,0,35,,435,10,,,0,75,,419,10,,,0,75,,431,10,,,0,35,,427,10,,,0,75,,439,10,,,0,35,,424,10,,,0,75,,432,10,,,0,75,,428,10,,,0,35,,436,10,,,0,81,,420,10,,,0,38,,422,10,,,0,77,,425,10,,,0,75,,433,10,,,0,34,,429,10,,,0,75,,437,10,,,0,35,,421,10,,,0,105,,444,10,,,0,145,,443,10,,,0,105,,442,10,,,0,105,,441,10,,,0,105,,440,10,,,0
400,'KerOffPriveOff',621,,463,10,,,0,35,,447,10,,,0,82,,459,10,,,0,75,,455,10,,,0,36,,467,10,,,0,73,,452,10,,,0,35,,464,10,,,0,75,,448,10,,,0,75,,460,10,,,0,35,,456,10,,,0,75,,468,10,,,0,35,,453,10,,,0,75,,461,10,,,0,75,,457,10,,,0,35,,465,10,,,0,81,,449,10,,,0,38,,451,10,,,0,77,,454,10,,,0,75,,462,10,,,0,34,,458,10,,,0,75,,466,10,,,0,35,,450,10,,,0,105,,473,10,,,0,145,,472,10,,,0,105,,471,10,,,0,105,,470,10,,,0,105,,469,10,,,0
400,'Samedi',651,,476,10,,,0,105,,477,10,,,0,146,,478,10,,,0,105,,479,10,,,0,105,,480,10,,,0,105,,481,10,,,0,105,,482,10,,,0,105,,483,10,,,0,105,,484,10,,,0,105,,485,10,,,0,105,,486,10,,,0,105,,487,10,,,0,105,,488,10,,,0,105,,489,10,,,0,145,,490,10,,,0,104,,491,10,,,0,105,,492,10,,,0
2600,'CsRoyOff',629,,3899,25,,,0,75,,3900,25,,,0,41,,3901,25,,,0,75,,3902,25,,,0,35,,3903,25,,,0,74,,3904,25,,,0,75,,3905,25,,,0,35,,3906,25,,,0,75,,3907,25,,,0,35,,3908,25,,,0,75,,3909,25,,,0,35,,3910,25,,,0,75,,3911,25,,,0,75,,3912,25,,,0,35,,3913,25,,,0,80,,3914,25,,,0,79,,3915,25,,,0,37,,3916,25,,,0,74,,3917,25,,,0,35,,3918,25,,,0,75,,3919,25,,,0,35,,3920,25,,,0,145,,3921,25,,,0,105,,3922,25,,,0,105,,3923,25,,,0,105,,3924,25,,,0,105,,3925,25,,,0
2600,'CsRoyOffKerOff',629,,3926,25,,,0,75,,3927,25,,,0,41,,3928,25,,,0,75,,3929,25,,,0,35,,3930,25,,,0,74,,3931,25,,,0,75,,3932,25,,,0,35,,3933,25,,,0,75,,3934,25,,,0,35,,3935,25,,,0,75,,3936,25,,,0,35,,3937,25,,,0,75,,3938,25,,,0,75,,3939,25,,,0,35,,3940,25,,,0,80,,3941,25,,,0,79,,3942,25,,,0,37,,3943,25,,,0,74,,3944,25,,,0,35,,3945,25,,,0,75,,3946,25,,,0,35,,3947,25,,,0,145,,3948,25,,,0,105,,3949,25,,,0,105,,3950,25,,,0,105,,3951,25,,,0,105,,3952,25,,,0
2600,'Dimanche',929,,3954,25,,,0,105,,3957,25,,,0,105,,3959,25,,,0,105,,3958,25,,,0,105,,3960,25,,,0,105,,3961,25,,,0,105,,3962,25,,,0,145,,3953,25,,,0,105,,3955,25,,,0,105,,3956,25,,,0
2600,'EventOff',629,,3963,25,,,0,75,,3964,25,,,0,41,,3965,25,,,0,75,,3966,25,,,0,35,,3967,25,,,0,74,,3968,25,,,0,75,,3969,25,,,0,35,,3970,25,,,0,75,,3971,25,,,0,35,,3972,25,,,0,75,,3973,25,,,0,35,,3974,25,,,0,75,,3975,25,,,0,75,,3976,25,,,0,35,,3977,25,,,0,80,,3978,25,,,0,79,,3979,25,,,0,37,,3980,25,,,0,74,,3981,25,,,0,35,,3982,25,,,0,75,,3983,25,,,0,35,,3984,25,,,0,145,,3985,25,,,0,105,,3986,25,,,0,105,,3987,25,,,0,105,,3988,25,,,0,105,,3989,25,,,0
2600,'EventOn',629,,3990,25,,,0,75,,3991,25,,,0,41,,3992,25,,,0,75,,3993,25,,,0,35,,3994,25,,,0,74,,3995,25,,,0,75,,3996,25,,,0,35,,3997,25,,,0,75,,3998,25,,,0,35,,3999,25,,,0,75,,4000,25,,,0,35,,4001,25,,,0,75,,4002,25,,,0,75,,4003,25,,,0,35,,4004,25,,,0,80,,4005,25,,,0,18,,4017,8,,,0,61,,4006,25,,,0,37,,4007,25,,,0,74,,4008,25,,,0,35,,4009,25,,,0,75,,4010,25,,,0,35,,4011,25,,,0,145,,4012,25,,,0,105,,4013,25,,,0,105,,4014,25,,,0,105,,4015,25,,,0,105,,4016,25,,,0
2600,'KerOffPriveOff',629,,4018,25,,,0,75,,4019,25,,,0,41,,4020,25,,,0,75,,4021,25,,,0,35,,4022,25,,,0,74,,4023,25,,,0,75,,4024,25,,,0,35,,4025,25,,,0,75,,4026,25,,,0,35,,4027,25,,,0,75,,4028,25,,,0,35,,4029,25,,,0,75,,4030,25,,,0,75,,4031,25,,,0,35,,4032,25,,,0,80,,4033,25,,,0,18,,4045,8,,,0,61,,4034,25,,,0,37,,4035,25,,,0,74,,4036,25,,,0,35,,4037,25,,,0,75,,4038,25,,,0,35,,4039,25,,,0,145,,4040,25,,,0,105,,4041,25,,,0,105,,4042,25,,,0,105,,4043,25,,,0,105,,4044,25,,,0
2600,'Samedi',659,,4055,25,,,0,145,,4054,25,,,0,105,,4053,25,,,0,105,,4052,25,,,0,105,,4051,25,,,0,105,,4060,25,,,0,105,,4059,25,,,0,105,,4058,25,,,0,105,,4057,25,,,0,105,,4056,25,,,0,105,,4061,25,,,0,105,,4062,25,,,0,105,,4047,25,,,0,145,,4048,25,,,0,105,,4049,25,,,0,105,,4050,25,,,0,105,,4046,25,,,0
5000,'CsRoyOff',648,,4263,17,,,0,65,,4262,17,,,0,16,,4218,17,,,0,15,,4219,17,,,0,63,,4220,17,,,0,18,,4221,17,,,0,17,,4222,17,,,0,58,,4223,17,,,0,15,,4224,17,,,0,15,,4225,17,,,0,20,,4226,17,,,0,55,,4227,17,,,0,19,,4228,17,,,0,15,,4229,17,,,0,20,,4230,17,,,0,55,,4231,17,,,0,20,,4232,17,,,0,15,,4233,17,,,0,60,,4234,17,,,0,15,,4235,17,,,0,20,,4236,17,,,0,15,,4237,17,,,0,60,,4238,17,,,0,15,,4239,17,,,0,19,,4240,17,,,0,55,,4241,17,,,0,20,,4242,17,,,0,15,,4243,17,,,0,61,,4244,17,,,0,15,,4245,17,,,0,25,,4246,17,,,0,58,,4247,17,,,0,19,,4248,17,,,0,18,,4249,17,,,0,61,,4250,17,,,0,16,,4251,17,,,0,20,,4252,17,,,0,16,,4253,17,,,0,58,,4254,17,,,0,16,,4255,17,,,0,19,,4256,17,,,0,55,,4257,17,,,0,128,,4258,17,,,0,105,,4259,17,,,0,105,,4260,17,,,0,105,,4261,17,,,0
5000,'CsRoyOffKerOff',648,,4309,17,,,0,65,,4308,17,,,0,16,,4264,17,,,0,15,,4265,17,,,0,63,,4266,17,,,0,18,,4267,17,,,0,17,,4268,17,,,0,58,,4269,17,,,0,15,,4270,17,,,0,15,,4271,17,,,0,20,,4272,17,,,0,55,,4273,17,,,0,19,,4274,17,,,0,15,,4275,17,,,0,20,,4276,17,,,0,55,,4277,17,,,0,20,,4278,17,,,0,15,,4279,17,,,0,60,,4280,17,,,0,15,,4281,17,,,0,20,,4282,17,,,0,15,,4283,17,,,0,60,,4284,17,,,0,15,,4285,17,,,0,19,,4286,17,,,0,55,,4287,17,,,0,20,,4288,17,,,0,15,,4289,17,,,0,61,,4290,17,,,0,15,,4291,17,,,0,25,,4292,17,,,0,58,,4293,17,,,0,19,,4294,17,,,0,18,,4295,17,,,0,61,,4296,17,,,0,16,,4297,17,,,0,20,,4298,17,,,0,16,,4299,17,,,0,58,,4300,17,,,0,16,,4301,17,,,0,19,,4302,17,,,0,55,,4303,17,,,0,128,,4304,17,,,0,105,,4305,17,,,0,105,,4306,17,,,0,105,,4307,17,,,0
5000,'Dimanche',952,,4310,17,,,0,105,,4313,17,,,0,145,,4315,17,,,0,105,,4314,17,,,0,105,,4316,17,,,0,105,,4317,17,,,0,106,,4318,17,,,0,105,,4311,17,,,0,105,,4312,17,,,0
5000,'EventOff',648,,4364,17,,,0,65,,4363,17,,,0,16,,4319,17,,,0,15,,4320,17,,,0,63,,4321,17,,,0,18,,4322,17,,,0,17,,4323,17,,,0,58,,4324,17,,,0,15,,4325,17,,,0,15,,4326,17,,,0,20,,4327,17,,,0,55,,4328,17,,,0,19,,4329,17,,,0,15,,4330,17,,,0,20,,4331,17,,,0,55,,4332,17,,,0,20,,4333,17,,,0,15,,4334,17,,,0,60,,4335,17,,,0,15,,4336,17,,,0,20,,4337,17,,,0,15,,4338,17,,,0,60,,4339,17,,,0,15,,4340,17,,,0,19,,4341,17,,,0,55,,4342,17,,,0,20,,4343,17,,,0,15,,4344,17,,,0,61,,4345,17,,,0,15,,4346,17,,,0,25,,4347,17,,,0,58,,4348,17,,,0,19,,4349,17,,,0,18,,4350,17,,,0,61,,4351,17,,,0,16,,4352,17,,,0,20,,4353,17,,,0,16,,4354,17,,,0,58,,4355,17,,,0,16,,4356,17,,,0,19,,4357,17,,,0,55,,4358,17,,,0,128,,4359,17,,,0,105,,4360,17,,,0,105,,4361,17,,,0,105,,4362,17,,,0
5000,'EventOn',648,,4410,17,,,0,65,,4409,17,,,0,16,,4365,17,,,0,15,,4366,17,,,0,63,,4367,17,,,0,18,,4368,17,,,0,17,,4369,17,,,0,58,,4370,17,,,0,15,,4371,17,,,0,15,,4372,17,,,0,20,,4373,17,,,0,55,,4374,17,,,0,19,,4375,17,,,0,15,,4376,17,,,0,20,,4377,17,,,0,55,,4378,17,,,0,20,,4379,17,,,0,15,,4380,17,,,0,60,,4381,17,,,0,15,,4382,17,,,0,20,,4383,17,,,0,15,,4384,17,,,0,60,,4385,17,,,0,15,,4386,17,,,0,19,,4387,17,,,0,55,,4388,17,,,0,20,,4389,17,,,0,15,,4390,17,,,0,61,,4391,17,,,0,15,,4392,17,,,0,25,,4393,17,,,0,58,,4394,17,,,0,19,,4395,17,,,0,18,,4396,17,,,0,61,,4397,17,,,0,16,,4398,17,,,0,20,,4399,17,,,0,16,,4400,17,,,0,58,,4401,17,,,0,16,,4402,17,,,0,19,,4403,17,,,0,55,,4404,17,,,0,128,,4405,17,,,0,105,,4406,17,,,0,105,,4407,17,,,0,105,,4408,17,,,0
5000,'KerOffPriveOff',648,,4456,17,,,0,65,,4455,17,,,0,16,,4411,17,,,0,15,,4412,17,,,0,63,,4413,17,,,0,18,,4414,17,,,0,17,,4415,17,,,0,58,,4416,17,,,0,15,,4417,17,,,0,15,,4418,17,,,0,20,,4419,17,,,0,55,,4420,17,,,0,19,,4421,17,,,0,15,,4422,17,,,0,20,,4423,17,,,0,55,,4424,17,,,0,20,,4425,17,,,0,15,,4426,17,,,0,60,,4427,17,,,0,15,,4428,17,,,0,20,,4429,17,,,0,15,,4430,17,,,0,60,,4431,17,,,0,15,,4432,17,,,0,19,,4433,17,,,0,55,,4434,17,,,0,20,,4435,17,,,0,15,,4436,17,,,0,61,,4437,17,,,0,15,,4438,17,,,0,25,,4439,17,,,0,58,,4440,17,,,0,19,,4441,17,,,0,18,,4442,17,,,0,61,,4443,17,,,0,16,,4444,17,,,0,20,,4445,17,,,0,16,,4446,17,,,0,58,,4447,17,,,0,16,,4448,17,,,0,19,,4449,17,,,0,55,,4450,17,,,0,128,,4451,17,,,0,105,,4452,17,,,0,105,,4453,17,,,0,105,,4454,17,,,0
5000,'Samedi',722,,4464,17,,,0,108,,4463,17,,,0,102,,4462,17,,,0,105,,4461,17,,,0,105,,4469,17,,,0,105,,4468,17,,,0,105,,4467,17,,,0,105,,4466,17,,,0,147,,4465,17,,,0,104,,4472,17,,,0,105,,4470,17,,,0,105,,4471,17,,,0,105,,4457,17,,,0,105,,4458,17,,,0,105,,4459,17,,,0,105,,4460,17,,,0
6001,'CsRoyOff',616,,4678,17,,,0,34,,4652,41,,,0,74,,4663,41,,,0,82,,4653,41,,,0,33,,4664,41,,,0,72,,4654,41,,,0,36,,4665,41,,,0,74,,4655,41,,,0,35,,4666,41,,,0,76,,4656,41,,,0,75,,4667,41,,,0,35,,4657,41,,,0,73,,4668,41,,,0,35,,4658,41,,,0,67,,4669,41,,,0,40,,4679,41,,,0,71,,4659,41,,,0,84,,4670,41,,,0,30,,4660,41,,,0,77,,4671,41,,,0,36,,4661,41,,,0,75,,4672,41,,,0,29,,4662,41,,,0,153,,4675,41,,,0,105,,4677,41,,,0,105,,4676,41,,,0,105,,4674,41,,,0,103,,4673,41,,,0
6001,'CsRoyOffKerOff',616,,4706,17,,,0,34,,4680,41,,,0,74,,4691,41,,,0,82,,4681,41,,,0,33,,4692,41,,,0,72,,4682,41,,,0,36,,4693,41,,,0,74,,4683,41,,,0,35,,4694,41,,,0,76,,4684,41,,,0,75,,4695,41,,,0,35,,4685,41,,,0,73,,4696,41,,,0,35,,4686,41,,,0,67,,4697,41,,,0,40,,4707,41,,,0,71,,4687,41,,,0,84,,4698,41,,,0,30,,4688,41,,,0,77,,4699,41,,,0,36,,4689,41,,,0,75,,4700,41,,,0,29,,4690,41,,,0,153,,4703,41,,,0,105,,4705,41,,,0,105,,4704,41,,,0,105,,4702,41,,,0,103,,4701,41,,,0
6001,'Dimanche',937,,4708,41,,,0,104,,4710,41,,,0,106,,4711,41,,,0,105,,4713,41,,,0,107,,4714,41,,,0,143,,4715,41,,,0,105,,4716,41,,,0,104,,4717,41,,,0,106,,4712,41,,,0,105,,4709,41,,,0
6001,'EventOff',616,,4744,17,,,0,34,,4718,41,,,0,74,,4729,41,,,0,82,,4719,41,,,0,33,,4730,41,,,0,72,,4720,41,,,0,36,,4731,41,,,0,74,,4721,41,,,0,35,,4732,41,,,0,76,,4722,41,,,0,75,,4733,41,,,0,35,,4723,41,,,0,73,,4734,41,,,0,35,,4724,41,,,0,67,,4735,41,,,0,40,,4745,41,,,0,71,,4725,41,,,0,84,,4736,41,,,0,30,,4726,41,,,0,77,,4737,41,,,0,36,,4727,41,,,0,75,,4738,41,,,0,29,,4728,41,,,0,153,,4741,41,,,0,105,,4743,41,,,0,105,,4742,41,,,0,105,,4740,41,,,0,103,,4739,41,,,0
6001,'EventOn',616,,4772,17,,,0,34,,4746,41,,,0,74,,4757,41,,,0,82,,4747,41,,,0,33,,4758,41,,,0,72,,4748,41,,,0,36,,4759,41,,,0,74,,4749,41,,,0,35,,4760,41,,,0,76,,4750,41,,,0,75,,4761,41,,,0,35,,4751,41,,,0,73,,4762,41,,,0,35,,4752,41,,,0,67,,4763,41,,,0,40,,4773,41,,,0,71,,4753,41,,,0,19,,4775,5,,,0,65,,4764,41,,,0,30,,4754,41,,,0,77,,4765,41,,,0,36,,4755,41,,,0,75,,4766,41,,,0,29,,4756,41,,,0,153,,4769,41,,,0,105,,4771,41,,,0,105,,4770,41,,,0,105,,4768,41,,,0,103,,4767,41,,,0
6001,'KerOffPriveOff',616,,4803,17,,,0,34,,4777,41,,,0,74,,4788,41,,,0,82,,4778,41,,,0,33,,4789,41,,,0,72,,4779,41,,,0,36,,4790,41,,,0,74,,4780,41,,,0,35,,4791,41,,,0,76,,4781,41,,,0,75,,4792,41,,,0,35,,4782,41,,,0,73,,4793,41,,,0,35,,4783,41,,,0,67,,4794,41,,,0,40,,4804,41,,,0,71,,4784,41,,,0,19,,4806,5,,,0,65,,4795,41,,,0,30,,4785,41,,,0,77,,4796,41,,,0,36,,4786,41,,,0,75,,4797,41,,,0,29,,4787,41,,,0,153,,4800,41,,,0,105,,4802,41,,,0,105,,4801,41,,,0,105,,4799,41,,,0,103,,4798,41,,,0
6001,'Samedi',707,,4813,41,,,0,105,,4819,41,,,0,105,,4808,41,,,0,105,,4814,41,,,0,106,,4820,41,,,0,105,,4809,41,,,0,106,,4815,41,,,0,105,,4821,41,,,0,105,,4810,41,,,0,103,,4816,41,,,0,105,,4822,41,,,0,145,,4811,41,,,0,105,,4817,41,,,0,105,,4823,41,,,0,105,,4812,41,,,0,105,,4818,41,,,0,105,,4824,41,,,0
111800501,'CsRoyOff',803,,4941,35,,,0
111800501,'EventOn',803,,4944,35,,,0
