601,'CsRoyOff',622,,1181,32,,,0,35,,1159,38,,,0,76,,1182,38,,,0,6,,1154,38,,,0,74,,1165,38,,,0,36,,1171,38,,,0,74,,1158,38,,,0,35,,1160,38,,,0,75,,1155,38,,,0,75,,1166,38,,,0,35,,1172,38,,,0,75,,1164,38,,,0,35,,1161,38,,,0,75,,1156,38,,,0,75,,1167,38,,,0,35,,1173,38,,,0,81,,1170,38,,,0,31,,1183,23,,,0,7,,1162,38,,,0,77,,1157,38,,,0,74,,1168,38,,,0,34,,1174,38,,,0,75,,1169,38,,,0,35,,1163,38,,,0,79,,1179,38,,,0,100,,1178,38,,,0,105,,1177,38,,,0,105,,1176,38,,,0,105,,1175,38,,,0,100,,1180,38,,,0
601,'CsRoyOffKerOff',622,,1211,32,,,0,35,,1189,38,,,0,76,,1212,38,,,0,6,,1184,38,,,0,74,,1195,38,,,0,36,,1201,38,,,0,74,,1188,38,,,0,35,,1190,38,,,0,75,,1185,38,,,0,75,,1196,38,,,0,35,,1202,38,,,0,75,,1194,38,,,0,35,,1191,38,,,0,75,,1186,38,,,0,75,,1197,38,,,0,35,,1203,38,,,0,81,,1200,38,,,0,38,,1192,38,,,0,77,,1187,38,,,0,74,,1198,38,,,0,34,,1204,38,,,0,75,,1199,38,,,0,35,,1193,38,,,0,79,,1209,38,,,0,100,,1208,38,,,0,105,,1207,38,,,0,105,,1206,38,,,0,105,,1205,38,,,0,100,,1210,38,,,0
601,'Dimanche',849,,1215,38,,,0,105,,1214,38,,,0,146,,1219,38,,,0,105,,1218,38,,,0,105,,1220,38,,,0,105,,1221,38,,,0,105,,1222,38,,,0,105,,1223,38,,,0,105,,1217,38,,,0,104,,1216,38,,,0,101,,1213,38,,,0
601,'EventOff',622,,1251,32,,,0,35,,1229,38,,,0,82,,1224,38,,,0,74,,1235,38,,,0,36,,1241,38,,,0,74,,1228,38,,,0,35,,1230,38,,,0,75,,1225,38,,,0,75,,1236,38,,,0,35,,1242,38,,,0,75,,1234,38,,,0,35,,1231,38,,,0,75,,1226,38,,,0,75,,1237,38,,,0,35,,1243,38,,,0,81,,1240,38,,,0,38,,1232,38,,,0,77,,1227,38,,,0,74,,1238,38,,,0,34,,1244,38,,,0,75,,1239,38,,,0,35,,1233,38,,,0,79,,1249,38,,,0,100,,1248,38,,,0,105,,1247,38,,,0,105,,1246,38,,,0,105,,1245,38,,,0,100,,1250,38,,,0
601,'EventOn',622,,1279,32,,,0,35,,1257,38,,,0,76,,1280,38,,,0,6,,1252,38,,,0,74,,1263,38,,,0,36,,1269,38,,,0,74,,1256,38,,,0,35,,1258,38,,,0,75,,1253,38,,,0,75,,1264,38,,,0,35,,1270,38,,,0,75,,1262,38,,,0,35,,1259,38,,,0,75,,1254,38,,,0,75,,1265,38,,,0,35,,1271,38,,,0,81,,1268,38,,,0,31,,1281,23,,,0,7,,1260,38,,,0,58,,1282,38,,,0,19,,1255,38,,,0,74,,1266,38,,,0,34,,1272,38,,,0,75,,1267,38,,,0,35,,1261,38,,,0,79,,1277,38,,,0,100,,1276,38,,,0,105,,1275,38,,,0,105,,1274,38,,,0,105,,1273,38,,,0,100,,1278,38,,,0
601,'KerOffPriveOff',622,,1310,32,,,0,35,,1288,38,,,0,82,,1283,38,,,0,74,,1294,38,,,0,36,,1300,38,,,0,74,,1287,38,,,0,35,,1289,38,,,0,75,,1284,38,,,0,75,,1295,38,,,0,35,,1301,38,,,0,75,,1293,38,,,0,35,,1290,38,,,0,75,,1285,38,,,0,75,,1296,38,,,0,35,,1302,38,,,0,81,,1299,38,,,0,38,,1291,38,,,0,58,,1311,38,,,0,19,,1286,38,,,0,74,,1297,38,,,0,34,,1303,38,,,0,75,,1298,38,,,0,35,,1292,38,,,0,79,,1308,38,,,0,100,,1307,38,,,0,105,,1306,38,,,0,105,,1305,38,,,0,105,,1304,38,,,0,100,,1309,38,,,0
601,'Samedi',620,,1328,32,,,0,105,,1312,38,,,0,105,,1320,38,,,0,106,,1313,38,,,0,105,,1321,38,,,0,105,,1314,38,,,0,105,,1322,38,,,0,104,,1315,38,,,0,145,,1323,38,,,0,105,,1316,38,,,0,106,,1324,38,,,0,104,,1317,38,,,0,105,,1325,38,,,0,105,,1318,38,,,0,105,,1326,38,,,0,105,,1319,38,,,0,105,,1327,38,,,0,97,,1329,38,,,0
8901,'CsRoyOff',2031,,4880,42,,,0,105,,4879,42,,,0,105,,4878,42,,,0,105,,4877,42,,,0
8901,'CsRoyOffKerOff',2031,,4884,42,,,0,105,,4883,42,,,0,105,,4882,42,,,0,105,,4881,42,,,0
8901,'Dimanche',849,,4886,42,,,0,105,,4888,42,,,0,146,,4890,42,,,0,105,,4891,42,,,0,105,,4892,42,,,0,105,,4893,42,,,0,105,,4894,42,,,0,105,,4895,42,,,0,105,,4885,42,,,0,104,,4889,42,,,0,101,,4887,42,,,0
8901,'EventOff',2031,,4899,42,,,0,105,,4898,42,,,0,105,,4897,42,,,0,105,,4896,42,,,0
8901,'EventOn',2031,,4903,42,,,0,105,,4902,42,,,0,105,,4901,42,,,0,105,,4900,42,,,0
8901,'KerOffPriveOff',2031,,4907,42,,,0,105,,4906,42,,,0,105,,4905,42,,,0,105,,4904,42,,,0
8901,'Samedi',725,,4916,42,,,0,105,,4908,42,,,0,106,,4917,42,,,0,105,,4909,42,,,0,105,,4918,42,,,0,105,,4910,42,,,0,104,,4919,42,,,0,145,,4911,42,,,0,105,,4920,42,,,0,106,,4912,42,,,0,104,,4921,42,,,0,105,,4913,42,,,0,105,,4922,42,,,0,105,,4914,42,,,0,105,,4923,42,,,0,105,,4915,42,,,0
160900100,'EventOn',1556,,4946,22,,,0
160900100,'KerOffPriveOff',1556,,4947,22,,,0
