600,'CsRoyOff',635,,1003,3,,,0,80,,995,3,,,0,19,,1015,3,0,6,0,16,,988,3,,,0,75,,999,3,,,0,33,,1005,3,,,0,75,,994,3,,,0,75,,996,3,,,0,35,,989,3,,,0,75,,1000,3,,,0,35,,1006,3,,,0,75,,992,3,,,0,75,,997,3,,,0,35,,990,3,,,0,76,,1001,3,,,0,35,,1007,3,,,0,80,,1004,3,,,0,76,,998,3,,,0,39,,991,3,,,0,75,,1002,3,,,0,35,,1008,3,,,0,74,,993,3,,,0,109,,1010,3,,,0,99,,1013,3,,,0,105,,1012,3,,,0,107,,1011,3,,,0,103,,1009,3,,,0
600,'CsRoyOffKerOff',635,,1031,3,,,0,80,,1023,3,,,0,35,,1016,3,,,0,75,,1027,3,,,0,33,,1033,3,,,0,75,,1022,3,,,0,75,,1024,3,,,0,35,,1017,3,,,0,75,,1028,3,,,0,35,,1034,3,,,0,75,,1020,3,,,0,75,,1025,3,,,0,35,,1018,3,,,0,76,,1029,3,,,0,35,,1035,3,,,0,80,,1032,3,,,0,76,,1026,3,,,0,39,,1019,3,,,0,75,,1030,3,,,0,35,,1036,3,,,0,74,,1021,3,,,0,109,,1038,3,,,0,99,,1041,3,,,0,105,,1040,3,,,0,107,,1039,3,,,0,103,,1037,3,,,0
600,'Dimanche',855,,1044,3,,,0,145,,1047,3,,,0,106,,1046,3,,,0,106,,1048,3,,,0,105,,1049,3,,,0,105,,1050,3,,,0,105,,1051,3,,,0,105,,1052,3,,,0,105,,1043,3,,,0,104,,1045,3,,,0
600,'EventOff',635,,1068,3,,,0,80,,1060,3,,,0,35,,1053,3,,,0,75,,1064,3,,,0,33,,1070,3,,,0,75,,1059,3,,,0,75,,1061,3,,,0,35,,1054,3,,,0,75,,1065,3,,,0,35,,1071,3,,,0,75,,1057,3,,,0,75,,1062,3,,,0,35,,1055,3,,,0,76,,1066,3,,,0,35,,1072,3,,,0,80,,1069,3,,,0,76,,1063,3,,,0,39,,1056,3,,,0,75,,1067,3,,,0,35,,1073,3,,,0,74,,1058,3,,,0,109,,1075,3,,,0,99,,1078,3,,,0,105,,1077,3,,,0,107,,1076,3,,,0,103,,1074,3,,,0
600,'EventOn',635,,1095,3,,,0,80,,1087,3,,,0,19,,1107,3,0,6,0,16,,1080,3,,,0,75,,1091,3,,,0,33,,1097,3,,,0,75,,1086,3,,,0,75,,1088,3,,,0,35,,1081,3,,,0,75,,1092,3,,,0,35,,1098,3,,,0,75,,1084,3,,,0,75,,1089,3,,,0,35,,1082,3,,,0,76,,1093,3,,,0,35,,1099,3,,,0,80,,1096,3,,,0,76,,1090,3,,,0,39,,1083,3,,,0,75,,1094,3,,,0,35,,1100,3,,,0,74,,1085,3,,,0,109,,1102,3,,,0,99,,1105,3,,,0,105,,1104,3,,,0,107,,1103,3,,,0,103,,1101,3,,,0
600,'KerOffPriveOff',635,,1124,3,,,0,80,,1116,3,,,0,35,,1109,3,,,0,75,,1120,3,,,0,33,,1126,3,,,0,75,,1115,3,,,0,75,,1117,3,,,0,35,,1110,3,,,0,75,,1121,3,,,0,35,,1127,3,,,0,75,,1113,3,,,0,75,,1118,3,,,0,35,,1111,3,,,0,76,,1122,3,,,0,35,,1128,3,,,0,80,,1125,3,,,0,76,,1119,3,,,0,39,,1112,3,,,0,75,,1123,3,,,0,35,,1129,3,,,0,74,,1114,3,,,0,109,,1131,3,,,0,99,,1134,3,,,0,105,,1133,3,,,0,107,,1132,3,,,0,103,,1130,3,,,0
600,'Samedi',629,,1137,3,,,0,103,,1146,3,,,0,105,,1138,3,,,0,106,,1147,3,,,0,105,,1139,3,,,0,105,,1148,3,,,0,105,,1140,3,,,0,144,,1149,3,,,0,104,,1141,3,,,0,106,,1150,3,,,0,106,,1142,3,,,0,104,,1151,3,,,0,105,,1143,3,,,0,105,,1152,3,,,0,105,,1144,3,,,0,105,,1153,3,,,0,105,,1145,3,,,0
8900,'CsRoyOff',1936,,4827,3,,,0,100,,4829,3,,,0,105,,4828,3,,,0,107,,4826,3,,,0,103,,4825,3,,,0
8900,'CsRoyOffKerOff',1936,,4832,3,,,0,100,,4834,3,,,0,105,,4833,3,,,0,107,,4831,3,,,0,103,,4830,3,,,0
8900,'Dimanche',855,,4836,3,,,0,145,,4838,3,,,0,106,,4839,3,,,0,105,,4840,3,,,0,105,,4842,3,,,0,105,,4841,3,,,0,105,,4843,3,,,0,105,,4844,3,,,0,105,,4835,3,,,0,104,,4837,3,,,0
8900,'EventOff',1936,,4847,3,,,0,100,,4849,3,,,0,105,,4848,3,,,0,107,,4846,3,,,0,103,,4845,3,,,0
8900,'EventOn',1936,,4852,3,,,0,100,,4854,3,,,0,105,,4853,3,,,0,107,,4851,3,,,0,103,,4850,3,,,0
8900,'KerOffPriveOff',1936,,4857,3,,,0,100,,4859,3,,,0,105,,4858,3,,,0,107,,4856,3,,,0,103,,4855,3,,,0
8900,'Samedi',628,,4876,3,,,0,103,,4860,3,,,0,105,,4868,3,,,0,106,,4861,3,,,0,105,,4869,3,,,0,105,,4862,3,,,0,105,,4870,3,,,0,144,,4863,3,,,0,104,,4871,3,,,0,106,,4864,3,,,0,106,,4872,3,,,0,104,,4865,3,,,0,105,,4873,3,,,0,105,,4866,3,,,0,105,,4874,3,,,0,105,,4867,3,,,0,105,,4875,3,,,0
160900101,'EventOn',733,,4948,3,,,0
160900101,'KerOffPriveOff',733,,4949,3,,,0
