2501,'CsRoyOff',616,,3731,2,,,0,34,,3733,2,,,0,78,,3732,2,,,0,77,,3734,2,,,0,35,,3752,2,,,0,74,,3735,2,,,0,35,,3736,2,,,0,75,,3737,2,,,0,35,,3738,2,,,0,75,,3739,2,,,0,75,,3740,2,,,0,35,,3741,2,,,0,75,,3742,2,,,0,35,,3743,2,,,0,75,,3744,2,,,0,78,,3745,2,,,0,38,,3746,2,,,0,78,,3747,2,,,0,77,,3748,2,,,0,35,,3749,2,,,0,75,,3750,2,,,0,33,,3751,2,,,0,75,,3753,2,,,0,104,,3754,2,,,0,105,,3755,2,,,0,105,,3756,2,,,0,105,,3757,2,,,0
2501,'CsRoyOffKerOff',616,,3759,2,,,0,34,,3761,2,,,0,78,,3760,2,,,0,77,,3762,2,,,0,35,,3780,2,,,0,74,,3763,2,,,0,35,,3764,2,,,0,75,,3765,2,,,0,35,,3766,2,,,0,75,,3767,2,,,0,75,,3768,2,,,0,35,,3769,2,,,0,75,,3770,2,,,0,35,,3771,2,,,0,75,,3772,2,,,0,78,,3773,2,,,0,38,,3774,2,,,0,78,,3775,2,,,0,77,,3776,2,,,0,35,,3777,2,,,0,75,,3778,2,,,0,33,,3779,2,,,0,75,,3781,2,,,0,104,,3782,2,,,0,105,,3783,2,,,0,105,,3784,2,,,0,105,,3785,2,,,0
2501,'Dimanche',842,,3788,2,,,0,105,,3789,2,,,0,105,,3790,2,,,0,105,,3791,2,,,0,145,,3792,2,,,0,105,,3793,2,,,0,105,,3794,2,,,0,105,,3795,2,,,0,105,,3787,2,,,0,105,,3786,2,,,0
2501,'EventOff',616,,3796,2,,,0,34,,3798,2,,,0,78,,3797,2,,,0,77,,3799,2,,,0,35,,3817,2,,,0,74,,3800,2,,,0,35,,3801,2,,,0,75,,3802,2,,,0,35,,3803,2,,,0,75,,3804,2,,,0,75,,3805,2,,,0,35,,3806,2,,,0,75,,3807,2,,,0,35,,3808,2,,,0,75,,3809,2,,,0,78,,3810,2,,,0,38,,3811,2,,,0,78,,3812,2,,,0,77,,3813,2,,,0,35,,3814,2,,,0,75,,3815,2,,,0,33,,3816,2,,,0,75,,3818,2,,,0,104,,3819,2,,,0,105,,3820,2,,,0,105,,3821,2,,,0,105,,3822,2,,,0
2501,'EventOn',616,,3823,2,,,0,34,,3825,2,,,0,70,,3850,2,0,9,0,8,,3824,2,,,0,12,,3851,2,0,10,0,65,,3826,2,,,0,35,,3844,2,,,0,74,,3827,2,,,0,35,,3828,2,,,0,75,,3829,2,,,0,35,,3830,2,,,0,75,,3831,2,,,0,75,,3832,2,,,0,35,,3833,2,,,0,75,,3834,2,,,0,35,,3835,2,,,0,75,,3836,2,,,0,78,,3837,2,,,0,38,,3838,2,,,0,78,,3839,2,,,0,77,,3840,2,,,0,35,,3841,2,,,0,75,,3842,2,,,0,33,,3843,2,,,0,75,,3845,2,,,0,104,,3846,2,,,0,105,,3847,2,,,0,105,,3848,2,,,0,105,,3849,2,,,0
2501,'KerOffPriveOff',616,,3853,2,,,0,34,,3855,2,,,0,70,,3880,2,0,9,0,8,,3854,2,,,0,12,,3881,2,0,10,0,65,,3856,2,,,0,35,,3874,2,,,0,74,,3857,2,,,0,35,,3858,2,,,0,75,,3859,2,,,0,35,,3860,2,,,0,75,,3861,2,,,0,75,,3862,2,,,0,35,,3863,2,,,0,75,,3864,2,,,0,35,,3865,2,,,0,75,,3866,2,,,0,78,,3867,2,,,0,38,,3868,2,,,0,78,,3869,2,,,0,77,,3870,2,,,0,35,,3871,2,,,0,75,,3872,2,,,0,33,,3873,2,,,0,75,,3875,2,,,0,104,,3876,2,,,0,105,,3877,2,,,0,105,,3878,2,,,0,105,,3879,2,,,0
2501,'Samedi',612,,3893,2,,,0,104,,3882,2,,,0,105,,3888,2,,,0,105,,3894,2,,,0,105,,3883,2,,,0,105,,3889,2,,,0,105,,3895,2,,,0,105,,3884,2,,,0,105,,3890,2,,,0,105,,3896,2,,,0,145,,3885,2,,,0,105,,3891,2,,,0,105,,3897,2,,,0,105,,3886,2,,,0,105,,3892,2,,,0,105,,3898,2,,,0,105,,3887,2,,,0
190300200,'CsRoyOff',730,,4950,2,,,0
190300200,'CsRoyOffKerOff',730,,4951,2,,,0
190300200,'EventOn',730,,4952,2,,,0
3080200001,'EventOn',1613,,4976,23,,,0
3080200001,'KerOffPriveOff',1613,,4977,23,,,0
3080300000,'EventOn',808,,4978,8,,,0
3080300000,'KerOffPriveOff',808,,4979,8,,,0
