501,'CsRoyOff',621,,840,2,,,0,79,,837,2,,,0,33,,827,2,,,0,77,,823,2,,,0,36,,833,2,,,0,76,,841,2,,,0,34,,831,2,,,0,75,,828,2,,,0,74,,824,2,,,0,35,,834,2,,,0,75,,842,2,,,0,35,,832,2,,,0,75,,829,2,,,0,75,,825,2,,,0,34,,835,2,,,0,76,,843,2,,,0,37,,839,2,,,0,78,,830,2,,,0,81,,826,2,,,0,35,,836,2,,,0,75,,844,2,,,0,35,,838,2,,,0,75,,849,2,,,0,97,,848,2,,,0,105,,847,2,,,0,105,,846,2,,,0,105,,845,2,,,0
501,'CsRoyOffKerOff',621,,868,2,,,0,79,,865,2,,,0,33,,855,2,,,0,77,,851,2,,,0,36,,861,2,,,0,76,,869,2,,,0,34,,859,2,,,0,75,,856,2,,,0,74,,852,2,,,0,35,,862,2,,,0,75,,870,2,,,0,35,,860,2,,,0,75,,857,2,,,0,75,,853,2,,,0,34,,863,2,,,0,76,,871,2,,,0,37,,867,2,,,0,78,,858,2,,,0,81,,854,2,,,0,35,,864,2,,,0,75,,872,2,,,0,35,,866,2,,,0,75,,877,2,,,0,97,,876,2,,,0,105,,875,2,,,0,105,,874,2,,,0,105,,873,2,,,0
501,'Dimanche',844,,882,2,,,0,105,,881,2,,,0,105,,883,2,,,0,105,,885,2,,,0,145,,884,2,,,0,106,,886,2,,,0,105,,887,2,,,0,105,,888,2,,,0,105,,879,2,,,0,105,,880,2,,,0
501,'EventOff',621,,906,2,,,0,79,,903,2,,,0,33,,893,2,,,0,77,,889,2,,,0,36,,899,2,,,0,76,,907,2,,,0,34,,897,2,,,0,75,,894,2,,,0,74,,890,2,,,0,35,,900,2,,,0,75,,908,2,,,0,35,,898,2,,,0,75,,895,2,,,0,75,,891,2,,,0,34,,901,2,,,0,76,,909,2,,,0,37,,905,2,,,0,78,,896,2,,,0,81,,892,2,,,0,35,,902,2,,,0,75,,910,2,,,0,35,,904,2,,,0,75,,915,2,,,0,97,,914,2,,,0,105,,913,2,,,0,105,,912,2,,,0,105,,911,2,,,0
501,'EventOn',621,,933,2,,,0,79,,930,2,,,0,33,,920,2,,,0,77,,916,2,,,0,36,,926,2,,,0,76,,934,2,,,0,34,,924,2,,,0,75,,921,2,,,0,74,,917,2,,,0,35,,927,2,,,0,75,,935,2,,,0,35,,925,2,,,0,75,,922,2,,,0,75,,918,2,,,0,34,,928,2,,,0,76,,936,2,,,0,37,,932,2,,,0,78,,923,2,,,0,81,,919,2,,,0,35,,929,2,,,0,75,,937,2,,,0,35,,931,2,,,0,75,,942,2,,,0,97,,941,2,,,0,105,,940,2,,,0,105,,939,2,,,0,105,,938,2,,,0
501,'KerOffPriveOff',621,,961,2,,,0,79,,958,2,,,0,33,,948,2,,,0,77,,944,2,,,0,36,,954,2,,,0,76,,962,2,,,0,34,,952,2,,,0,75,,949,2,,,0,74,,945,2,,,0,35,,955,2,,,0,75,,963,2,,,0,35,,953,2,,,0,75,,950,2,,,0,75,,946,2,,,0,34,,956,2,,,0,76,,964,2,,,0,37,,960,2,,,0,78,,951,2,,,0,81,,947,2,,,0,35,,957,2,,,0,75,,965,2,,,0,35,,959,2,,,0,75,,970,2,,,0,97,,969,2,,,0,105,,968,2,,,0,105,,967,2,,,0,105,,966,2,,,0
501,'Samedi',614,,971,2,,,0,105,,977,2,,,0,105,,983,2,,,0,105,,972,2,,,0,105,,978,2,,,0,105,,984,2,,,0,105,,973,2,,,0,106,,979,2,,,0,105,,985,2,,,0,145,,974,2,,,0,105,,980,2,,,0,105,,986,2,,,0,104,,975,2,,,0,105,,981,2,,,0,105,,987,2,,,0,105,,976,2,,,0,105,,982,2,,,0
5000,'CsRoyOff',638,,4263,2,,,0,65,,4262,2,,,0,16,,4218,2,,,0,15,,4219,2,,,0,21,,4220,2,,,0,58,,4221,2,,,0,18,,4222,2,,,0,18,,4223,2,,,0,56,,4224,2,,,0,15,,4225,2,,,0,20,,4226,2,,,0,15,,4227,2,,,0,59,,4228,2,,,0,15,,4229,2,,,0,20,,4230,2,,,0,55,,4231,2,,,0,20,,4232,2,,,0,15,,4233,2,,,0,20,,4234,2,,,0,55,,4235,2,,,0,20,,4236,2,,,0,15,,4237,2,,,0,60,,4238,2,,,0,15,,4239,2,,,0,19,,4240,2,,,0,15,,4241,2,,,0,60,,4242,2,,,0,15,,4243,2,,,0,21,,4244,2,,,0,55,,4245,2,,,0,23,,4246,2,,,0,19,,4247,2,,,0,60,,4248,2,,,0,18,,4249,2,,,0,21,,4250,2,,,0,56,,4251,2,,,0,20,,4252,2,,,0,16,,4253,2,,,0,58,,4254,2,,,0,16,,4255,2,,,0,19,,4256,2,,,0,15,,4257,2,,,0,168,,4258,2,,,0,105,,4259,2,,,0,105,,4260,2,,,0,105,,4261,2,,,0
5000,'CsRoyOffKerOff',638,,4309,2,,,0,65,,4308,2,,,0,16,,4264,2,,,0,15,,4265,2,,,0,21,,4266,2,,,0,58,,4267,2,,,0,18,,4268,2,,,0,18,,4269,2,,,0,56,,4270,2,,,0,15,,4271,2,,,0,20,,4272,2,,,0,15,,4273,2,,,0,59,,4274,2,,,0,15,,4275,2,,,0,20,,4276,2,,,0,55,,4277,2,,,0,20,,4278,2,,,0,15,,4279,2,,,0,20,,4280,2,,,0,55,,4281,2,,,0,20,,4282,2,,,0,15,,4283,2,,,0,60,,4284,2,,,0,15,,4285,2,,,0,19,,4286,2,,,0,15,,4287,2,,,0,60,,4288,2,,,0,15,,4289,2,,,0,21,,4290,2,,,0,55,,4291,2,,,0,23,,4292,2,,,0,19,,4293,2,,,0,60,,4294,2,,,0,18,,4295,2,,,0,21,,4296,2,,,0,56,,4297,2,,,0,20,,4298,2,,,0,16,,4299,2,,,0,58,,4300,2,,,0,16,,4301,2,,,0,19,,4302,2,,,0,15,,4303,2,,,0,168,,4304,2,,,0,105,,4305,2,,,0,105,,4306,2,,,0,105,,4307,2,,,0
5000,'Dimanche',942,,4310,2,,,0,105,,4313,2,,,0,105,,4315,2,,,0,105,,4314,2,,,0,145,,4316,2,,,0,105,,4317,2,,,0,106,,4318,2,,,0,105,,4311,2,,,0,105,,4312,2,,,0
5000,'EventOff',638,,4364,2,,,0,65,,4363,2,,,0,16,,4319,2,,,0,15,,4320,2,,,0,21,,4321,2,,,0,58,,4322,2,,,0,18,,4323,2,,,0,18,,4324,2,,,0,56,,4325,2,,,0,15,,4326,2,,,0,20,,4327,2,,,0,15,,4328,2,,,0,59,,4329,2,,,0,15,,4330,2,,,0,20,,4331,2,,,0,55,,4332,2,,,0,20,,4333,2,,,0,15,,4334,2,,,0,20,,4335,2,,,0,55,,4336,2,,,0,20,,4337,2,,,0,15,,4338,2,,,0,60,,4339,2,,,0,15,,4340,2,,,0,19,,4341,2,,,0,15,,4342,2,,,0,60,,4343,2,,,0,15,,4344,2,,,0,21,,4345,2,,,0,55,,4346,2,,,0,23,,4347,2,,,0,19,,4348,2,,,0,60,,4349,2,,,0,18,,4350,2,,,0,21,,4351,2,,,0,56,,4352,2,,,0,20,,4353,2,,,0,16,,4354,2,,,0,58,,4355,2,,,0,16,,4356,2,,,0,19,,4357,2,,,0,15,,4358,2,,,0,168,,4359,2,,,0,105,,4360,2,,,0,105,,4361,2,,,0,105,,4362,2,,,0
5000,'EventOn',638,,4410,2,,,0,65,,4409,2,,,0,16,,4365,2,,,0,15,,4366,2,,,0,21,,4367,2,,,0,58,,4368,2,,,0,18,,4369,2,,,0,18,,4370,2,,,0,56,,4371,2,,,0,15,,4372,2,,,0,20,,4373,2,,,0,15,,4374,2,,,0,59,,4375,2,,,0,15,,4376,2,,,0,20,,4377,2,,,0,55,,4378,2,,,0,20,,4379,2,,,0,15,,4380,2,,,0,20,,4381,2,,,0,55,,4382,2,,,0,20,,4383,2,,,0,15,,4384,2,,,0,60,,4385,2,,,0,15,,4386,2,,,0,19,,4387,2,,,0,15,,4388,2,,,0,60,,4389,2,,,0,15,,4390,2,,,0,21,,4391,2,,,0,55,,4392,2,,,0,23,,4393,2,,,0,19,,4394,2,,,0,60,,4395,2,,,0,18,,4396,2,,,0,21,,4397,2,,,0,56,,4398,2,,,0,20,,4399,2,,,0,16,,4400,2,,,0,58,,4401,2,,,0,16,,4402,2,,,0,19,,4403,2,,,0,15,,4404,2,,,0,168,,4405,2,,,0,105,,4406,2,,,0,105,,4407,2,,,0,105,,4408,2,,,0
5000,'KerOffPriveOff',638,,4456,2,,,0,65,,4455,2,,,0,16,,4411,2,,,0,15,,4412,2,,,0,21,,4413,2,,,0,58,,4414,2,,,0,18,,4415,2,,,0,18,,4416,2,,,0,56,,4417,2,,,0,15,,4418,2,,,0,20,,4419,2,,,0,15,,4420,2,,,0,59,,4421,2,,,0,15,,4422,2,,,0,20,,4423,2,,,0,55,,4424,2,,,0,20,,4425,2,,,0,15,,4426,2,,,0,20,,4427,2,,,0,55,,4428,2,,,0,20,,4429,2,,,0,15,,4430,2,,,0,60,,4431,2,,,0,15,,4432,2,,,0,19,,4433,2,,,0,15,,4434,2,,,0,60,,4435,2,,,0,15,,4436,2,,,0,21,,4437,2,,,0,55,,4438,2,,,0,23,,4439,2,,,0,19,,4440,2,,,0,60,,4441,2,,,0,18,,4442,2,,,0,21,,4443,2,,,0,56,,4444,2,,,0,20,,4445,2,,,0,16,,4446,2,,,0,58,,4447,2,,,0,16,,4448,2,,,0,19,,4449,2,,,0,15,,4450,2,,,0,168,,4451,2,,,0,105,,4452,2,,,0,105,,4453,2,,,0,105,,4454,2,,,0
5000,'Samedi',712,,4464,2,,,0,106,,4463,2,,,0,104,,4462,2,,,0,105,,4461,2,,,0,105,,4469,2,,,0,105,,4468,2,,,0,105,,4467,2,,,0,105,,4466,2,,,0,106,,4465,2,,,0,105,,4472,2,,,0,145,,4470,2,,,0,105,,4471,2,,,0,105,,4457,2,,,0,105,,4458,2,,,0,105,,4459,2,,,0,105,,4460,2,,,0
