900,'CsRoyOff',656,,1654,28,0,20,0,80,,1668,28,0,20,0,75,,1655,28,0,20,0,36,,1665,28,0,20,0,75,,1656,28,0,20,0,35,,1669,28,0,20,0,75,,1657,28,0,20,0,111,,1658,28,0,20,0,110,,1659,28,0,20,0,151,,1660,28,0,20,0,35,,1666,28,0,20,0,76,,1661,28,0,20,0,39,,1667,28,0,20,0,67,,1672,19,0,5,0,2,,1671,22,,,0,8,,1662,28,0,20,0,77,,1670,28,0,20,0,36,,1663,28,0,20,0,107,,1664,28,0,20,0
900,'CsRoyOffKerOff',656,,1673,28,0,20,0,80,,1687,28,0,20,0,75,,1674,28,0,20,0,36,,1684,28,0,20,0,75,,1675,28,0,20,0,35,,1688,28,0,20,0,75,,1676,28,0,20,0,111,,1677,28,0,20,0,110,,1678,28,0,20,0,151,,1679,28,0,20,0,35,,1685,28,0,20,0,76,,1680,28,0,20,0,39,,1686,28,0,20,0,67,,1690,19,0,5,0,10,,1681,28,0,20,0,77,,1689,28,0,20,0,36,,1682,28,0,20,0,107,,1683,28,0,20,0
900,'EventOff',656,,1691,28,0,20,0,80,,1705,28,0,20,0,75,,1692,28,0,20,0,36,,1702,28,0,20,0,75,,1693,28,0,20,0,35,,1706,28,0,20,0,75,,1694,28,0,20,0,111,,1695,28,0,20,0,110,,1696,28,0,20,0,151,,1697,28,0,20,0,35,,1703,28,0,20,0,76,,1698,28,0,20,0,39,,1704,28,0,20,0,77,,1699,28,0,20,0,77,,1707,28,0,20,0,36,,1700,28,0,20,0,107,,1701,28,0,20,0
900,'EventOn',656,,1708,28,0,20,0,80,,1722,28,0,20,0,75,,1709,28,0,20,0,36,,1719,28,0,20,0,75,,1710,28,0,20,0,35,,1723,28,0,20,0,75,,1711,28,0,20,0,111,,1712,28,0,20,0,110,,1713,28,0,20,0,151,,1714,28,0,20,0,35,,1720,28,0,20,0,76,,1715,28,0,20,0,39,,1721,28,0,20,0,67,,1726,19,0,5,0,2,,1725,22,,,0,8,,1716,28,0,20,0,77,,1724,28,0,20,0,36,,1717,28,0,20,0,107,,1718,28,0,20,0
900,'KerOffPriveOff',656,,1727,28,0,20,0,80,,1741,28,0,20,0,75,,1728,28,0,20,0,36,,1738,28,0,20,0,75,,1729,28,0,20,0,35,,1742,28,0,20,0,75,,1730,28,0,20,0,111,,1731,28,0,20,0,110,,1732,28,0,20,0,151,,1733,28,0,20,0,35,,1739,28,0,20,0,76,,1734,28,0,20,0,39,,1740,28,0,20,0,77,,1735,28,0,20,0,77,,1743,28,0,20,0,36,,1736,28,0,20,0,107,,1737,28,0,20,0
8900,'CsRoyOff',1950,,4827,29,,,0,100,,4829,29,,,0,105,,4828,29,,,0,147,,4826,29,,,0,103,,4825,29,,,0
8900,'CsRoyOffKerOff',1950,,4832,29,,,0,100,,4834,29,,,0,105,,4833,29,,,0,147,,4831,29,,,0,103,,4830,29,,,0
8900,'Dimanche',909,,4836,29,,,0,105,,4838,29,,,0,107,,4839,29,,,0,105,,4840,29,,,0,105,,4842,29,,,0,105,,4841,29,,,0,105,,4843,29,,,0,105,,4844,29,,,0,105,,4835,29,,,0,104,,4837,29,,,0
8900,'EventOff',1950,,4847,29,,,0,100,,4849,29,,,0,105,,4848,29,,,0,147,,4846,29,,,0,103,,4845,29,,,0
8900,'EventOn',1950,,4852,29,,,0,100,,4854,29,,,0,105,,4853,29,,,0,147,,4851,29,,,0,103,,4850,29,,,0
8900,'KerOffPriveOff',1950,,4857,29,,,0,100,,4859,29,,,0,105,,4858,29,,,0,147,,4856,29,,,0,103,,4855,29,,,0
8900,'Samedi',642,,4876,29,,,0,103,,4860,29,,,0,105,,4868,29,,,0,107,,4861,29,,,0,145,,4869,29,,,0,105,,4862,29,,,0,105,,4870,29,,,0,104,,4863,29,,,0,104,,4871,29,,,0,106,,4864,29,,,0,106,,4872,29,,,0,104,,4865,29,,,0,105,,4873,29,,,0,105,,4866,29,,,0,104,,4874,29,,,0,105,,4867,29,,,0,145,,4875,29,,,0
