800,'CsRoyOff',623,,1330,10,,,0,35,,1341,10,,,0,81,,1331,10,,,0,75,,1342,10,,,0,35,,1332,10,,,0,74,,1343,10,,,0,35,,1333,10,,,0,75,,1344,10,,,0,76,,1334,10,,,0,35,,1345,10,,,0,75,,1335,10,,,0,35,,1346,10,,,0,75,,1336,10,,,0,75,,1347,10,,,0,35,,1337,10,,,0,80,,1348,10,,,0,38,,1338,10,,,0,78,,1349,10,,,0,75,,1339,10,,,0,33,,1350,10,,,0,75,,1340,10,,,0,35,,1351,10,,,0,105,,1356,10,,,0,145,,1355,10,,,0,105,,1352,10,,,0,105,,1353,10,,,0,105,,1354,10,,,0
800,'CsRoyOffKerOff',623,,1357,10,,,0,35,,1368,10,,,0,81,,1358,10,,,0,75,,1369,10,,,0,35,,1359,10,,,0,74,,1370,10,,,0,35,,1360,10,,,0,75,,1371,10,,,0,76,,1361,10,,,0,35,,1372,10,,,0,75,,1362,10,,,0,35,,1373,10,,,0,75,,1363,10,,,0,75,,1374,10,,,0,35,,1364,10,,,0,80,,1375,10,,,0,38,,1365,10,,,0,78,,1376,10,,,0,75,,1366,10,,,0,33,,1377,10,,,0,75,,1367,10,,,0,35,,1378,10,,,0,105,,1383,10,,,0,145,,1382,10,,,0,105,,1379,10,,,0,105,,1380,10,,,0,105,,1381,10,,,0
800,'Dimanche',923,,1386,10,,,0,105,,1387,10,,,0,105,,1389,10,,,0,105,,1390,10,,,0,105,,1391,10,,,0,105,,1392,10,,,0,105,,1393,10,,,0,105,,1388,10,,,0,145,,1384,10,,,0,105,,1385,10,,,0
800,'EventOff',623,,1394,10,,,0,35,,1405,10,,,0,81,,1395,10,,,0,75,,1406,10,,,0,35,,1396,10,,,0,74,,1407,10,,,0,35,,1397,10,,,0,75,,1408,10,,,0,76,,1398,10,,,0,35,,1409,10,,,0,75,,1399,10,,,0,35,,1410,10,,,0,75,,1400,10,,,0,75,,1411,10,,,0,35,,1401,10,,,0,80,,1412,10,,,0,38,,1402,10,,,0,78,,1413,10,,,0,75,,1403,10,,,0,33,,1414,10,,,0,75,,1404,10,,,0,35,,1415,10,,,0,105,,1420,10,,,0,145,,1419,10,,,0,105,,1416,10,,,0,105,,1417,10,,,0,105,,1418,10,,,0
800,'EventOn',623,,1421,10,,,0,35,,1432,10,,,0,81,,1422,10,,,0,75,,1433,10,,,0,35,,1423,10,,,0,74,,1434,10,,,0,35,,1424,10,,,0,75,,1435,10,,,0,76,,1425,10,,,0,35,,1436,10,,,0,75,,1426,10,,,0,35,,1437,10,,,0,75,,1427,10,,,0,75,,1438,10,,,0,35,,1428,10,,,0,80,,1439,10,,,0,38,,1429,10,,,0,78,,1440,10,,,0,75,,1430,10,,,0,33,,1441,10,,,0,75,,1431,10,,,0,35,,1442,10,,,0,105,,1447,10,,,0,145,,1446,10,,,0,105,,1443,10,,,0,105,,1444,10,,,0,105,,1445,10,,,0
800,'KerOffPriveOff',623,,1448,10,,,0,35,,1459,10,,,0,81,,1449,10,,,0,75,,1460,10,,,0,35,,1450,10,,,0,74,,1461,10,,,0,35,,1451,10,,,0,75,,1462,10,,,0,76,,1452,10,,,0,35,,1463,10,,,0,75,,1453,10,,,0,35,,1464,10,,,0,75,,1454,10,,,0,75,,1465,10,,,0,35,,1455,10,,,0,80,,1466,10,,,0,38,,1456,10,,,0,78,,1467,10,,,0,75,,1457,10,,,0,33,,1468,10,,,0,75,,1458,10,,,0,35,,1469,10,,,0,105,,1474,10,,,0,145,,1473,10,,,0,105,,1470,10,,,0,105,,1471,10,,,0,105,,1472,10,,,0
800,'Samedi',652,,1475,10,,,0,105,,1476,10,,,0,145,,1477,10,,,0,106,,1478,10,,,0,105,,1479,10,,,0,105,,1480,10,,,0,105,,1481,10,,,0,105,,1482,10,,,0,105,,1483,10,,,0,105,,1484,10,,,0,105,,1485,10,,,0,105,,1486,10,,,0,105,,1487,10,,,0,105,,1488,10,,,0,144,,1489,10,,,0,105,,1490,10,,,0,105,,1491,10,,,0
1201,'CsRoyOff',642,,2619,44,,,0,113,,2620,44,,,0,148,,2621,44,,,0,110,,2622,44,,,0,112,,2623,44,,,0,108,,2624,44,,,0,108,,2625,44,,,0,107,,2626,44,,,0,156,,2627,44,,,0,117,,2628,44,,,0,112,,2629,44,,,0,104,,2630,44,,,0,105,,2633,44,,,0,105,,2632,44,,,0,105,,2631,44,,,0,105,,2634,44,,,0
1201,'CsRoyOffKerOff',642,,2635,44,,,0,113,,2636,44,,,0,148,,2637,44,,,0,110,,2638,44,,,0,112,,2639,44,,,0,108,,2640,44,,,0,108,,2641,44,,,0,107,,2642,44,,,0,156,,2643,44,,,0,117,,2644,44,,,0,112,,2645,44,,,0,104,,2646,44,,,0,105,,2649,44,,,0,105,,2648,44,,,0,105,,2647,44,,,0,105,,2650,44,,,0
1201,'Dimanche',904,,2652,44,,,0,105,,2653,44,,,0,105,,2655,44,,,0,105,,2656,44,,,0,105,,2657,44,,,0,104,,2658,44,,,0,105,,2659,44,,,0,105,,2660,44,,,0,106,,2651,44,,,0,103,,2654,44,,,0
1201,'EventOff',642,,2661,44,,,0,113,,2662,44,,,0,148,,2663,44,,,0,110,,2664,44,,,0,112,,2665,44,,,0,108,,2666,44,,,0,108,,2667,44,,,0,107,,2668,44,,,0,156,,2669,44,,,0,117,,2670,44,,,0,112,,2671,44,,,0,104,,2672,44,,,0,105,,2675,44,,,0,105,,2674,44,,,0,105,,2673,44,,,0,105,,2676,44,,,0
1201,'EventOn',642,,2677,44,,,0,113,,2678,44,,,0,148,,2679,44,,,0,110,,2680,44,,,0,112,,2681,44,,,0,108,,2682,44,,,0,108,,2683,44,,,0,107,,2684,44,,,0,156,,2685,44,,,0,117,,2686,44,,,0,112,,2687,44,,,0,104,,2688,44,,,0,105,,2691,44,,,0,105,,2690,44,,,0,105,,2689,44,,,0,105,,2692,44,,,0
1201,'KerOffPriveOff',642,,2693,44,,,0,113,,2694,44,,,0,148,,2695,44,,,0,110,,2696,44,,,0,112,,2697,44,,,0,108,,2698,44,,,0,108,,2699,44,,,0,107,,2700,44,,,0,156,,2701,44,,,0,117,,2702,44,,,0,112,,2703,44,,,0,104,,2704,44,,,0,105,,2707,44,,,0,105,,2706,44,,,0,105,,2705,44,,,0,105,,2708,44,,,0
1201,'Samedi',634,,2709,44,,,0,104,,2710,44,,,0,105,,2711,44,,,0,106,,2712,44,,,0,105,,2713,44,,,0,104,,2714,44,,,0,146,,2715,44,,,0,105,,2716,44,,,0,105,,2717,44,,,0,105,,2718,44,,,0,104,,2719,44,,,0,105,,2720,44,,,0,105,,2721,44,,,0,105,,2722,44,,,0,105,,2723,44,,,0,105,,2724,44,,,0,105,,2725,44,,,0
