6001,'CsRoyOff',623,,4652,6,,,0,31,,4663,6,,,0,78,,4653,6,,,0,76,,4664,6,,,0,35,,4654,6,,,0,76,,4665,6,,,0,34,,4655,6,,,0,75,,4666,6,,,0,75,,4656,6,,,0,35,,4667,6,,,0,75,,4657,6,,,0,34,,4668,6,,,0,75,,4658,6,,,0,27,,4669,6,,,0,80,,4679,6,,,0,71,,4659,6,,,0,44,,4670,6,,,0,71,,4660,6,,,0,38,,4671,6,,,0,76,,4661,6,,,0,75,,4672,6,,,0,30,,4662,6,,,0,111,,4675,6,,,0,105,,4677,6,,,0,105,,4676,6,,,0,145,,4674,6,,,0,105,,4673,6,,,0
6001,'CsRoyOffKerOff',623,,4680,6,,,0,31,,4691,6,,,0,78,,4681,6,,,0,76,,4692,6,,,0,35,,4682,6,,,0,76,,4693,6,,,0,34,,4683,6,,,0,75,,4694,6,,,0,75,,4684,6,,,0,35,,4695,6,,,0,75,,4685,6,,,0,34,,4696,6,,,0,75,,4686,6,,,0,27,,4697,6,,,0,80,,4707,6,,,0,71,,4687,6,,,0,44,,4698,6,,,0,71,,4688,6,,,0,38,,4699,6,,,0,76,,4689,6,,,0,75,,4700,6,,,0,30,,4690,6,,,0,111,,4703,6,,,0,105,,4705,6,,,0,105,,4704,6,,,0,145,,4702,6,,,0,105,,4701,6,,,0
6001,'Dimanche',911,,4708,6,,,0,105,,4710,6,,,0,105,,4711,6,,,0,104,,4713,6,,,0,105,,4714,6,,,0,105,,4715,6,,,0,105,,4716,6,,,0,105,,4717,6,,,0,106,,4712,6,,,0,105,,4709,6,,,0
6001,'EventOff',623,,4718,6,,,0,31,,4729,6,,,0,78,,4719,6,,,0,76,,4730,6,,,0,35,,4720,6,,,0,76,,4731,6,,,0,34,,4721,6,,,0,75,,4732,6,,,0,75,,4722,6,,,0,35,,4733,6,,,0,75,,4723,6,,,0,34,,4734,6,,,0,75,,4724,6,,,0,27,,4735,6,,,0,80,,4745,6,,,0,71,,4725,6,,,0,44,,4736,6,,,0,71,,4726,6,,,0,38,,4737,6,,,0,76,,4727,6,,,0,75,,4738,6,,,0,30,,4728,6,,,0,111,,4741,6,,,0,105,,4743,6,,,0,105,,4742,6,,,0,145,,4740,6,,,0,105,,4739,6,,,0
6001,'EventOn',623,,4746,6,,,0,31,,4757,6,,,0,78,,4747,6,,,0,74,,4774,6,0,19,0,2,,4758,6,,,0,35,,4748,6,,,0,76,,4759,6,,,0,34,,4749,6,,,0,75,,4760,6,,,0,75,,4750,6,,,0,35,,4761,6,,,0,75,,4751,6,,,0,34,,4762,6,,,0,75,,4752,6,,,0,27,,4763,6,,,0,80,,4773,6,,,0,71,,4753,6,,,0,44,,4764,6,,,0,1,,4776,6,0,14 15,0,70,,4754,6,,,0,38,,4765,6,,,0,76,,4755,6,,,0,75,,4766,6,,,0,30,,4756,6,,,0,111,,4769,6,,,0,105,,4771,6,,,0,105,,4770,6,,,0,145,,4768,6,,,0,105,,4767,6,,,0
6001,'KerOffPriveOff',623,,4777,6,,,0,31,,4788,6,,,0,78,,4778,6,,,0,74,,4805,6,0,19,0,2,,4789,6,,,0,35,,4779,6,,,0,76,,4790,6,,,0,34,,4780,6,,,0,75,,4791,6,,,0,75,,4781,6,,,0,35,,4792,6,,,0,75,,4782,6,,,0,34,,4793,6,,,0,75,,4783,6,,,0,27,,4794,6,,,0,80,,4804,6,,,0,71,,4784,6,,,0,44,,4795,6,,,0,1,,4807,6,0,14 15,0,70,,4785,6,,,0,38,,4796,6,,,0,76,,4786,6,,,0,75,,4797,6,,,0,30,,4787,6,,,0,111,,4800,6,,,0,105,,4802,6,,,0,105,,4801,6,,,0,145,,4799,6,,,0,105,,4798,6,,,0
6001,'Samedi',641,,4813,6,,,0,105,,4819,6,,,0,105,,4808,6,,,0,105,,4814,6,,,0,144,,4820,6,,,0,105,,4809,6,,,0,106,,4815,6,,,0,105,,4821,6,,,0,105,,4810,6,,,0,104,,4816,6,,,0,105,,4822,6,,,0,106,,4811,6,,,0,105,,4817,6,,,0,105,,4823,6,,,0,105,,4812,6,,,0,105,,4818,6,,,0,145,,4824,6,,,0
111800501,'CsRoyOff',737,,4941,6,,,0,880,,4942,6,0,14 15,0
111800501,'CsRoyOffKerOff',1617,,4943,6,0,14 15,0
111800501,'EventOn',737,,4944,6,,,0,880,,4945,6,0,14 15,0
19200300001,'CsRoyOff',737,,5015,6,0,11 18,0
19200300001,'CsRoyOffKerOff',737,,5016,6,0,11 18,0
19200300001,'EventOn',737,,5017,6,0,11 18,0
