900,'CsRoyOff',657,,1654,31,0,20,0,80,,1668,31,0,20,0,75,,1655,31,0,20,0,36,,1665,31,0,20,0,75,,1656,31,0,20,0,35,,1669,31,0,20,0,75,,1657,31,0,20,0,111,,1658,31,0,20,0,110,,1659,31,0,20,0,151,,1660,31,0,20,0,35,,1666,31,0,20,0,76,,1661,31,0,20,0,39,,1667,31,0,20,0,67,,1672,22,0,5,0,2,,1671,25,,,0,8,,1662,31,0,20,0,77,,1670,31,0,20,0,36,,1663,31,0,20,0,107,,1664,31,0,20,0
900,'CsRoyOffKerOff',657,,1673,31,0,20,0,80,,1687,31,0,20,0,75,,1674,31,0,20,0,36,,1684,31,0,20,0,75,,1675,31,0,20,0,35,,1688,31,0,20,0,75,,1676,31,0,20,0,111,,1677,31,0,20,0,110,,1678,31,0,20,0,151,,1679,31,0,20,0,35,,1685,31,0,20,0,76,,1680,31,0,20,0,39,,1686,31,0,20,0,67,,1690,22,0,5,0,10,,1681,31,0,20,0,77,,1689,31,0,20,0,36,,1682,31,0,20,0,107,,1683,31,0,20,0
900,'EventOff',657,,1691,31,0,20,0,80,,1705,31,0,20,0,75,,1692,31,0,20,0,36,,1702,31,0,20,0,75,,1693,31,0,20,0,35,,1706,31,0,20,0,75,,1694,31,0,20,0,111,,1695,31,0,20,0,110,,1696,31,0,20,0,151,,1697,31,0,20,0,35,,1703,31,0,20,0,76,,1698,31,0,20,0,39,,1704,31,0,20,0,77,,1699,31,0,20,0,77,,1707,31,0,20,0,36,,1700,31,0,20,0,107,,1701,31,0,20,0
900,'EventOn',657,,1708,31,0,20,0,80,,1722,31,0,20,0,75,,1709,31,0,20,0,36,,1719,31,0,20,0,75,,1710,31,0,20,0,35,,1723,31,0,20,0,75,,1711,31,0,20,0,111,,1712,31,0,20,0,110,,1713,31,0,20,0,151,,1714,31,0,20,0,35,,1720,31,0,20,0,76,,1715,31,0,20,0,39,,1721,31,0,20,0,67,,1726,22,0,5,0,2,,1725,25,,,0,8,,1716,31,0,20,0,77,,1724,31,0,20,0,36,,1717,31,0,20,0,107,,1718,31,0,20,0
900,'KerOffPriveOff',657,,1727,31,0,20,0,80,,1741,31,0,20,0,75,,1728,31,0,20,0,36,,1738,31,0,20,0,75,,1729,31,0,20,0,35,,1742,31,0,20,0,75,,1730,31,0,20,0,111,,1731,31,0,20,0,110,,1732,31,0,20,0,151,,1733,31,0,20,0,35,,1739,31,0,20,0,76,,1734,31,0,20,0,39,,1740,31,0,20,0,77,,1735,31,0,20,0,77,,1743,31,0,20,0,36,,1736,31,0,20,0,107,,1737,31,0,20,0
8900,'CsRoyOff',1951,,4827,32,,,0,100,,4829,32,,,0,105,,4828,32,,,0,147,,4826,32,,,0,103,,4825,32,,,0
8900,'CsRoyOffKerOff',1951,,4832,32,,,0,100,,4834,32,,,0,105,,4833,32,,,0,147,,4831,32,,,0,103,,4830,32,,,0
8900,'Dimanche',911,,4836,32,,,0,105,,4838,32,,,0,107,,4839,32,,,0,105,,4840,32,,,0,105,,4842,32,,,0,105,,4841,32,,,0,105,,4843,32,,,0,105,,4844,32,,,0,104,,4835,32,,,0,104,,4837,32,,,0
8900,'EventOff',1951,,4847,32,,,0,100,,4849,32,,,0,105,,4848,32,,,0,147,,4846,32,,,0,103,,4845,32,,,0
8900,'EventOn',1951,,4852,32,,,0,100,,4854,32,,,0,105,,4853,32,,,0,147,,4851,32,,,0,103,,4850,32,,,0
8900,'KerOffPriveOff',1951,,4857,32,,,0,100,,4859,32,,,0,105,,4858,32,,,0,147,,4856,32,,,0,103,,4855,32,,,0
8900,'Samedi',643,,4876,32,,,0,103,,4860,32,,,0,105,,4868,32,,,0,107,,4861,32,,,0,145,,4869,32,,,0,105,,4862,32,,,0,105,,4870,32,,,0,104,,4863,32,,,0,104,,4871,32,,,0,106,,4864,32,,,0,106,,4872,32,,,0,104,,4865,32,,,0,105,,4873,32,,,0,105,,4866,32,,,0,104,,4874,32,,,0,105,,4867,32,,,0,145,,4875,32,,,0
