901,'CsRoyOff',621,,1744,28,,,0,24,,1758,28,,,0,76,,1762,37,0,5,0,1,,1745,28,,,0,8,,1763,37,0,6,0,71,,1757,28,,,0,34,,1746,28,,,0,76,,1759,28,,,0,35,,1747,28,,,0,110,,1748,28,,,0,151,,1749,28,,,0,109,,1750,28,,,0,111,,1751,28,,,0,76,,1756,28,,,0,36,,1752,28,,,0,79,,1755,28,,,0,37,,1753,28,,,0,77,,1760,28,,,0,75,,1754,28,,,0,110,,1761,28,,,0
901,'CsRoyOffKerOff',621,,1764,28,,,0,24,,1778,28,,,0,76,,1782,37,0,5,0,1,,1765,28,,,0,79,,1777,28,,,0,34,,1766,28,,,0,76,,1779,28,,,0,35,,1767,28,,,0,110,,1768,28,,,0,151,,1769,28,,,0,109,,1770,28,,,0,111,,1771,28,,,0,76,,1776,28,,,0,36,,1772,28,,,0,79,,1775,28,,,0,37,,1773,28,,,0,77,,1780,28,,,0,75,,1774,28,,,0,110,,1781,28,,,0
901,'EventOff',621,,1783,28,,,0,24,,1797,28,,,0,77,,1784,28,,,0,79,,1796,28,,,0,34,,1785,28,,,0,76,,1798,28,,,0,35,,1786,28,,,0,110,,1787,28,,,0,151,,1788,28,,,0,109,,1789,28,,,0,111,,1790,28,,,0,76,,1795,28,,,0,36,,1791,28,,,0,79,,1794,28,,,0,37,,1792,28,,,0,77,,1799,28,,,0,75,,1793,28,,,0,110,,1800,28,,,0
901,'EventOn',621,,1801,28,,,0,24,,1815,28,,,0,76,,1819,37,0,5,0,1,,1802,28,,,0,8,,1820,37,0,6,0,71,,1814,28,,,0,34,,1803,28,,,0,76,,1816,28,,,0,35,,1804,28,,,0,110,,1805,28,,,0,151,,1806,28,,,0,109,,1807,28,,,0,111,,1808,28,,,0,76,,1813,28,,,0,36,,1809,28,,,0,79,,1812,28,,,0,37,,1810,28,,,0,77,,1817,28,,,0,75,,1811,28,,,0,110,,1818,28,,,0
901,'KerOffPriveOff',621,,1821,28,,,0,24,,1835,28,,,0,77,,1822,28,,,0,79,,1834,28,,,0,34,,1823,28,,,0,76,,1836,28,,,0,35,,1824,28,,,0,110,,1825,28,,,0,151,,1826,28,,,0,109,,1827,28,,,0,111,,1828,28,,,0,76,,1833,28,,,0,36,,1829,28,,,0,79,,1832,28,,,0,37,,1830,28,,,0,77,,1837,28,,,0,75,,1831,28,,,0,110,,1838,28,,,0
8901,'CsRoyOff',2022,,4880,28,,,0,105,,4879,28,,,0,105,,4878,28,,,0,105,,4877,28,,,0
8901,'CsRoyOffKerOff',2022,,4884,28,,,0,105,,4883,28,,,0,105,,4882,28,,,0,105,,4881,28,,,0
8901,'Dimanche',840,,4886,28,,,0,105,,4888,28,,,0,106,,4890,28,,,0,105,,4891,28,,,0,145,,4892,28,,,0,105,,4893,28,,,0,105,,4894,28,,,0,105,,4895,28,,,0,105,,4885,28,,,0,104,,4889,28,,,0,101,,4887,28,,,0
8901,'EventOff',2022,,4899,28,,,0,105,,4898,28,,,0,105,,4897,28,,,0,105,,4896,28,,,0
8901,'EventOn',2022,,4903,28,,,0,105,,4902,28,,,0,105,,4901,28,,,0,105,,4900,28,,,0
8901,'KerOffPriveOff',2022,,4907,28,,,0,105,,4906,28,,,0,105,,4905,28,,,0,105,,4904,28,,,0
8901,'Samedi',716,,4916,28,,,0,105,,4908,28,,,0,106,,4917,28,,,0,105,,4909,28,,,0,105,,4918,28,,,0,105,,4910,28,,,0,104,,4919,28,,,0,105,,4911,28,,,0,105,,4920,28,,,0,146,,4912,28,,,0,104,,4921,28,,,0,105,,4913,28,,,0,105,,4922,28,,,0,105,,4914,28,,,0,105,,4923,28,,,0,105,,4915,28,,,0
