6000,'CsRoyOff',630,,4484,18,,,0,82,,4474,18,,,0,31,,4485,18,,,0,80,,4475,18,,,0,35,,4486,18,,,0,74,,4476,18,,,0,76,,4487,18,,,0,34,,4477,18,,,0,75,,4488,18,,,0,34,,4478,18,,,0,76,,4489,18,,,0,75,,4479,18,,,0,28,,4490,18,,,0,77,,4501,18,,,0,25,,4480,18,,,0,80,,4491,18,,,0,38,,4481,18,,,0,78,,4492,18,,,0,74,,4482,18,,,0,36,,4493,18,,,0,75,,4483,18,,,0,35,,4494,18,,,0,78,,4495,18,,,0,105,,4500,18,,,0,105,,4499,18,,,0,105,,4498,18,,,0,105,,4496,18,,,0,101,,4497,18,0,14 15,0
6000,'CsRoyOffKerOff',630,,4513,18,,,0,82,,4503,18,,,0,31,,4514,18,,,0,80,,4504,18,,,0,35,,4515,18,,,0,74,,4505,18,,,0,76,,4516,18,,,0,34,,4506,18,,,0,75,,4517,18,,,0,34,,4507,18,,,0,76,,4518,18,,,0,75,,4508,18,,,0,28,,4519,18,,,0,77,,4530,18,,,0,25,,4509,18,,,0,80,,4520,18,,,0,38,,4510,18,,,0,78,,4521,18,,,0,74,,4511,18,,,0,36,,4522,18,,,0,75,,4512,18,,,0,35,,4523,18,,,0,78,,4524,18,,,0,105,,4529,18,,,0,105,,4528,18,,,0,105,,4527,18,,,0,105,,4525,18,,,0,101,,4526,18,0,14 15,0
6000,'Dimanche',853,,4531,18,,,0,105,,4532,18,,,0,144,,4534,18,,,0,106,,4536,18,,,0,104,,4537,18,,,0,105,,4538,18,,,0,105,,4539,18,,,0,104,,4540,18,,,0,106,,4535,18,,,0,105,,4533,18,,,0
6000,'EventOff',630,,4552,18,,,0,82,,4542,18,,,0,31,,4553,18,,,0,80,,4543,18,,,0,35,,4554,18,,,0,74,,4544,18,,,0,76,,4555,18,,,0,34,,4545,18,,,0,75,,4556,18,,,0,34,,4546,18,,,0,76,,4557,18,,,0,75,,4547,18,,,0,28,,4558,18,,,0,77,,4569,18,,,0,25,,4548,18,,,0,80,,4559,18,,,0,38,,4549,18,,,0,78,,4560,18,,,0,74,,4550,18,,,0,36,,4561,18,,,0,75,,4551,18,,,0,35,,4562,18,,,0,78,,4563,18,,,0,105,,4568,18,,,0,105,,4567,18,,,0,105,,4566,18,,,0,105,,4564,18,,,0,101,,4565,18,0,14 15,0
6000,'EventOn',630,,4581,18,,,0,82,,4571,18,,,0,31,,4582,18,,,0,80,,4572,18,,,0,35,,4583,18,,,0,74,,4573,18,,,0,76,,4584,18,,,0,34,,4574,18,,,0,75,,4585,18,,,0,34,,4575,18,,,0,76,,4586,18,,,0,75,,4576,18,,,0,28,,4587,18,,,0,77,,4598,18,,,0,25,,4577,18,,,0,80,,4588,18,,,0,38,,4578,18,,,0,78,,4589,18,,,0,74,,4579,18,,,0,36,,4590,18,,,0,75,,4580,18,,,0,35,,4591,18,,,0,78,,4592,18,,,0,105,,4597,18,,,0,105,,4596,18,,,0,105,,4595,18,,,0,105,,4593,18,,,0,101,,4594,18,0,14 15,0
6000,'KerOffPriveOff',630,,4613,18,,,0,82,,4603,18,,,0,31,,4614,18,,,0,80,,4604,18,,,0,35,,4615,18,,,0,74,,4605,18,,,0,76,,4616,18,,,0,34,,4606,18,,,0,75,,4617,18,,,0,34,,4607,18,,,0,76,,4618,18,,,0,75,,4608,18,,,0,28,,4619,18,,,0,77,,4630,18,,,0,25,,4609,18,,,0,80,,4620,18,,,0,38,,4610,18,,,0,78,,4621,18,,,0,74,,4611,18,,,0,36,,4622,18,,,0,75,,4612,18,,,0,35,,4623,18,,,0,78,,4624,18,,,0,105,,4629,18,,,0,105,,4628,18,,,0,105,,4627,18,,,0,105,,4625,18,,,0,101,,4626,18,0,14 15,0
6000,'Samedi',623,,4639,18,,,0,104,,4645,18,,,0,105,,4634,18,,,0,105,,4640,18,,,0,106,,4646,18,,,0,104,,4635,18,,,0,105,,4641,18,,,0,106,,4647,18,,,0,145,,4636,18,,,0,105,,4642,18,,,0,104,,4648,18,,,0,105,,4637,18,,,0,105,,4643,18,,,0,105,,4649,18,,,0,105,,4638,18,,,0,105,,4644,18,,,0,105,,4650,18,,,0,100,,4651,18,0,14 15,0
111800500,'CsRoyOff',1552,,4937,16,,,0
111800500,'CsRoyOffKerOff',1552,,4938,16,,,0
111800500,'EventOn',1552,,4940,16,,,0
