401,'CsRoyOff',636,2,496,30,,,0,81,3,509,30,,,0,29,,519,30,4,,0,6,2,493,30,,,0,75,2,504,30,,,0,76,3,500,30,,,0,35,3,512,30,,,0,74,3,497,30,,,0,35,3,510,30,,,0,75,3,494,30,,,0,35,3,505,30,,,0,75,3,501,30,,,0,75,3,513,30,,,0,34,3,498,30,,,0,75,3,506,30,,,0,36,3,502,30,,,0,77,2,511,30,,,0,79,3,495,30,,,0,39,3,508,30,,,0,76,2,499,30,,,0,34,2,507,30,,,0,75,2,503,30,,,0,107,2,515,30,,,0,105,2,518,30,,,0,105,2,517,30,,,0,105,2,516,30,,,0,105,2,514,30,,,0
401,'CsRoyOffKerOff',636,2,523,30,,,0,81,3,536,30,,,0,29,,546,30,4,,0,6,2,520,30,,,0,75,2,531,30,,,0,76,3,527,30,,,0,35,3,539,30,,,0,74,3,524,30,,,0,35,3,537,30,,,0,75,3,521,30,,,0,35,3,532,30,,,0,75,3,528,30,,,0,75,3,540,30,,,0,34,3,525,30,,,0,75,3,533,30,,,0,36,3,529,30,,,0,77,2,538,30,,,0,79,3,522,30,,,0,39,3,535,30,,,0,76,2,526,30,,,0,34,2,534,30,,,0,75,2,530,30,,,0,107,2,542,30,,,0,105,2,545,30,,,0,105,2,544,30,,,0,105,2,543,30,,,0,105,2,541,30,,,0
401,'Dimanche',903,2,549,30,,,0,106,2,550,30,,,0,105,2,551,30,,,0,105,2,552,30,,,0,105,2,553,30,,,0,105,2,554,30,,,0,106,2,555,30,,,0,104,2,556,30,,,0,105,2,548,30,,,0,104,2,547,30,,,0
401,'EventOff',636,2,560,30,,,0,81,3,573,30,,,0,35,2,557,30,,,0,75,2,568,30,,,0,76,3,564,30,,,0,35,3,576,30,,,0,74,3,561,30,,,0,35,3,574,30,,,0,75,3,558,30,,,0,35,3,569,30,,,0,75,3,565,30,,,0,75,3,577,30,,,0,34,3,562,30,,,0,75,3,570,30,,,0,36,3,566,30,,,0,77,2,575,30,,,0,79,3,559,30,,,0,39,3,572,30,,,0,76,2,563,30,,,0,34,2,571,30,,,0,75,2,567,30,,,0,107,2,579,30,,,0,105,2,582,30,,,0,105,2,581,30,,,0,105,2,580,30,,,0,105,2,578,30,,,0
401,'EventOn',636,2,586,30,,,0,81,3,599,30,,,0,29,,609,30,4,,0,6,2,583,30,,,0,75,2,594,30,,,0,76,3,590,30,,,0,35,3,602,30,,,0,74,3,587,30,,,0,35,3,600,30,,,0,75,3,584,30,,,0,35,3,595,30,,,0,75,3,591,30,,,0,75,3,603,30,,,0,34,3,588,30,,,0,75,3,596,30,,,0,36,3,592,30,,,0,77,2,601,30,,,0,79,3,585,30,,,0,39,3,598,30,,,0,76,2,589,30,,,0,34,2,597,30,,,0,75,2,593,30,,,0,107,2,605,30,,,0,105,2,608,30,,,0,105,2,607,30,,,0,105,2,606,30,,,0,105,2,604,30,,,0
401,'KerOffPriveOff',636,2,613,30,,,0,81,3,626,30,,,0,29,,636,30,4,,0,6,2,610,30,,,0,75,2,621,30,,,0,76,3,617,30,,,0,35,3,629,30,,,0,74,3,614,30,,,0,35,3,627,30,,,0,75,3,611,30,,,0,35,3,622,30,,,0,75,3,618,30,,,0,75,3,630,30,,,0,34,3,615,30,,,0,75,3,623,30,,,0,36,3,619,30,,,0,77,2,628,30,,,0,79,3,612,30,,,0,39,3,625,30,,,0,76,2,616,30,,,0,34,2,624,30,,,0,75,2,620,30,,,0,107,2,632,30,,,0,105,2,635,30,,,0,105,2,634,30,,,0,105,2,633,30,,,0,105,2,631,30,,,0
401,'Samedi',633,2,637,30,,,0,105,2,638,30,,,0,104,2,639,30,,,0,105,2,640,30,,,0,105,2,641,30,,,0,105,2,642,30,,,0,145,2,643,30,,,0,105,2,644,30,,,0,105,2,645,30,,,0,105,2,646,30,,,0,105,2,647,30,,,0,105,2,648,30,,,0,105,2,649,30,,,0,105,2,650,30,,,0,106,2,651,30,,,0,105,2,652,30,,,0,105,2,653,30,,,0
500,'CsRoyOff',638,,654,29,,,0,77,,663,29,,,0,26,,681,29,,,0,15,,671,29,,,0,75,,668,29,,,0,75,,659,29,,,0,35,,655,29,,,0,75,,664,29,,,0,35,,672,29,,,0,75,,667,29,,,0,75,,660,29,,,0,35,,656,29,,,0,75,,665,29,,,0,35,,673,29,,,0,75,,670,29,,,0,35,,661,29,,,0,80,,657,29,,,0,78,,666,29,,,0,36,,674,29,,,0,75,,669,29,,,0,75,,662,29,,,0,33,,658,29,,,0,75,,680,29,,,0,105,,679,29,,,0,105,,678,29,,,0,105,,677,29,,,0,105,,676,29,,,0,105,,675,29,,,0
500,'CsRoyOffKerOff',638,,682,29,,,0,77,,691,29,,,0,26,,709,29,,,0,15,,699,29,,,0,75,,696,29,,,0,75,,687,29,,,0,35,,683,29,,,0,75,,692,29,,,0,35,,700,29,,,0,75,,695,29,,,0,75,,688,29,,,0,35,,684,29,,,0,75,,693,29,,,0,35,,701,29,,,0,75,,698,29,,,0,35,,689,29,,,0,80,,685,29,,,0,78,,694,29,,,0,36,,702,29,,,0,75,,697,29,,,0,75,,690,29,,,0,33,,686,29,,,0,75,,708,29,,,0,105,,707,29,,,0,105,,706,29,,,0,105,,705,29,,,0,105,,704,29,,,0,105,,703,29,,,0
500,'Dimanche',938,,712,29,,,0,105,,715,29,,,0,105,,714,29,,,0,105,,716,29,,,0,147,,717,29,,,0,105,,718,29,,,0,105,,719,29,,,0,105,,713,29,,,0,105,,710,29,,,0,103,,711,29,,,0
500,'EventOff',638,,720,29,,,0,77,,729,29,,,0,26,,747,29,,,0,15,,737,29,,,0,75,,734,29,,,0,75,,725,29,,,0,35,,721,29,,,0,75,,730,29,,,0,35,,738,29,,,0,75,,733,29,,,0,75,,726,29,,,0,35,,722,29,,,0,75,,731,29,,,0,35,,739,29,,,0,75,,736,29,,,0,35,,727,29,,,0,80,,723,29,,,0,78,,732,29,,,0,36,,740,29,,,0,75,,735,29,,,0,75,,728,29,,,0,33,,724,29,,,0,75,,746,29,,,0,105,,745,29,,,0,105,,744,29,,,0,105,,743,29,,,0,105,,742,29,,,0,105,,741,29,,,0
500,'EventOn',638,,748,29,,,0,77,,757,29,,,0,26,,775,29,,,0,15,,765,29,,,0,75,,762,29,,,0,75,,753,29,,,0,35,,749,29,,,0,75,,758,29,,,0,35,,766,29,,,0,75,,761,29,,,0,75,,754,29,,,0,35,,750,29,,,0,75,,759,29,,,0,35,,767,29,,,0,75,,764,29,,,0,35,,755,29,,,0,80,,751,29,,,0,78,,760,29,,,0,12,,776,29,,,0,24,,768,29,,,0,75,,763,29,,,0,75,,756,29,,,0,33,,752,29,,,0,75,,774,29,,,0,105,,773,29,,,0,105,,772,29,,,0,105,,771,29,,,0,105,,770,29,,,0,105,,769,29,,,0
500,'KerOffPriveOff',638,,777,29,,,0,77,,786,29,,,0,26,,804,29,,,0,15,,794,29,,,0,75,,791,29,,,0,75,,782,29,,,0,35,,778,29,,,0,75,,787,29,,,0,35,,795,29,,,0,75,,790,29,,,0,75,,783,29,,,0,35,,779,29,,,0,75,,788,29,,,0,35,,796,29,,,0,75,,793,29,,,0,35,,784,29,,,0,80,,780,29,,,0,78,,789,29,,,0,12,,805,29,,,0,24,,797,29,,,0,75,,792,29,,,0,75,,785,29,,,0,33,,781,29,,,0,75,,803,29,,,0,105,,802,29,,,0,105,,801,29,,,0,105,,800,29,,,0,105,,799,29,,,0,105,,798,29,,,0
500,'Samedi',708,,817,29,,,0,105,,806,29,,,0,105,,812,29,,,0,105,,818,29,,,0,105,,807,29,,,0,105,,813,29,,,0,107,,819,29,,,0,105,,808,29,,,0,105,,814,29,,,0,105,,820,29,,,0,145,,809,29,,,0,103,,815,29,,,0,105,,821,29,,,0,105,,810,29,,,0,105,,816,29,,,0,105,,822,29,,,0,105,,811,29,,,0
600,'CsRoyOff',632,,1014,31,,,0,27,,1003,41,,,0,82,,995,41,,,0,75,,988,41,,,0,32,,999,41,,,0,73,,1005,41,,,0,35,,994,41,,,0,76,,996,41,,,0,75,,989,41,,,0,36,,1000,41,,,0,75,,1006,41,,,0,35,,992,41,,,0,75,,997,41,,,0,75,,990,41,,,0,36,,1001,41,,,0,76,,1007,41,,,0,40,,1004,41,,,0,76,,998,41,,,0,79,,991,41,,,0,32,,1002,41,,,0,75,,1008,41,,,0,34,,993,41,,,0,107,,1010,41,,,0,101,,1013,41,,,0,145,,1012,41,,,0,107,,1011,41,,,0,103,,1009,41,,,0
600,'CsRoyOffKerOff',632,,1042,31,,,0,27,,1031,41,,,0,82,,1023,41,,,0,75,,1016,41,,,0,32,,1027,41,,,0,73,,1033,41,,,0,35,,1022,41,,,0,76,,1024,41,,,0,75,,1017,41,,,0,36,,1028,41,,,0,75,,1034,41,,,0,35,,1020,41,,,0,75,,1025,41,,,0,75,,1018,41,,,0,36,,1029,41,,,0,76,,1035,41,,,0,40,,1032,41,,,0,76,,1026,41,,,0,79,,1019,41,,,0,32,,1030,41,,,0,75,,1036,41,,,0,34,,1021,41,,,0,107,,1038,41,,,0,101,,1041,41,,,0,145,,1040,41,,,0,107,,1039,41,,,0,103,,1037,41,,,0
600,'Dimanche',918,,1044,41,,,0,105,,1047,41,,,0,106,,1046,41,,,0,106,,1048,41,,,0,105,,1049,41,,,0,105,,1050,41,,,0,105,,1051,41,,,0,105,,1052,41,,,0,145,,1043,41,,,0,103,,1045,41,,,0
600,'EventOff',632,,1079,31,,,0,27,,1068,41,,,0,82,,1060,41,,,0,75,,1053,41,,,0,32,,1064,41,,,0,73,,1070,41,,,0,35,,1059,41,,,0,76,,1061,41,,,0,75,,1054,41,,,0,36,,1065,41,,,0,75,,1071,41,,,0,35,,1057,41,,,0,75,,1062,41,,,0,75,,1055,41,,,0,36,,1066,41,,,0,76,,1072,41,,,0,40,,1069,41,,,0,76,,1063,41,,,0,79,,1056,41,,,0,32,,1067,41,,,0,75,,1073,41,,,0,34,,1058,41,,,0,107,,1075,41,,,0,101,,1078,41,,,0,145,,1077,41,,,0,107,,1076,41,,,0,103,,1074,41,,,0
600,'EventOn',632,,1106,31,,,0,27,,1095,41,,,0,82,,1087,41,,,0,75,,1108,31,,,0,32,,1091,41,,,0,73,,1097,41,,,0,35,,1086,41,,,0,76,,1088,41,,,0,75,,1081,41,,,0,36,,1092,41,,,0,75,,1098,41,,,0,35,,1084,41,,,0,75,,1089,41,,,0,75,,1082,41,,,0,36,,1093,41,,,0,76,,1099,41,,,0,40,,1096,41,,,0,76,,1090,41,,,0,79,,1083,41,,,0,32,,1094,41,,,0,75,,1100,41,,,0,34,,1085,41,,,0,107,,1102,41,,,0,101,,1105,41,,,0,145,,1104,41,,,0,107,,1103,41,,,0,103,,1101,41,,,0
600,'KerOffPriveOff',632,,1135,31,,,0,27,,1124,41,,,0,82,,1116,41,,,0,75,,1136,31,,,0,32,,1120,41,,,0,73,,1126,41,,,0,35,,1115,41,,,0,76,,1117,41,,,0,75,,1110,41,,,0,36,,1121,41,,,0,75,,1127,41,,,0,35,,1113,41,,,0,75,,1118,41,,,0,75,,1111,41,,,0,36,,1122,41,,,0,76,,1128,41,,,0,40,,1125,41,,,0,76,,1119,41,,,0,79,,1112,41,,,0,32,,1123,41,,,0,75,,1129,41,,,0,34,,1114,41,,,0,107,,1131,41,,,0,101,,1134,41,,,0,145,,1133,41,,,0,107,,1132,41,,,0,103,,1130,41,,,0
600,'Samedi',651,,1137,41,,,0,103,,1146,41,,,0,105,,1138,41,,,0,147,,1147,41,,,0,105,,1139,41,,,0,105,,1148,41,,,0,105,,1140,41,,,0,105,,1149,41,,,0,105,,1141,41,,,0,105,,1150,41,,,0,105,,1142,41,,,0,104,,1151,41,,,0,104,,1143,41,,,0,105,,1152,41,,,0,105,,1144,41,,,0,145,,1153,41,,,0,105,,1145,41,,,0
901,'CsRoyOff',633,,1744,44,,,0,25,,1758,44,,,0,79,,1745,44,,,0,78,,1757,44,,,0,34,,1746,44,,,0,75,,1759,44,,,0,35,,1747,44,,,0,150,,1748,44,,,0,111,,1749,44,,,0,109,,1750,44,,,0,114,,1751,44,,,0,76,,1756,44,,,0,35,,1752,44,,,0,79,,1755,44,,,0,77,,1753,44,,,0,37,,1760,44,,,0,74,,1754,44,,,0,110,,1761,44,,,0
901,'CsRoyOffKerOff',633,,1764,44,,,0,25,,1778,44,,,0,79,,1765,44,,,0,78,,1777,44,,,0,34,,1766,44,,,0,75,,1779,44,,,0,35,,1767,44,,,0,150,,1768,44,,,0,111,,1769,44,,,0,109,,1770,44,,,0,114,,1771,44,,,0,76,,1776,44,,,0,35,,1772,44,,,0,79,,1775,44,,,0,77,,1773,44,,,0,37,,1780,44,,,0,74,,1774,44,,,0,110,,1781,44,,,0
901,'EventOff',633,,1783,44,,,0,25,,1797,44,,,0,79,,1784,44,,,0,78,,1796,44,,,0,34,,1785,44,,,0,75,,1798,44,,,0,35,,1786,44,,,0,150,,1787,44,,,0,111,,1788,44,,,0,109,,1789,44,,,0,114,,1790,44,,,0,76,,1795,44,,,0,35,,1791,44,,,0,79,,1794,44,,,0,77,,1792,44,,,0,37,,1799,44,,,0,74,,1793,44,,,0,110,,1800,44,,,0
901,'EventOn',633,,1801,44,,,0,25,,1815,44,,,0,79,,1802,44,,,0,78,,1814,44,,,0,34,,1803,44,,,0,75,,1816,44,,,0,35,,1804,44,,,0,150,,1805,44,,,0,111,,1806,44,,,0,109,,1807,44,,,0,114,,1808,44,,,0,76,,1813,44,,,0,35,,1809,44,,,0,79,,1812,44,,,0,77,,1810,44,,,0,37,,1817,44,,,0,74,,1811,44,,,0,110,,1818,44,,,0
901,'KerOffPriveOff',633,,1821,44,,,0,25,,1835,44,,,0,79,,1822,44,,,0,78,,1834,44,,,0,34,,1823,44,,,0,75,,1836,44,,,0,35,,1824,44,,,0,150,,1825,44,,,0,111,,1826,44,,,0,109,,1827,44,,,0,114,,1828,44,,,0,76,,1833,44,,,0,35,,1829,44,,,0,79,,1832,44,,,0,77,,1830,44,,,0,37,,1837,44,,,0,74,,1831,44,,,0,110,,1838,44,,,0
1301,'CsRoyOff',633,,2899,33,,,0,80,,2905,33,,,0,34,,2894,33,,,0,80,,2910,33,,,0,73,41,2900,33,,,0,34,,2906,33,,,0,74,,2895,33,,,0,35,,2911,33,,,0,78,,2901,33,,,0,34,,2907,33,,,0,75,,2896,33,,,0,75,,2912,33,,,0,34,,2902,33,,,0,75,,2908,33,,,0,38,,2897,33,,,0,80,,2913,33,,,0,23,,2920,35,0,7 8,0,54,,2903,33,,,0,37,,2909,33,,,0,77,,2898,33,,,0,35,,2914,33,,,0,74,,2904,33,,,0,106,,2915,33,,,0,104,,2919,33,,,0,105,,2918,33,,,0,105,,2917,33,,,0,105,,2916,33,,,0
1301,'CsRoyOffKerOff',633,,2926,33,,,0,80,,2932,33,,,0,34,,2921,33,,,0,80,,2937,33,,,0,73,41,2927,33,,,0,34,,2933,33,,,0,74,,2922,33,,,0,35,,2938,33,,,0,78,,2928,33,,,0,34,,2934,33,,,0,75,,2923,33,,,0,75,,2939,33,,,0,34,,2929,33,,,0,75,,2935,33,,,0,38,,2924,33,,,0,80,,2940,33,,,0,77,,2930,33,,,0,37,,2936,33,,,0,77,,2925,33,,,0,35,,2941,33,,,0,74,,2931,33,,,0,106,,2942,33,,,0,104,,2946,33,,,0,105,,2945,33,,,0,105,,2944,33,,,0,105,,2943,33,,,0
1301,'Dimanche',900,41,2948,33,,,0,105,,2949,33,,,0,106,,2950,33,,,0,106,,2953,33,,,0,105,,2952,33,,,0,105,,2954,33,,,0,104,,2955,33,,,0,105,,2956,33,,,0,105,,2951,33,,,0,105,,2947,33,,,0
1301,'EventOff',633,,2962,33,,,0,80,,2968,33,,,0,34,,2957,33,,,0,80,,2973,33,,,0,73,41,2963,33,,,0,34,,2969,33,,,0,74,,2958,33,,,0,35,,2974,33,,,0,78,,2964,33,,,0,34,,2970,33,,,0,75,,2959,33,,,0,75,,2975,33,,,0,34,,2965,33,,,0,75,,2971,33,,,0,38,,2960,33,,,0,80,,2976,33,,,0,77,,2966,33,,,0,37,,2972,33,,,0,77,,2961,33,,,0,35,,2977,33,,,0,74,,2967,33,,,0,106,,2978,33,,,0,104,,2982,33,,,0,105,,2981,33,,,0,105,,2980,33,,,0,105,,2979,33,,,0
1301,'EventOn',633,,2988,33,,,0,80,,2994,33,,,0,34,,2983,33,,,0,56,,3010,1,,,0,24,,2999,33,,,0,73,41,2989,33,,,0,34,,2995,33,,,0,74,,2984,33,,,0,35,,3000,33,,,0,78,,2990,33,,,0,34,,2996,33,,,0,75,,2985,33,,,0,75,,3001,33,,,0,34,,2991,33,,,0,75,,2997,33,,,0,38,,2986,33,,,0,80,,3002,33,,,0,23,,3011,35,0,7 8,0,54,,2992,33,,,0,37,,2998,33,,,0,77,,2987,33,,,0,35,,3003,33,,,0,74,,2993,33,,,0,106,,3004,33,,,0,104,,3008,33,,,0,105,,3007,33,,,0,105,,3006,33,,,0,105,,3005,33,,,0
1301,'KerOffPriveOff',633,,3017,33,,,0,80,,3023,33,,,0,34,,3012,33,,,0,56,,3039,1,,,0,24,,3028,33,,,0,73,41,3018,33,,,0,34,,3024,33,,,0,74,,3013,33,,,0,35,,3029,33,,,0,78,,3019,33,,,0,34,,3025,33,,,0,75,,3014,33,,,0,75,,3030,33,,,0,34,,3020,33,,,0,75,,3026,33,,,0,38,,3015,33,,,0,80,,3031,33,,,0,77,,3021,33,,,0,37,,3027,33,,,0,77,,3016,33,,,0,35,,3032,33,,,0,74,,3022,33,,,0,106,,3033,33,,,0,104,,3037,33,,,0,105,,3036,33,,,0,105,,3035,33,,,0,105,,3034,33,,,0
1301,'Samedi',632,,3040,33,,,0,103,,3049,33,,,0,105,,3041,33,,,0,106,,3050,33,,,0,107,,3042,33,,,0,105,,3051,33,,,0,145,,3043,33,,,0,105,,3052,33,,,0,105,,3044,33,,,0,105,,3053,33,,,0,105,,3045,33,,,0,104,,3054,33,,,0,104,,3046,33,,,0,105,,3055,33,,,0,104,,3047,33,,,0,105,,3056,33,,,0,105,,3048,33,,,0
1401,'CsRoyOff',716,,3096,24,,,0,100,,3097,24,,,0,100,,3095,24,,,0,686,,3094,30,,,0,100,,3093,30,,,0,99,,3092,30,,,0
1401,'CsRoyOffKerOff',716,,3102,24,,,0,100,,3103,24,,,0,100,,3101,24,,,0,686,,3100,30,,,0,100,,3099,30,,,0,99,,3098,30,,,0
1401,'EventOff',716,,3108,24,,,0,100,,3109,24,,,0,100,,3107,24,,,0,686,,3106,30,,,0,100,,3105,30,,,0,99,,3104,30,,,0
1401,'EventOn',716,,3114,24,,,0,100,,3115,24,,,0,100,,3113,24,,,0,686,,3112,30,,,0,100,,3111,30,,,0,99,,3110,30,,,0
1401,'KerOffPriveOff',716,,3120,24,,,0,100,,3121,24,,,0,100,,3119,24,,,0,686,,3118,30,,,0,100,,3117,30,,,0,99,,3116,30,,,0
1601,'CsRoyOff',643,,3244,34,,,0,116,,3229,34,,,0,150,,3230,34,,,0,110,,3231,34,,,0,110,,3232,34,,,0,110,,3233,34,,,0,110,,3234,34,,,0,110,,3235,34,,,0,155,,3236,34,,,0,116,,3237,34,,,0,109,,3238,34,,,0,107,,3239,34,,,0,100,,3240,34,,,0,105,,3241,34,,,0,105,,3243,34,,,0,145,,3242,34,,,0
1601,'CsRoyOffKerOff',643,,3260,34,,,0,116,,3245,34,,,0,150,,3246,34,,,0,110,,3247,34,,,0,110,,3248,34,,,0,110,,3249,34,,,0,110,,3250,34,,,0,110,,3251,34,,,0,155,,3252,34,,,0,116,,3253,34,,,0,109,,3254,34,,,0,107,,3255,34,,,0,100,,3256,34,,,0,105,,3257,34,,,0,105,,3259,34,,,0,145,,3258,34,,,0
1601,'Dimanche',907,,3269,34,,,0,105,,3262,34,,,0,105,,3263,34,,,0,105,,3264,34,,,0,105,,3265,34,,,0,106,,3266,34,,,0,106,,3267,34,,,0,105,,3268,34,,,0,104,,3261,34,,,0,105,,3270,34,,,0
1601,'EventOff',643,,3286,34,,,0,116,,3271,34,,,0,150,,3272,34,,,0,110,,3273,34,,,0,110,,3274,34,,,0,110,,3275,34,,,0,110,,3276,34,,,0,110,,3277,34,,,0,155,,3278,34,,,0,116,,3279,34,,,0,109,,3280,34,,,0,107,,3281,34,,,0,100,,3282,34,,,0,105,,3283,34,,,0,105,,3285,34,,,0,145,,3284,34,,,0
1601,'EventOn',643,,3302,34,,,0,116,,3287,34,,,0,150,,3288,34,,,0,110,,3289,34,,,0,110,,3290,34,,,0,110,,3291,34,,,0,110,,3292,34,,,0,110,,3293,34,,,0,155,,3294,34,,,0,116,,3295,34,,,0,109,,3296,34,,,0,107,,3297,34,,,0,100,,3298,34,,,0,105,,3299,34,,,0,105,,3301,34,,,0,145,,3300,34,,,0
1601,'KerOffPriveOff',643,,3318,34,,,0,116,,3303,34,,,0,150,,3304,34,,,0,110,,3305,34,,,0,110,,3306,34,,,0,110,,3307,34,,,0,110,,3308,34,,,0,110,,3309,34,,,0,155,,3310,34,,,0,116,,3311,34,,,0,109,,3312,34,,,0,107,,3313,34,,,0,100,,3314,34,,,0,105,,3315,34,,,0,105,,3317,34,,,0,145,,3316,34,,,0
1601,'Samedi',637,,3334,34,,,0,105,,3335,34,,,0,105,,3327,34,,,0,105,,3319,34,,,0,105,,3320,34,,,0,145,,3321,34,,,0,105,,3322,34,,,0,105,,3323,34,,,0,105,,3324,34,,,0,105,,3325,34,,,0,106,,3326,34,,,0,105,,3328,34,,,0,105,,3329,34,,,0,105,,3330,34,,,0,105,,3331,34,,,0,105,,3332,34,,,0,105,,3333,34,,,0
2501,'CsRoyOff',630,,3731,22,,,0,74,,3733,22,,,0,40,,3732,22,,,0,77,,3734,22,,,0,33,,3752,22,,,0,74,,3735,22,,,0,75,,3736,22,,,0,35,,3737,22,,,0,75,,3738,22,,,0,35,,3739,22,,,0,75,,3740,22,,,0,35,,3741,22,,,0,75,,3742,22,,,0,75,,3743,22,,,0,35,,3744,22,,,0,78,,3745,22,,,0,19,,3758,17,4,,0,60,41,3746,22,,,0,38,,3747,22,,,0,76,,3748,22,,,0,35,,3749,22,,,0,75,,3750,22,,,0,33,,3751,22,,,0,75,,3753,22,,,0,104,,3754,22,,,0,105,,3755,22,,,0,105,,3756,22,,,0,105,,3757,22,,,0
2501,'CsRoyOffKerOff',630,,3759,22,,,0,74,,3761,22,,,0,40,,3760,22,,,0,77,,3762,22,,,0,33,,3780,22,,,0,74,,3763,22,,,0,75,,3764,22,,,0,35,,3765,22,,,0,75,,3766,22,,,0,35,,3767,22,,,0,75,,3768,22,,,0,35,,3769,22,,,0,75,,3770,22,,,0,75,,3771,22,,,0,35,,3772,22,,,0,78,,3773,22,,,0,79,41,3774,22,,,0,38,,3775,22,,,0,76,,3776,22,,,0,35,,3777,22,,,0,75,,3778,22,,,0,33,,3779,22,,,0,75,,3781,22,,,0,104,,3782,22,,,0,105,,3783,22,,,0,105,,3784,22,,,0,105,,3785,22,,,0
2501,'Dimanche',856,,3788,22,,,0,145,,3789,22,,,0,105,,3790,22,,,0,105,,3791,22,,,0,105,,3792,22,,,0,105,,3793,22,,,0,105,,3794,22,,,0,105,,3795,22,,,0,105,,3787,22,,,0,105,,3786,22,,,0
2501,'EventOff',630,,3796,22,,,0,74,,3798,22,,,0,40,,3797,22,,,0,77,,3799,22,,,0,33,,3817,22,,,0,74,,3800,22,,,0,75,,3801,22,,,0,35,,3802,22,,,0,75,,3803,22,,,0,35,,3804,22,,,0,75,,3805,22,,,0,35,,3806,22,,,0,75,,3807,22,,,0,75,,3808,22,,,0,35,,3809,22,,,0,78,,3810,22,,,0,79,41,3811,22,,,0,38,,3812,22,,,0,76,,3813,22,,,0,35,,3814,22,,,0,75,,3815,22,,,0,33,,3816,22,,,0,75,,3818,22,,,0,104,,3819,22,,,0,105,,3820,22,,,0,105,,3821,22,,,0,105,,3822,22,,,0
2501,'EventOn',630,,3823,22,,,0,74,,3825,22,,,0,31,,3850,22,0,9,0,9,,3824,22,,,0,12,,3851,22,0,10,0,65,,3826,22,,,0,33,,3844,22,,,0,74,,3827,22,,,0,75,,3828,22,,,0,35,,3829,22,,,0,75,,3830,22,,,0,35,,3831,22,,,0,75,,3832,22,,,0,35,,3833,22,,,0,75,,3834,22,,,0,75,,3835,22,,,0,35,,3836,22,,,0,78,,3837,22,,,0,19,,3852,17,4,,0,60,41,3838,22,,,0,38,,3839,22,,,0,76,,3840,22,,,0,35,,3841,22,,,0,75,,3842,22,,,0,33,,3843,22,,,0,75,,3845,22,,,0,104,,3846,22,,,0,105,,3847,22,,,0,105,,3848,22,,,0,105,,3849,22,,,0
2501,'KerOffPriveOff',630,,3853,22,,,0,74,,3855,22,,,0,31,,3880,22,0,9,0,9,,3854,22,,,0,12,,3881,22,0,10,0,65,,3856,22,,,0,33,,3874,22,,,0,74,,3857,22,,,0,75,,3858,22,,,0,35,,3859,22,,,0,75,,3860,22,,,0,35,,3861,22,,,0,75,,3862,22,,,0,35,,3863,22,,,0,75,,3864,22,,,0,75,,3865,22,,,0,35,,3866,22,,,0,78,,3867,22,,,0,79,41,3868,22,,,0,38,,3869,22,,,0,76,,3870,22,,,0,35,,3871,22,,,0,75,,3872,22,,,0,33,,3873,22,,,0,75,,3875,22,,,0,104,,3876,22,,,0,105,,3877,22,,,0,105,,3878,22,,,0,105,,3879,22,,,0
2501,'Samedi',626,,3893,22,,,0,104,,3882,22,,,0,105,,3888,22,,,0,105,,3894,22,,,0,105,,3883,22,,,0,105,,3889,22,,,0,105,,3895,22,,,0,146,,3884,22,,,0,105,,3890,22,,,0,105,,3896,22,,,0,105,,3885,22,,,0,104,,3891,22,,,0,105,,3897,22,,,0,105,,3886,22,,,0,105,,3892,22,,,0,105,,3898,22,,,0,105,,3887,22,,,0
2601,'CsRoyOff',635,,4063,2,,,0,80,,4064,2,,,0,35,,4065,2,,,0,75,,4066,2,,,0,75,,4067,2,,,0,35,,4068,2,,,0,75,,4069,2,,,0,35,,4070,2,,,0,75,,4071,2,,,0,35,,4072,2,,,0,75,,4073,2,,,0,72,,4074,2,,,0,38,,4075,2,,,0,75,,4076,2,,,0,40,,4077,2,,,0,75,,4078,2,,,0,78,,4079,2,,,0,37,,4080,2,,,0,75,,4081,2,,,0,35,,4082,2,,,0,75,,4083,2,,,0,75,,4084,2,,,0,130,,4088,2,,,0,105,,4087,2,,,0,105,,4086,2,,,0,105,,4085,2,,,0
2601,'CsRoyOffKerOff',635,,4089,2,,,0,80,,4090,2,,,0,35,,4091,2,,,0,75,,4092,2,,,0,75,,4093,2,,,0,35,,4094,2,,,0,75,,4095,2,,,0,35,,4096,2,,,0,75,,4097,2,,,0,35,,4098,2,,,0,75,,4099,2,,,0,72,,4100,2,,,0,38,,4101,2,,,0,75,,4102,2,,,0,40,,4103,2,,,0,75,,4104,2,,,0,78,,4105,2,,,0,37,,4106,2,,,0,75,,4107,2,,,0,35,,4108,2,,,0,75,,4109,2,,,0,75,,4110,2,,,0,130,,4114,2,,,0,105,,4113,2,,,0,105,,4112,2,,,0,105,,4111,2,,,0
2601,'Dimanche',1000,,4117,2,,,0,105,,4119,2,,,0,105,,4120,2,,,0,105,,4118,2,,,0,105,,4121,2,,,0,105,,4122,2,,,0,105,,4123,2,,,0,105,,4116,2,,,0,105,,4115,2,,,0
2601,'EventOff',635,,4124,2,,,0,80,,4125,2,,,0,35,,4126,2,,,0,75,,4127,2,,,0,75,,4128,2,,,0,35,,4129,2,,,0,75,,4130,2,,,0,35,,4131,2,,,0,75,,4132,2,,,0,35,,4133,2,,,0,75,,4134,2,,,0,72,,4135,2,,,0,38,,4136,2,,,0,75,,4137,2,,,0,40,,4138,2,,,0,75,,4139,2,,,0,78,,4140,2,,,0,37,,4141,2,,,0,75,,4142,2,,,0,35,,4143,2,,,0,75,,4144,2,,,0,75,,4145,2,,,0,130,,4149,2,,,0,105,,4148,2,,,0,105,,4147,2,,,0,105,,4146,2,,,0
2601,'EventOn',635,,4150,2,,,0,80,,4151,2,,,0,35,,4152,2,,,0,75,,4153,2,,,0,75,,4154,2,,,0,35,,4155,2,,,0,75,,4156,2,,,0,35,,4157,2,,,0,75,,4158,2,,,0,35,,4159,2,,,0,75,,4160,2,,,0,72,,4161,2,,,0,38,,4162,2,,,0,75,,4163,2,,,0,40,,4164,2,,,0,75,,4165,2,,,0,78,,4166,2,,,0,37,,4167,2,,,0,75,,4168,2,,,0,35,,4169,2,,,0,75,,4170,2,,,0,75,,4171,2,,,0,130,,4175,2,,,0,105,,4174,2,,,0,105,,4173,2,,,0,105,,4172,2,,,0
2601,'KerOffPriveOff',635,,4176,2,,,0,80,,4177,2,,,0,35,,4178,2,,,0,75,,4179,2,,,0,75,,4180,2,,,0,35,,4181,2,,,0,75,,4182,2,,,0,35,,4183,2,,,0,75,,4184,2,,,0,35,,4185,2,,,0,75,,4186,2,,,0,72,,4187,2,,,0,38,,4188,2,,,0,75,,4189,2,,,0,40,,4190,2,,,0,75,,4191,2,,,0,78,,4192,2,,,0,37,,4193,2,,,0,75,,4194,2,,,0,35,,4195,2,,,0,75,,4196,2,,,0,75,,4197,2,,,0,130,,4201,2,,,0,105,,4200,2,,,0,105,,4199,2,,,0,105,,4198,2,,,0
2601,'Samedi',730,,4209,2,,,0,105,,4208,2,,,0,105,,4207,2,,,0,105,,4206,2,,,0,105,,4214,2,,,0,105,,4213,2,,,0,145,,4212,2,,,0,105,,4211,2,,,0,105,,4210,2,,,0,105,,4215,2,,,0,105,,4216,2,,,0,105,,4217,2,,,0,105,,4202,2,,,0,105,,4203,2,,,0,105,,4204,2,,,0,105,,4205,2,,,0
6000,'CsRoyOff',620,,4484,2,,,0,82,,4474,2,,,0,29,,4485,2,,,0,81,,4475,2,,,0,36,,4486,2,,,0,74,,4476,2,,,0,36,,4487,2,,,0,74,,4477,2,,,0,75,,4488,2,,,0,32,,4478,2,,,0,77,,4489,2,,,0,35,,4479,2,,,0,68,,4490,2,,,0,37,,4501,2,,,0,65,,4480,2,,,0,80,,4491,2,,,0,37,,4481,2,,,0,78,,4492,2,,,0,35,,4482,2,,,0,76,,4493,2,,,0,75,,4483,2,,,0,35,,4494,2,,,0,78,,4495,2,,,0,105,,4500,2,,,0,105,,4499,2,,,0,105,,4498,2,,,0,105,,4496,2,,,0,101,,4497,2,0,14 15,0
6000,'CsRoyOffKerOff',620,,4513,2,,,0,82,,4503,2,,,0,29,,4514,2,,,0,81,,4504,2,,,0,36,,4515,2,,,0,74,,4505,2,,,0,36,,4516,2,,,0,74,,4506,2,,,0,75,,4517,2,,,0,32,,4507,2,,,0,77,,4518,2,,,0,35,,4508,2,,,0,68,,4519,2,,,0,37,,4530,2,,,0,65,,4509,2,,,0,80,,4520,2,,,0,37,,4510,2,,,0,78,,4521,2,,,0,35,,4511,2,,,0,76,,4522,2,,,0,75,,4512,2,,,0,35,,4523,2,,,0,78,,4524,2,,,0,105,,4529,2,,,0,105,,4528,2,,,0,105,,4527,2,,,0,105,,4525,2,,,0,101,,4526,2,0,14 15,0
6000,'Dimanche',842,,4531,2,,,0,105,,4532,2,,,0,104,,4534,2,,,0,107,,4536,2,,,0,144,,4537,2,,,0,104,,4538,2,,,0,105,,4539,2,,,0,104,,4540,2,,,0,106,,4535,2,,,0,105,,4533,2,,,0
6000,'EventOff',620,,4552,2,,,0,82,,4542,2,,,0,29,,4553,2,,,0,81,,4543,2,,,0,36,,4554,2,,,0,74,,4544,2,,,0,36,,4555,2,,,0,74,,4545,2,,,0,75,,4556,2,,,0,32,,4546,2,,,0,77,,4557,2,,,0,35,,4547,2,,,0,68,,4558,2,,,0,37,,4569,2,,,0,65,,4548,2,,,0,80,,4559,2,,,0,37,,4549,2,,,0,78,,4560,2,,,0,35,,4550,2,,,0,76,,4561,2,,,0,75,,4551,2,,,0,35,,4562,2,,,0,78,,4563,2,,,0,105,,4568,2,,,0,105,,4567,2,,,0,105,,4566,2,,,0,105,,4564,2,,,0,101,,4565,2,0,14 15,0
6000,'EventOn',620,,4581,2,,,0,82,,4571,2,,,0,29,,4582,2,,,0,81,,4572,2,,,0,9,,4599,2,0,9,0,27,,4583,2,,,0,74,,4573,2,,,0,36,,4584,2,,,0,74,,4574,2,,,0,75,,4585,2,,,0,32,,4575,2,,,0,77,,4586,2,,,0,35,,4576,2,,,0,68,,4587,2,,,0,37,,4598,2,,,0,65,,4577,2,,,0,80,,4588,2,,,0,37,,4578,2,,,0,78,,4589,2,,,0,35,,4579,2,,,0,76,,4590,2,,,0,75,,4580,2,,,0,35,,4591,2,,,0,78,,4592,2,,,0,105,,4597,2,,,0,105,,4596,2,,,0,105,,4595,2,,,0,105,,4593,2,,,0,101,,4594,2,0,14 15,0
6000,'KerOffPriveOff',620,,4613,2,,,0,82,,4603,2,,,0,29,,4614,2,,,0,81,,4604,2,,,0,9,,4631,2,0,9,0,27,,4615,2,,,0,74,,4605,2,,,0,36,,4616,2,,,0,74,,4606,2,,,0,75,,4617,2,,,0,32,,4607,2,,,0,77,,4618,2,,,0,35,,4608,2,,,0,68,,4619,2,,,0,37,,4630,2,,,0,65,,4609,2,,,0,80,,4620,2,,,0,37,,4610,2,,,0,78,,4621,2,,,0,35,,4611,2,,,0,76,,4622,2,,,0,75,,4612,2,,,0,35,,4623,2,,,0,78,,4624,2,,,0,105,,4629,2,,,0,105,,4628,2,,,0,105,,4627,2,,,0,105,,4625,2,,,0,101,,4626,2,0,14 15,0
6000,'Samedi',612,,4639,2,,,0,104,,4645,2,,,0,105,,4634,2,,,0,105,,4640,2,,,0,106,,4646,2,,,0,105,,4635,2,,,0,105,,4641,2,,,0,106,,4647,2,,,0,104,,4636,2,,,0,105,,4642,2,,,0,144,,4648,2,,,0,105,,4637,2,,,0,105,,4643,2,,,0,105,,4649,2,,,0,105,,4638,2,,,0,105,,4644,2,,,0,105,,4650,2,,,0,100,,4651,2,0,14 15,0
111800500,'CsRoyOff',1541,,4937,1,,,0
111800500,'CsRoyOffKerOff',1541,,4938,1,,,0
111800500,'EventOn',1541,,4940,1,,,0
160900101,'EventOn',752,,4948,22,,,0
160900101,'KerOffPriveOff',752,,4949,22,,,0
