900,'CsRoyOff',650,,1654,15,0,20,0,80,,1668,15,0,20,0,75,,1655,15,0,20,0,36,,1665,15,0,20,0,75,,1656,15,0,20,0,35,,1669,15,0,20,0,75,,1657,15,0,20,0,111,,1658,15,0,20,0,110,,1659,15,0,20,0,111,,1660,15,0,20,0,75,,1666,15,0,20,0,76,,1661,15,0,20,0,39,,1667,15,0,20,0,62,,1672,3,0,5,0,2,,1671,6,,,0,13,,1662,15,0,20,0,77,,1670,15,0,20,0,36,,1663,15,0,20,0,107,,1664,15,0,20,0
900,'CsRoyOffKerOff',650,,1673,15,0,20,0,80,,1687,15,0,20,0,75,,1674,15,0,20,0,36,,1684,15,0,20,0,75,,1675,15,0,20,0,35,,1688,15,0,20,0,75,,1676,15,0,20,0,111,,1677,15,0,20,0,110,,1678,15,0,20,0,111,,1679,15,0,20,0,75,,1685,15,0,20,0,76,,1680,15,0,20,0,39,,1686,15,0,20,0,62,,1690,3,0,5,0,15,,1681,15,0,20,0,77,,1689,15,0,20,0,36,,1682,15,0,20,0,107,,1683,15,0,20,0
900,'EventOff',650,,1691,15,0,20,0,80,,1705,15,0,20,0,75,,1692,15,0,20,0,36,,1702,15,0,20,0,75,,1693,15,0,20,0,35,,1706,15,0,20,0,75,,1694,15,0,20,0,111,,1695,15,0,20,0,110,,1696,15,0,20,0,111,,1697,15,0,20,0,75,,1703,15,0,20,0,76,,1698,15,0,20,0,39,,1704,15,0,20,0,77,,1699,15,0,20,0,77,,1707,15,0,20,0,36,,1700,15,0,20,0,107,,1701,15,0,20,0
900,'EventOn',650,,1708,15,0,20,0,80,,1722,15,0,20,0,75,,1709,15,0,20,0,36,,1719,15,0,20,0,75,,1710,15,0,20,0,35,,1723,15,0,20,0,75,,1711,15,0,20,0,111,,1712,15,0,20,0,110,,1713,15,0,20,0,111,,1714,15,0,20,0,75,,1720,15,0,20,0,76,,1715,15,0,20,0,39,,1721,15,0,20,0,62,,1726,3,0,5,0,2,,1725,6,,,0,13,,1716,15,0,20,0,77,,1724,15,0,20,0,36,,1717,15,0,20,0,107,,1718,15,0,20,0
900,'KerOffPriveOff',650,,1727,15,0,20,0,80,,1741,15,0,20,0,75,,1728,15,0,20,0,36,,1738,15,0,20,0,75,,1729,15,0,20,0,35,,1742,15,0,20,0,75,,1730,15,0,20,0,111,,1731,15,0,20,0,110,,1732,15,0,20,0,111,,1733,15,0,20,0,75,,1739,15,0,20,0,76,,1734,15,0,20,0,39,,1740,15,0,20,0,77,,1735,15,0,20,0,77,,1743,15,0,20,0,36,,1736,15,0,20,0,107,,1737,15,0,20,0
8900,'CsRoyOff',1944,,4827,16,,,0,100,,4829,16,,,0,105,,4828,16,,,0,107,,4826,16,,,0,103,,4825,16,,,0
8900,'CsRoyOffKerOff',1944,,4832,16,,,0,100,,4834,16,,,0,105,,4833,16,,,0,107,,4831,16,,,0,103,,4830,16,,,0
8900,'Dimanche',903,,4836,16,,,0,105,,4838,16,,,0,107,,4839,16,,,0,105,,4840,16,,,0,105,,4842,16,,,0,105,,4841,16,,,0,105,,4843,16,,,0,105,,4844,16,,,0,105,,4835,16,,,0,104,,4837,16,,,0
8900,'EventOff',1944,,4847,16,,,0,100,,4849,16,,,0,105,,4848,16,,,0,107,,4846,16,,,0,103,,4845,16,,,0
8900,'EventOn',1944,,4852,16,,,0,100,,4854,16,,,0,105,,4853,16,,,0,107,,4851,16,,,0,103,,4850,16,,,0
8900,'KerOffPriveOff',1944,,4857,16,,,0,100,,4859,16,,,0,105,,4858,16,,,0,107,,4856,16,,,0,103,,4855,16,,,0
8900,'Samedi',636,,4876,16,,,0,103,,4860,16,,,0,105,,4868,16,,,0,107,,4861,16,,,0,105,,4869,16,,,0,145,,4862,16,,,0,105,,4870,16,,,0,104,,4863,16,,,0,104,,4871,16,,,0,106,,4864,16,,,0,106,,4872,16,,,0,104,,4865,16,,,0,105,,4873,16,,,0,105,,4866,16,,,0,104,,4874,16,,,0,105,,4867,16,,,0,105,,4875,16,,,0
