1601,'CsRoyOff',636,,3244,26,,,0,115,,3229,26,,,0,150,,3230,26,,,0,110,,3231,26,,,0,110,,3232,26,,,0,110,,3233,26,,,0,110,,3234,26,,,0,110,,3235,26,,,0,156,,3236,26,,,0,116,,3237,26,,,0,109,,3238,26,,,0,107,,3239,26,,,0,100,,3240,26,,,0,105,,3241,26,,,0,105,,3243,26,,,0,105,,3242,26,,,0
1601,'CsRoyOffKerOff',636,,3260,26,,,0,115,,3245,26,,,0,150,,3246,26,,,0,110,,3247,26,,,0,110,,3248,26,,,0,110,,3249,26,,,0,110,,3250,26,,,0,110,,3251,26,,,0,156,,3252,26,,,0,116,,3253,26,,,0,109,,3254,26,,,0,107,,3255,26,,,0,100,,3256,26,,,0,105,,3257,26,,,0,105,,3259,26,,,0,105,,3258,26,,,0
1601,'Dimanche',900,,3269,26,,,0,105,,3262,26,,,0,105,,3263,26,,,0,105,,3264,26,,,0,105,,3265,26,,,0,105,,3266,26,,,0,106,,3267,26,,,0,105,,3268,26,,,0,104,,3261,26,,,0,105,,3270,26,,,0
1601,'EventOff',636,,3286,26,,,0,115,,3271,26,,,0,150,,3272,26,,,0,110,,3273,26,,,0,110,,3274,26,,,0,110,,3275,26,,,0,110,,3276,26,,,0,110,,3277,26,,,0,156,,3278,26,,,0,116,,3279,26,,,0,109,,3280,26,,,0,107,,3281,26,,,0,100,,3282,26,,,0,105,,3283,26,,,0,105,,3285,26,,,0,105,,3284,26,,,0
1601,'EventOn',636,,3302,26,,,0,115,,3287,26,,,0,150,,3288,26,,,0,110,,3289,26,,,0,110,,3290,26,,,0,110,,3291,26,,,0,110,,3292,26,,,0,110,,3293,26,,,0,156,,3294,26,,,0,116,,3295,26,,,0,109,,3296,26,,,0,107,,3297,26,,,0,100,,3298,26,,,0,105,,3299,26,,,0,105,,3301,26,,,0,105,,3300,26,,,0
1601,'KerOffPriveOff',636,,3318,26,,,0,115,,3303,26,,,0,150,,3304,26,,,0,110,,3305,26,,,0,110,,3306,26,,,0,110,,3307,26,,,0,110,,3308,26,,,0,110,,3309,26,,,0,156,,3310,26,,,0,116,,3311,26,,,0,109,,3312,26,,,0,107,,3313,26,,,0,100,,3314,26,,,0,105,,3315,26,,,0,105,,3317,26,,,0,105,,3316,26,,,0
1601,'Samedi',630,,3334,26,,,0,105,,3335,26,,,0,105,,3327,26,,,0,105,,3319,26,,,0,105,,3320,26,,,0,105,,3321,26,,,0,145,,3322,26,,,0,104,,3323,26,,,0,105,,3324,26,,,0,105,,3325,26,,,0,106,,3326,26,,,0,105,,3328,26,,,0,105,,3329,26,,,0,105,,3330,26,,,0,105,,3331,26,,,0,105,,3332,26,,,0,105,,3333,26,,,0
2501,'CsRoyOff',622,,3731,14,,,0,34,,3733,14,,,0,79,,3732,14,,,0,77,,3734,14,,,0,34,,3752,14,,,0,74,,3735,14,,,0,35,,3736,14,,,0,75,,3737,14,,,0,75,,3738,14,,,0,35,,3739,14,,,0,75,,3740,14,,,0,35,,3741,14,,,0,75,,3742,14,,,0,75,,3743,14,,,0,35,,3744,14,,,0,78,,3745,14,,,0,21,,3758,9,0,7 8,0,18,,3746,14,,,0,78,,3747,14,,,0,76,,3748,14,,,0,35,,3749,14,,,0,75,,3750,14,,,0,33,,3751,14,,,0,75,,3753,14,,,0,104,,3754,14,,,0,105,,3755,14,,,0,105,,3756,14,,,0,105,,3757,14,,,0
2501,'CsRoyOffKerOff',622,,3759,14,,,0,34,,3761,14,,,0,79,,3760,14,,,0,77,,3762,14,,,0,34,,3780,14,,,0,74,,3763,14,,,0,35,,3764,14,,,0,75,,3765,14,,,0,75,,3766,14,,,0,35,,3767,14,,,0,75,,3768,14,,,0,35,,3769,14,,,0,75,,3770,14,,,0,75,,3771,14,,,0,35,,3772,14,,,0,78,,3773,14,,,0,39,,3774,14,,,0,78,,3775,14,,,0,76,,3776,14,,,0,35,,3777,14,,,0,75,,3778,14,,,0,33,,3779,14,,,0,75,,3781,14,,,0,104,,3782,14,,,0,105,,3783,14,,,0,105,,3784,14,,,0,105,,3785,14,,,0
2501,'Dimanche',848,,3788,14,,,0,105,,3789,14,,,0,105,,3790,14,,,0,145,,3791,14,,,0,105,,3792,14,,,0,105,,3793,14,,,0,105,,3794,14,,,0,105,,3795,14,,,0,105,,3787,14,,,0,105,,3786,14,,,0
2501,'EventOff',622,,3796,14,,,0,34,,3798,14,,,0,79,,3797,14,,,0,77,,3799,14,,,0,34,,3817,14,,,0,74,,3800,14,,,0,35,,3801,14,,,0,75,,3802,14,,,0,75,,3803,14,,,0,35,,3804,14,,,0,75,,3805,14,,,0,35,,3806,14,,,0,75,,3807,14,,,0,75,,3808,14,,,0,35,,3809,14,,,0,78,,3810,14,,,0,39,,3811,14,,,0,78,,3812,14,,,0,76,,3813,14,,,0,35,,3814,14,,,0,75,,3815,14,,,0,33,,3816,14,,,0,75,,3818,14,,,0,104,,3819,14,,,0,105,,3820,14,,,0,105,,3821,14,,,0,105,,3822,14,,,0
2501,'EventOn',622,,3823,14,,,0,34,,3825,14,,,0,71,,3850,14,0,9,0,8,,3824,14,,,0,12,,3851,14,0,10,0,65,,3826,14,,,0,34,,3844,14,,,0,74,,3827,14,,,0,35,,3828,14,,,0,75,,3829,14,,,0,75,,3830,14,,,0,35,,3831,14,,,0,75,,3832,14,,,0,35,,3833,14,,,0,75,,3834,14,,,0,75,,3835,14,,,0,35,,3836,14,,,0,78,,3837,14,,,0,21,,3852,9,0,7 8,0,18,,3838,14,,,0,78,,3839,14,,,0,76,,3840,14,,,0,35,,3841,14,,,0,75,,3842,14,,,0,33,,3843,14,,,0,75,,3845,14,,,0,104,,3846,14,,,0,105,,3847,14,,,0,105,,3848,14,,,0,105,,3849,14,,,0
2501,'KerOffPriveOff',622,,3853,14,,,0,34,,3855,14,,,0,71,,3880,14,0,9,0,8,,3854,14,,,0,12,,3881,14,0,10,0,65,,3856,14,,,0,34,,3874,14,,,0,74,,3857,14,,,0,35,,3858,14,,,0,75,,3859,14,,,0,75,,3860,14,,,0,35,,3861,14,,,0,75,,3862,14,,,0,35,,3863,14,,,0,75,,3864,14,,,0,75,,3865,14,,,0,35,,3866,14,,,0,78,,3867,14,,,0,39,,3868,14,,,0,78,,3869,14,,,0,76,,3870,14,,,0,35,,3871,14,,,0,75,,3872,14,,,0,33,,3873,14,,,0,75,,3875,14,,,0,104,,3876,14,,,0,105,,3877,14,,,0,105,,3878,14,,,0,105,,3879,14,,,0
2501,'Samedi',618,,3893,14,,,0,104,,3882,14,,,0,105,,3888,14,,,0,105,,3894,14,,,0,105,,3883,14,,,0,105,,3889,14,,,0,105,,3895,14,,,0,105,,3884,14,,,0,105,,3890,14,,,0,145,,3896,14,,,0,105,,3885,14,,,0,105,,3891,14,,,0,105,,3897,14,,,0,105,,3886,14,,,0,105,,3892,14,,,0,105,,3898,14,,,0,105,,3887,14,,,0
