2500,'CsRoyOff',612,,3573,10,,,0,29,,3548,37,,,0,75,,3546,37,,,0,9,,3575,20,0,21,0,31,,3549,37,,,0,75,,3547,37,,,0,75,,3550,37,,,0,34,,3551,37,,,0,75,,3552,37,,,0,35,,3553,37,,,0,75,,3554,37,,,0,75,,3555,37,,,0,35,,3556,37,,,0,75,,3557,37,,,0,35,,3558,37,,,0,75,,3559,37,,,0,35,,3560,37,,,0,81,,3561,37,,,0,71,,3576,20,,,0,7,,3562,37,,,0,36,,3563,37,,,0,75,,3564,37,,,0,75,,3565,37,,,0,35,,3566,37,,,0,75,,3567,37,,,0,105,,3568,37,,,0,105,,3569,37,,,0,105,,3570,37,,,0,105,,3571,37,,,0,105,,3572,37,,,0
2500,'CsRoyOffKerOff',612,,3604,10,,,0,29,,3579,37,,,0,75,,3577,37,,,0,9,,3605,20,0,21,0,31,,3580,37,,,0,75,,3578,37,,,0,75,,3581,37,,,0,34,,3582,37,,,0,75,,3583,37,,,0,35,,3584,37,,,0,75,,3585,37,,,0,75,,3586,37,,,0,35,,3587,37,,,0,75,,3588,37,,,0,35,,3589,37,,,0,75,,3590,37,,,0,35,,3591,37,,,0,81,,3592,37,,,0,71,,3606,20,,,0,7,,3593,37,,,0,36,,3594,37,,,0,75,,3595,37,,,0,75,,3596,37,,,0,35,,3597,37,,,0,75,,3598,37,,,0,105,,3599,37,,,0,105,,3600,37,,,0,105,,3601,37,,,0,105,,3602,37,,,0,105,,3603,37,,,0
2500,'Dimanche',836,,3617,10,,,0,104,,3610,37,,,0,105,,3611,37,,,0,105,,3612,37,,,0,105,,3613,37,,,0,145,,3614,37,,,0,105,,3615,37,,,0,105,,3616,37,,,0,105,,3608,37,,,0,105,,3609,37,,,0,105,,3607,37,,,0
2500,'EventOff',612,,3645,10,,,0,29,,3620,37,,,0,75,,3618,37,,,0,40,,3621,37,,,0,75,,3619,37,,,0,75,,3622,37,,,0,34,,3623,37,,,0,75,,3624,37,,,0,35,,3625,37,,,0,75,,3626,37,,,0,75,,3627,37,,,0,35,,3628,37,,,0,75,,3629,37,,,0,35,,3630,37,,,0,75,,3631,37,,,0,35,,3632,37,,,0,81,,3633,37,,,0,78,,3634,37,,,0,36,,3635,37,,,0,75,,3636,37,,,0,75,,3637,37,,,0,35,,3638,37,,,0,75,,3639,37,,,0,105,,3640,37,,,0,105,,3641,37,,,0,105,,3642,37,,,0,105,,3643,37,,,0,105,,3644,37,,,0
2500,'EventOn',612,,3673,10,,,0,29,,3648,37,,,0,74,,3674,10,0,9,0,1,,3646,37,,,0,9,,3677,20,0,21,0,12,,3676,20,0,10,0,19,,3649,37,,,0,75,,3647,37,,,0,75,,3650,37,,,0,34,,3651,37,,,0,75,,3652,37,,,0,35,,3653,37,,,0,75,,3654,37,,,0,75,,3655,37,,,0,35,,3656,37,,,0,75,,3657,37,,,0,35,,3658,37,,,0,75,,3659,37,,,0,35,,3660,37,,,0,81,,3661,37,,,0,19,,3680,11,,,0,52,,3679,20,,,0,5,,3678,39,,,0,2,,3662,37,,,0,36,,3663,37,,,0,75,,3664,37,,,0,75,,3665,37,,,0,35,,3666,37,,,0,75,,3667,37,,,0,105,,3668,37,,,0,105,,3669,37,,,0,105,,3670,37,,,0,105,,3671,37,,,0,105,,3672,37,,,0
2500,'KerOffPriveOff',612,,3708,10,,,0,29,,3683,37,,,0,74,,3709,10,0,9,0,1,,3681,37,,,0,21,,3710,20,0,10,0,19,,3684,37,,,0,75,,3682,37,,,0,75,,3685,37,,,0,34,,3686,37,,,0,75,,3687,37,,,0,35,,3688,37,,,0,75,,3689,37,,,0,75,,3690,37,,,0,35,,3691,37,,,0,75,,3692,37,,,0,35,,3693,37,,,0,75,,3694,37,,,0,35,,3695,37,,,0,81,,3696,37,,,0,19,,3712,11,,,0,57,,3711,39,,,0,2,,3697,37,,,0,36,,3698,37,,,0,75,,3699,37,,,0,75,,3700,37,,,0,35,,3701,37,,,0,75,,3702,37,,,0,105,,3703,37,,,0,105,,3704,37,,,0,105,,3705,37,,,0,105,,3706,37,,,0,105,,3707,37,,,0
2500,'Samedi',604,,3725,10,,,0,106,,3713,37,,,0,105,,3719,37,,,0,105,,3726,37,,,0,105,,3714,37,,,0,105,,3720,37,,,0,105,,3727,37,,,0,105,,3715,37,,,0,105,,3721,37,,,0,105,,3728,37,,,0,105,,3716,37,,,0,145,,3722,37,,,0,105,,3729,37,,,0,105,,3717,37,,,0,105,,3723,37,,,0,105,,3730,37,,,0,105,,3718,37,,,0,105,,3724,37,,,0
3080200000,'EventOn',807,,4974,20,,,0
3080200000,'KerOffPriveOff',807,,4975,20,,,0
3080200001,'EventOn',1611,,4976,22,,,0
3080200001,'KerOffPriveOff',1611,,4977,22,,,0
3080400000,'EventOn',808,,4982,30,,,0
3080400000,'KerOffPriveOff',808,,4983,30,,,0
3080400001,'EventOn',1601,,4984,11,,,0
3080400001,'KerOffPriveOff',1601,,4985,11,,,0
