400,'CsRoyOff',619,,341,8,,,0,35,,325,8,,,0,82,,337,8,,,0,75,,333,8,,,0,36,,345,8,,,0,73,,330,8,,,0,35,,342,8,,,0,75,,326,8,,,0,75,,338,8,,,0,35,,334,8,,,0,75,,346,8,,,0,35,,331,8,,,0,75,,339,8,,,0,75,,335,8,,,0,35,,343,8,,,0,81,,327,8,,,0,38,,329,8,,,0,77,,332,8,,,0,75,,340,8,,,0,34,,336,8,,,0,75,,344,8,,,0,35,,328,8,,,0,105,,351,8,,,0,145,,350,8,,,0,105,,349,8,,,0,105,,348,8,,,0,105,,347,8,,,0
400,'CsRoyOffKerOff',619,,369,8,,,0,35,,353,8,,,0,82,,365,8,,,0,75,,361,8,,,0,36,,373,8,,,0,73,,358,8,,,0,35,,370,8,,,0,75,,354,8,,,0,75,,366,8,,,0,35,,362,8,,,0,75,,374,8,,,0,35,,359,8,,,0,75,,367,8,,,0,75,,363,8,,,0,35,,371,8,,,0,81,,355,8,,,0,38,,357,8,,,0,77,,360,8,,,0,75,,368,8,,,0,34,,364,8,,,0,75,,372,8,,,0,35,,356,8,,,0,105,,379,8,,,0,145,,378,8,,,0,105,,377,8,,,0,105,,376,8,,,0,105,,375,8,,,0
400,'Dimanche',920,,384,8,,,0,105,,385,8,,,0,105,,386,8,,,0,105,,387,8,,,0,105,,388,8,,,0,106,,389,8,,,0,105,,390,8,,,0,105,,381,8,,,0,144,,383,8,,,0,105,,382,8,,,0
400,'EventOff',619,,407,8,,,0,35,,391,8,,,0,82,,403,8,,,0,75,,399,8,,,0,36,,411,8,,,0,73,,396,8,,,0,35,,408,8,,,0,75,,392,8,,,0,75,,404,8,,,0,35,,400,8,,,0,75,,412,8,,,0,35,,397,8,,,0,75,,405,8,,,0,75,,401,8,,,0,35,,409,8,,,0,81,,393,8,,,0,38,,395,8,,,0,77,,398,8,,,0,75,,406,8,,,0,34,,402,8,,,0,75,,410,8,,,0,35,,394,8,,,0,105,,417,8,,,0,145,,416,8,,,0,105,,415,8,,,0,105,,414,8,,,0,105,,413,8,,,0
400,'EventOn',619,,434,8,,,0,35,,418,8,,,0,82,,430,8,,,0,75,,426,8,,,0,36,,438,8,,,0,73,,423,8,,,0,35,,435,8,,,0,75,,419,8,,,0,75,,431,8,,,0,35,,427,8,,,0,75,,439,8,,,0,35,,424,8,,,0,75,,432,8,,,0,75,,428,8,,,0,35,,436,8,,,0,81,,420,8,,,0,38,,422,8,,,0,77,,425,8,,,0,75,,433,8,,,0,34,,429,8,,,0,75,,437,8,,,0,35,,421,8,,,0,105,,444,8,,,0,145,,443,8,,,0,105,,442,8,,,0,105,,441,8,,,0,105,,440,8,,,0
400,'KerOffPriveOff',619,,463,8,,,0,35,,447,8,,,0,82,,459,8,,,0,75,,455,8,,,0,36,,467,8,,,0,73,,452,8,,,0,35,,464,8,,,0,75,,448,8,,,0,75,,460,8,,,0,35,,456,8,,,0,75,,468,8,,,0,35,,453,8,,,0,75,,461,8,,,0,75,,457,8,,,0,35,,465,8,,,0,81,,449,8,,,0,38,,451,8,,,0,77,,454,8,,,0,75,,462,8,,,0,34,,458,8,,,0,75,,466,8,,,0,35,,450,8,,,0,105,,473,8,,,0,145,,472,8,,,0,105,,471,8,,,0,105,,470,8,,,0,105,,469,8,,,0
400,'Samedi',650,,476,8,,,0,105,,477,8,,,0,145,,478,8,,,0,105,,479,8,,,0,105,,480,8,,,0,105,,481,8,,,0,105,,482,8,,,0,105,,483,8,,,0,105,,484,8,,,0,105,,485,8,,,0,105,,486,8,,,0,105,,487,8,,,0,105,,488,8,,,0,105,,489,8,,,0,145,,490,8,,,0,105,,491,8,,,0,105,,492,8,,,0
5000,'CsRoyOff',647,,4263,15,,,0,65,,4262,15,,,0,16,,4218,15,,,0,15,,4219,15,,,0,62,,4220,15,,,0,18,,4221,15,,,0,17,,4222,15,,,0,18,,4223,15,,,0,56,,4224,15,,,0,15,,4225,15,,,0,20,,4226,15,,,0,55,,4227,15,,,0,19,,4228,15,,,0,15,,4229,15,,,0,20,,4230,15,,,0,55,,4231,15,,,0,20,,4232,15,,,0,15,,4233,15,,,0,60,,4234,15,,,0,15,,4235,15,,,0,20,,4236,15,,,0,15,,4237,15,,,0,60,,4238,15,,,0,15,,4239,15,,,0,19,,4240,15,,,0,55,,4241,15,,,0,20,,4242,15,,,0,15,,4243,15,,,0,61,,4244,15,,,0,15,,4245,15,,,0,25,,4246,15,,,0,58,,4247,15,,,0,19,,4248,15,,,0,18,,4249,15,,,0,21,,4250,15,,,0,56,,4251,15,,,0,20,,4252,15,,,0,16,,4253,15,,,0,58,,4254,15,,,0,16,,4255,15,,,0,19,,4256,15,,,0,15,,4257,15,,,0,168,,4258,15,,,0,105,,4259,15,,,0,105,,4260,15,,,0,105,,4261,15,,,0
5000,'CsRoyOffKerOff',647,,4309,15,,,0,65,,4308,15,,,0,16,,4264,15,,,0,15,,4265,15,,,0,62,,4266,15,,,0,18,,4267,15,,,0,17,,4268,15,,,0,18,,4269,15,,,0,56,,4270,15,,,0,15,,4271,15,,,0,20,,4272,15,,,0,55,,4273,15,,,0,19,,4274,15,,,0,15,,4275,15,,,0,20,,4276,15,,,0,55,,4277,15,,,0,20,,4278,15,,,0,15,,4279,15,,,0,60,,4280,15,,,0,15,,4281,15,,,0,20,,4282,15,,,0,15,,4283,15,,,0,60,,4284,15,,,0,15,,4285,15,,,0,19,,4286,15,,,0,55,,4287,15,,,0,20,,4288,15,,,0,15,,4289,15,,,0,61,,4290,15,,,0,15,,4291,15,,,0,25,,4292,15,,,0,58,,4293,15,,,0,19,,4294,15,,,0,18,,4295,15,,,0,21,,4296,15,,,0,56,,4297,15,,,0,20,,4298,15,,,0,16,,4299,15,,,0,58,,4300,15,,,0,16,,4301,15,,,0,19,,4302,15,,,0,15,,4303,15,,,0,168,,4304,15,,,0,105,,4305,15,,,0,105,,4306,15,,,0,105,,4307,15,,,0
5000,'Dimanche',951,,4310,15,,,0,105,,4313,15,,,0,145,,4315,15,,,0,105,,4314,15,,,0,105,,4316,15,,,0,105,,4317,15,,,0,106,,4318,15,,,0,105,,4311,15,,,0,105,,4312,15,,,0
5000,'EventOff',647,,4364,15,,,0,65,,4363,15,,,0,16,,4319,15,,,0,15,,4320,15,,,0,62,,4321,15,,,0,18,,4322,15,,,0,17,,4323,15,,,0,18,,4324,15,,,0,56,,4325,15,,,0,15,,4326,15,,,0,20,,4327,15,,,0,55,,4328,15,,,0,19,,4329,15,,,0,15,,4330,15,,,0,20,,4331,15,,,0,55,,4332,15,,,0,20,,4333,15,,,0,15,,4334,15,,,0,60,,4335,15,,,0,15,,4336,15,,,0,20,,4337,15,,,0,15,,4338,15,,,0,60,,4339,15,,,0,15,,4340,15,,,0,19,,4341,15,,,0,55,,4342,15,,,0,20,,4343,15,,,0,15,,4344,15,,,0,61,,4345,15,,,0,15,,4346,15,,,0,25,,4347,15,,,0,58,,4348,15,,,0,19,,4349,15,,,0,18,,4350,15,,,0,21,,4351,15,,,0,56,,4352,15,,,0,20,,4353,15,,,0,16,,4354,15,,,0,58,,4355,15,,,0,16,,4356,15,,,0,19,,4357,15,,,0,15,,4358,15,,,0,168,,4359,15,,,0,105,,4360,15,,,0,105,,4361,15,,,0,105,,4362,15,,,0
5000,'EventOn',647,,4410,15,,,0,65,,4409,15,,,0,16,,4365,15,,,0,15,,4366,15,,,0,62,,4367,15,,,0,18,,4368,15,,,0,17,,4369,15,,,0,18,,4370,15,,,0,56,,4371,15,,,0,15,,4372,15,,,0,20,,4373,15,,,0,55,,4374,15,,,0,19,,4375,15,,,0,15,,4376,15,,,0,20,,4377,15,,,0,55,,4378,15,,,0,20,,4379,15,,,0,15,,4380,15,,,0,60,,4381,15,,,0,15,,4382,15,,,0,20,,4383,15,,,0,15,,4384,15,,,0,60,,4385,15,,,0,15,,4386,15,,,0,19,,4387,15,,,0,55,,4388,15,,,0,20,,4389,15,,,0,15,,4390,15,,,0,61,,4391,15,,,0,15,,4392,15,,,0,25,,4393,15,,,0,58,,4394,15,,,0,19,,4395,15,,,0,18,,4396,15,,,0,21,,4397,15,,,0,56,,4398,15,,,0,20,,4399,15,,,0,16,,4400,15,,,0,58,,4401,15,,,0,16,,4402,15,,,0,19,,4403,15,,,0,15,,4404,15,,,0,168,,4405,15,,,0,105,,4406,15,,,0,105,,4407,15,,,0,105,,4408,15,,,0
5000,'KerOffPriveOff',647,,4456,15,,,0,65,,4455,15,,,0,16,,4411,15,,,0,15,,4412,15,,,0,62,,4413,15,,,0,18,,4414,15,,,0,17,,4415,15,,,0,18,,4416,15,,,0,56,,4417,15,,,0,15,,4418,15,,,0,20,,4419,15,,,0,55,,4420,15,,,0,19,,4421,15,,,0,15,,4422,15,,,0,20,,4423,15,,,0,55,,4424,15,,,0,20,,4425,15,,,0,15,,4426,15,,,0,60,,4427,15,,,0,15,,4428,15,,,0,20,,4429,15,,,0,15,,4430,15,,,0,60,,4431,15,,,0,15,,4432,15,,,0,19,,4433,15,,,0,55,,4434,15,,,0,20,,4435,15,,,0,15,,4436,15,,,0,61,,4437,15,,,0,15,,4438,15,,,0,25,,4439,15,,,0,58,,4440,15,,,0,19,,4441,15,,,0,18,,4442,15,,,0,21,,4443,15,,,0,56,,4444,15,,,0,20,,4445,15,,,0,16,,4446,15,,,0,58,,4447,15,,,0,16,,4448,15,,,0,19,,4449,15,,,0,15,,4450,15,,,0,168,,4451,15,,,0,105,,4452,15,,,0,105,,4453,15,,,0,105,,4454,15,,,0
5000,'Samedi',721,,4464,15,,,0,107,,4463,15,,,0,103,,4462,15,,,0,105,,4461,15,,,0,105,,4469,15,,,0,105,,4468,15,,,0,105,,4467,15,,,0,105,,4466,15,,,0,147,,4465,15,,,0,104,,4472,15,,,0,105,,4470,15,,,0,105,,4471,15,,,0,105,,4457,15,,,0,105,,4458,15,,,0,105,,4459,15,,,0,105,,4460,15,,,0
