1400,'CsRoyOff',646,,3062,21,,,0,70,,3063,21,,,0,30,,3061,21,,,0,100,,3060,21,,,0
1400,'CsRoyOffKerOff',646,,3069,21,,,0,70,,3070,21,,,0,30,,3068,21,,,0,100,,3067,21,,,0
1400,'EventOff',646,,3076,21,,,0,70,,3077,21,,,0,30,,3075,21,,,0,100,,3074,21,,,0
1400,'EventOn',646,,3083,21,,,0,70,,3084,21,,,0,30,,3082,21,,,0,100,,3081,21,,,0
1400,'KerOffPriveOff',646,,3090,21,,,0,70,,3091,21,,,0,30,,3089,21,,,0,100,,3088,21,,,0
1401,'CsRoyOff',1553,,3094,18,,,0,100,,3093,18,,,0,99,,3092,18,,,0
1401,'CsRoyOffKerOff',1553,,3100,18,,,0,100,,3099,18,,,0,99,,3098,18,,,0
1401,'EventOff',1553,,3106,18,,,0,100,,3105,18,,,0,99,,3104,18,,,0
1401,'EventOn',1553,,3112,18,,,0,100,,3111,18,,,0,99,,3110,18,,,0
1401,'KerOffPriveOff',1553,,3118,18,,,0,100,,3117,18,,,0,99,,3116,18,,,0
