901,'CsRoyOff',615,,1744,14,,,0,24,,1758,14,,,0,68,,1762,15,0,5,0,6,,1763,15,0,6,0,2,,1745,14,,,0,40,,1757,14,,,0,74,,1746,14,,,0,76,,1759,14,,,0,35,,1747,14,,,0,110,,1748,14,,,0,151,,1749,14,,,0,109,,1750,14,,,0,111,,1751,14,,,0,35,,1756,14,,,0,76,,1752,14,,,0,79,,1755,14,,,0,37,,1753,14,,,0,77,,1760,14,,,0,76,,1754,14,,,0,110,,1761,14,,,0
901,'CsRoyOffKerOff',615,,1764,14,,,0,24,,1778,14,,,0,68,,1782,15,0,5,0,8,,1765,14,,,0,40,,1777,14,,,0,74,,1766,14,,,0,76,,1779,14,,,0,35,,1767,14,,,0,110,,1768,14,,,0,151,,1769,14,,,0,109,,1770,14,,,0,111,,1771,14,,,0,35,,1776,14,,,0,76,,1772,14,,,0,79,,1775,14,,,0,37,,1773,14,,,0,77,,1780,14,,,0,76,,1774,14,,,0,110,,1781,14,,,0
901,'EventOff',615,,1783,14,,,0,24,,1797,14,,,0,76,,1784,14,,,0,40,,1796,14,,,0,74,,1785,14,,,0,76,,1798,14,,,0,35,,1786,14,,,0,110,,1787,14,,,0,151,,1788,14,,,0,109,,1789,14,,,0,111,,1790,14,,,0,35,,1795,14,,,0,76,,1791,14,,,0,79,,1794,14,,,0,37,,1792,14,,,0,77,,1799,14,,,0,76,,1793,14,,,0,110,,1800,14,,,0
901,'EventOn',615,,1801,14,,,0,24,,1815,14,,,0,68,,1819,15,0,5,0,6,,1820,15,0,6,0,2,,1802,14,,,0,40,,1814,14,,,0,74,,1803,14,,,0,76,,1816,14,,,0,35,,1804,14,,,0,110,,1805,14,,,0,151,,1806,14,,,0,109,,1807,14,,,0,111,,1808,14,,,0,35,,1813,14,,,0,76,,1809,14,,,0,79,,1812,14,,,0,37,,1810,14,,,0,77,,1817,14,,,0,76,,1811,14,,,0,110,,1818,14,,,0
901,'KerOffPriveOff',615,,1821,14,,,0,24,,1835,14,,,0,76,,1822,14,,,0,40,,1834,14,,,0,74,,1823,14,,,0,76,,1836,14,,,0,35,,1824,14,,,0,110,,1825,14,,,0,151,,1826,14,,,0,109,,1827,14,,,0,111,,1828,14,,,0,35,,1833,14,,,0,76,,1829,14,,,0,79,,1832,14,,,0,37,,1830,14,,,0,77,,1837,14,,,0,76,,1831,14,,,0,110,,1838,14,,,0
8901,'CsRoyOff',2016,,4880,14,,,0,105,,4879,14,,,0,105,,4878,14,,,0,105,,4877,14,,,0
8901,'CsRoyOffKerOff',2016,,4884,14,,,0,105,,4883,14,,,0,105,,4882,14,,,0,105,,4881,14,,,0
8901,'Dimanche',833,,4886,14,,,0,105,,4888,14,,,0,106,,4890,14,,,0,105,,4891,14,,,0,105,,4892,14,,,0,105,,4893,14,,,0,145,,4894,14,,,0,105,,4895,14,,,0,105,,4885,14,,,0,104,,4889,14,,,0,101,,4887,14,,,0
8901,'EventOff',2016,,4899,14,,,0,105,,4898,14,,,0,105,,4897,14,,,0,105,,4896,14,,,0
8901,'EventOn',2016,,4903,14,,,0,105,,4902,14,,,0,105,,4901,14,,,0,105,,4900,14,,,0
8901,'KerOffPriveOff',2016,,4907,14,,,0,105,,4906,14,,,0,105,,4905,14,,,0,105,,4904,14,,,0
8901,'Samedi',709,,4916,14,,,0,105,,4908,14,,,0,106,,4917,14,,,0,105,,4909,14,,,0,105,,4918,14,,,0,105,,4910,14,,,0,104,,4919,14,,,0,105,,4911,14,,,0,105,,4920,14,,,0,106,,4912,14,,,0,104,,4921,14,,,0,145,,4913,14,,,0,105,,4922,14,,,0,105,,4914,14,,,0,105,,4923,14,,,0,105,,4915,14,,,0
