1100,'CsRoyOff',615,,2185,2,,,0,35,,2169,2,,,0,80,,2181,2,,,0,75,,2165,2,,,0,36,,2176,2,,,0,74,,2173,2,,,0,35,,2186,2,,,0,75,,2170,2,,,0,75,,2182,2,,,0,35,,2166,2,,,0,75,,2177,2,,,0,35,,2174,2,,,0,75,,2183,2,,,0,35,,2167,2,,,0,75,,2180,2,,,0,80,,2171,2,,,0,38,,2178,2,,,0,77,,2175,2,,,0,75,,2184,2,,,0,35,,2168,2,,,0,75,,2179,2,,,0,35,,2172,2,,,0,105,,2190,2,,,0,105,,2191,2,,,0,145,,2189,2,,,0,105,,2188,2,,,0,105,,2187,2,,,0
1100,'CsRoyOffKerOff',615,,2213,2,,,0,35,,2197,2,,,0,80,,2209,2,,,0,75,,2193,2,,,0,36,,2204,2,,,0,74,,2201,2,,,0,35,,2214,2,,,0,75,,2198,2,,,0,75,,2210,2,,,0,35,,2194,2,,,0,75,,2205,2,,,0,35,,2202,2,,,0,75,,2211,2,,,0,35,,2195,2,,,0,75,,2208,2,,,0,80,,2199,2,,,0,38,,2206,2,,,0,77,,2203,2,,,0,75,,2212,2,,,0,35,,2196,2,,,0,75,,2207,2,,,0,35,,2200,2,,,0,105,,2218,2,,,0,105,,2219,2,,,0,145,,2217,2,,,0,105,,2216,2,,,0,105,,2215,2,,,0
1100,'Dimanche',915,,2224,2,,,0,105,,2226,2,,,0,105,,2225,2,,,0,105,,2227,2,,,0,105,,2228,2,,,0,105,,2229,2,,,0,105,,2230,2,,,0,105,,2222,2,,,0,105,,2221,2,,,0,145,,2223,2,,,0
1100,'EventOff',615,,2251,2,,,0,35,,2235,2,,,0,80,,2247,2,,,0,75,,2231,2,,,0,36,,2242,2,,,0,74,,2239,2,,,0,35,,2252,2,,,0,75,,2236,2,,,0,75,,2248,2,,,0,35,,2232,2,,,0,75,,2243,2,,,0,35,,2240,2,,,0,75,,2249,2,,,0,35,,2233,2,,,0,75,,2246,2,,,0,80,,2237,2,,,0,38,,2244,2,,,0,77,,2241,2,,,0,75,,2250,2,,,0,35,,2234,2,,,0,75,,2245,2,,,0,35,,2238,2,,,0,105,,2256,2,,,0,105,,2257,2,,,0,145,,2255,2,,,0,105,,2254,2,,,0,105,,2253,2,,,0
1100,'EventOn',615,,2278,2,,,0,35,,2262,2,,,0,80,,2274,2,,,0,75,,2258,2,,,0,9,,2286,2,0,11 12 13,0,3,,2285,2,0,11 12 13,0,24,,2269,2,,,0,74,,2266,2,,,0,35,,2279,2,,,0,75,,2263,2,,,0,75,,2275,2,,,0,35,,2259,2,,,0,75,,2270,2,,,0,35,,2267,2,,,0,75,,2276,2,,,0,35,,2260,2,,,0,75,,2273,2,,,0,80,,2264,2,,,0,38,,2271,2,,,0,77,,2268,2,,,0,75,,2277,2,,,0,35,,2261,2,,,0,75,,2272,2,,,0,35,,2265,2,,,0,105,,2283,2,,,0,105,,2284,2,,,0,145,,2282,2,,,0,105,,2281,2,,,0,105,,2280,2,,,0
1100,'KerOffPriveOff',615,,2309,2,,,0,35,,2293,2,,,0,80,,2305,2,,,0,75,,2289,2,,,0,9,,2317,2,0,11 12 13,0,3,,2316,2,0,11 12 13,0,24,,2300,2,,,0,74,,2297,2,,,0,35,,2310,2,,,0,75,,2294,2,,,0,75,,2306,2,,,0,35,,2290,2,,,0,75,,2301,2,,,0,35,,2298,2,,,0,75,,2307,2,,,0,35,,2291,2,,,0,75,,2304,2,,,0,80,,2295,2,,,0,38,,2302,2,,,0,77,,2299,2,,,0,75,,2308,2,,,0,35,,2292,2,,,0,75,,2303,2,,,0,35,,2296,2,,,0,105,,2314,2,,,0,105,,2315,2,,,0,145,,2313,2,,,0,105,,2312,2,,,0,105,,2311,2,,,0
1100,'Samedi',645,,2319,2,,,0,105,,2328,2,,,0,105,,2320,2,,,0,145,,2329,2,,,0,105,,2321,2,,,0,105,,2330,2,,,0,105,,2322,2,,,0,105,,2331,2,,,0,105,,2323,2,,,0,105,,2332,2,,,0,105,,2324,2,,,0,105,,2333,2,,,0,105,,2325,2,,,0,105,,2334,2,,,0,105,,2326,2,,,0,145,,2335,2,,,0,105,,2327,2,,,0
1300,'CsRoyOff',615,,2737,2,,,0,35,,2726,2,,,0,80,,2743,2,,,0,75,,2732,2,,,0,36,,2738,2,,,0,74,,2727,2,,,0,35,,2744,2,,,0,75,,2733,2,,,0,75,,2739,2,,,0,35,,2728,2,,,0,75,,2745,2,,,0,35,,2734,2,,,0,75,,2740,2,,,0,35,,2729,2,,,0,75,,2746,2,,,0,80,,2735,2,,,0,38,,2741,2,,,0,77,,2730,2,,,0,75,,2747,2,,,0,35,,2736,2,,,0,75,,2742,2,,,0,35,,2731,2,,,0,105,,2752,2,,,0,105,,2751,2,,,0,145,,2750,2,,,0,105,,2749,2,,,0,105,,2748,2,,,0
1300,'CsRoyOffKerOff',615,,2764,2,,,0,35,,2753,2,,,0,80,,2770,2,,,0,75,,2759,2,,,0,36,,2765,2,,,0,74,,2754,2,,,0,35,,2771,2,,,0,75,,2760,2,,,0,75,,2766,2,,,0,35,,2755,2,,,0,75,,2772,2,,,0,35,,2761,2,,,0,75,,2767,2,,,0,35,,2756,2,,,0,75,,2773,2,,,0,80,,2762,2,,,0,38,,2768,2,,,0,77,,2757,2,,,0,75,,2774,2,,,0,35,,2763,2,,,0,75,,2769,2,,,0,35,,2758,2,,,0,105,,2779,2,,,0,105,,2778,2,,,0,145,,2777,2,,,0,105,,2776,2,,,0,105,,2775,2,,,0
1300,'Dimanche',915,,2783,2,,,0,105,,2784,2,,,0,105,,2785,2,,,0,105,,2786,2,,,0,105,,2787,2,,,0,105,,2788,2,,,0,105,,2789,2,,,0,105,,2782,2,,,0,105,,2780,2,,,0,145,,2781,2,,,0
1300,'EventOff',615,,2801,2,,,0,35,,2790,2,,,0,80,,2807,2,,,0,75,,2796,2,,,0,36,,2802,2,,,0,74,,2791,2,,,0,35,,2808,2,,,0,75,,2797,2,,,0,75,,2803,2,,,0,35,,2792,2,,,0,75,,2809,2,,,0,35,,2798,2,,,0,75,,2804,2,,,0,35,,2793,2,,,0,75,,2810,2,,,0,80,,2799,2,,,0,38,,2805,2,,,0,77,,2794,2,,,0,75,,2811,2,,,0,35,,2800,2,,,0,75,,2806,2,,,0,35,,2795,2,,,0,105,,2816,2,,,0,105,,2815,2,,,0,145,,2814,2,,,0,105,,2813,2,,,0,105,,2812,2,,,0
1300,'EventOn',615,,2828,2,,,0,35,,2817,2,,,0,80,,2834,2,,,0,75,,2823,2,,,0,36,,2829,2,,,0,74,,2818,2,,,0,35,,2835,2,,,0,75,,2824,2,,,0,75,,2830,2,,,0,35,,2819,2,,,0,75,,2836,2,,,0,35,,2825,2,,,0,75,,2831,2,,,0,35,,2820,2,,,0,75,,2837,2,,,0,80,,2826,2,,,0,38,,2832,2,,,0,52,,2846,2,,,0,25,,2821,2,,,0,75,,2838,2,,,0,35,,2827,2,,,0,75,,2833,2,,,0,35,,2822,2,,,0,105,,2843,2,,,0,105,,2842,2,,,0,145,,2841,2,,,0,105,,2840,2,,,0,105,,2839,2,,,0
1300,'KerOffPriveOff',615,,2858,2,,,0,35,,2847,2,,,0,80,,2864,2,,,0,75,,2853,2,,,0,36,,2859,2,,,0,74,,2848,2,,,0,35,,2865,2,,,0,75,,2854,2,,,0,75,,2860,2,,,0,35,,2849,2,,,0,75,,2866,2,,,0,35,,2855,2,,,0,75,,2861,2,,,0,35,,2850,2,,,0,75,,2867,2,,,0,80,,2856,2,,,0,38,,2862,2,,,0,52,,2876,2,,,0,25,,2851,2,,,0,75,,2868,2,,,0,35,,2857,2,,,0,75,,2863,2,,,0,35,,2852,2,,,0,105,,2873,2,,,0,105,,2872,2,,,0,145,,2871,2,,,0,105,,2870,2,,,0,105,,2869,2,,,0
1300,'Samedi',645,,2885,2,,,0,105,,2877,2,,,0,105,,2886,2,,,0,145,,2878,2,,,0,105,,2887,2,,,0,105,,2879,2,,,0,105,,2888,2,,,0,105,,2880,2,,,0,105,,2889,2,,,0,105,,2881,2,,,0,105,,2890,2,,,0,105,,2882,2,,,0,105,,2891,2,,,0,105,,2883,2,,,0,105,,2892,2,,,0,145,,2884,2,,,0,105,,2893,2,,,0
