6000,'CsRoyOff',627,,4484,12,,,0,82,,4474,12,,,0,31,,4485,12,,,0,80,,4475,12,,,0,35,,4486,12,,,0,74,,4476,12,,,0,76,,4487,12,,,0,34,,4477,12,,,0,75,,4488,12,,,0,33,,4478,12,,,0,76,,4489,12,,,0,35,,4479,12,,,0,68,,4490,12,,,0,77,,4501,12,,,0,25,,4480,12,,,0,80,,4491,12,,,0,38,,4481,12,,,0,78,,4492,12,,,0,34,,4482,12,,,0,76,,4493,12,,,0,75,,4483,12,,,0,35,,4494,12,,,0,78,,4495,12,,,0,105,,4500,12,,,0,105,,4499,12,,,0,105,,4498,12,,,0,105,,4496,12,,,0,101,,4497,12,0,14 15,0
6000,'CsRoyOffKerOff',627,,4513,12,,,0,82,,4503,12,,,0,31,,4514,12,,,0,80,,4504,12,,,0,35,,4515,12,,,0,74,,4505,12,,,0,76,,4516,12,,,0,34,,4506,12,,,0,75,,4517,12,,,0,33,,4507,12,,,0,76,,4518,12,,,0,35,,4508,12,,,0,68,,4519,12,,,0,77,,4530,12,,,0,25,,4509,12,,,0,80,,4520,12,,,0,38,,4510,12,,,0,78,,4521,12,,,0,34,,4511,12,,,0,76,,4522,12,,,0,75,,4512,12,,,0,35,,4523,12,,,0,78,,4524,12,,,0,105,,4529,12,,,0,105,,4528,12,,,0,105,,4527,12,,,0,105,,4525,12,,,0,101,,4526,12,0,14 15,0
6000,'Dimanche',849,,4531,12,,,0,105,,4532,12,,,0,104,,4534,12,,,0,147,,4536,12,,,0,104,,4537,12,,,0,104,,4538,12,,,0,105,,4539,12,,,0,104,,4540,12,,,0,106,,4535,12,,,0,105,,4533,12,,,0
6000,'EventOff',627,,4552,12,,,0,82,,4542,12,,,0,31,,4553,12,,,0,80,,4543,12,,,0,35,,4554,12,,,0,74,,4544,12,,,0,76,,4555,12,,,0,34,,4545,12,,,0,75,,4556,12,,,0,33,,4546,12,,,0,76,,4557,12,,,0,35,,4547,12,,,0,68,,4558,12,,,0,77,,4569,12,,,0,25,,4548,12,,,0,80,,4559,12,,,0,38,,4549,12,,,0,78,,4560,12,,,0,34,,4550,12,,,0,76,,4561,12,,,0,75,,4551,12,,,0,35,,4562,12,,,0,78,,4563,12,,,0,105,,4568,12,,,0,105,,4567,12,,,0,105,,4566,12,,,0,105,,4564,12,,,0,101,,4565,12,0,14 15,0
6000,'EventOn',627,,4581,12,,,0,82,,4571,12,,,0,31,,4582,12,,,0,80,,4572,12,,,0,35,,4583,12,,,0,74,,4573,12,,,0,76,,4584,12,,,0,34,,4574,12,,,0,75,,4585,12,,,0,33,,4575,12,,,0,76,,4586,12,,,0,35,,4576,12,,,0,68,,4587,12,,,0,77,,4598,12,,,0,25,,4577,12,,,0,80,,4588,12,,,0,38,,4578,12,,,0,78,,4589,12,,,0,34,,4579,12,,,0,76,,4590,12,,,0,75,,4580,12,,,0,35,,4591,12,,,0,78,,4592,12,,,0,105,,4597,12,,,0,105,,4596,12,,,0,105,,4595,12,,,0,105,,4593,12,,,0,101,,4594,12,0,14 15,0
6000,'KerOffPriveOff',627,,4613,12,,,0,82,,4603,12,,,0,31,,4614,12,,,0,80,,4604,12,,,0,35,,4615,12,,,0,74,,4605,12,,,0,76,,4616,12,,,0,34,,4606,12,,,0,75,,4617,12,,,0,33,,4607,12,,,0,76,,4618,12,,,0,35,,4608,12,,,0,68,,4619,12,,,0,77,,4630,12,,,0,25,,4609,12,,,0,80,,4620,12,,,0,38,,4610,12,,,0,78,,4621,12,,,0,34,,4611,12,,,0,76,,4622,12,,,0,75,,4612,12,,,0,35,,4623,12,,,0,78,,4624,12,,,0,105,,4629,12,,,0,105,,4628,12,,,0,105,,4627,12,,,0,105,,4625,12,,,0,101,,4626,12,0,14 15,0
6000,'Samedi',619,,4639,12,,,0,104,,4645,12,,,0,105,,4634,12,,,0,105,,4640,12,,,0,106,,4646,12,,,0,105,,4635,12,,,0,105,,4641,12,,,0,106,,4647,12,,,0,104,,4636,12,,,0,145,,4642,12,,,0,104,,4648,12,,,0,105,,4637,12,,,0,105,,4643,12,,,0,105,,4649,12,,,0,105,,4638,12,,,0,105,,4644,12,,,0,105,,4650,12,,,0,100,,4651,12,0,14 15,0
111800500,'CsRoyOff',1549,,4937,10,,,0
111800500,'CsRoyOffKerOff',1549,,4938,10,,,0
111800500,'EventOn',1549,,4940,10,,,0
