1201,'CsRoyOff',633,,2619,34,,,0,113,,2620,34,,,0,108,,2621,34,,,0,150,,2622,34,,,0,110,,2623,34,,,0,110,,2624,34,,,0,109,,2625,34,,,0,107,,2626,34,,,0,115,,2627,34,,,0,158,,2628,34,,,0,112,,2629,34,,,0,103,,2630,34,,,0,105,,2633,34,,,0,105,,2632,34,,,0,105,,2631,34,,,0,105,,2634,34,,,0
1201,'CsRoyOffKerOff',633,,2635,34,,,0,113,,2636,34,,,0,108,,2637,34,,,0,150,,2638,34,,,0,110,,2639,34,,,0,110,,2640,34,,,0,109,,2641,34,,,0,107,,2642,34,,,0,115,,2643,34,,,0,158,,2644,34,,,0,112,,2645,34,,,0,103,,2646,34,,,0,105,,2649,34,,,0,105,,2648,34,,,0,105,,2647,34,,,0,105,,2650,34,,,0
1201,'Dimanche',854,,2652,34,,,0,105,,2653,34,,,0,144,,2655,34,,,0,106,,2656,34,,,0,104,,2657,34,,,0,105,,2658,34,,,0,105,,2659,34,,,0,104,,2660,34,,,0,106,,2651,34,,,0,105,,2654,34,,,0
1201,'EventOff',633,,2661,34,,,0,113,,2662,34,,,0,108,,2663,34,,,0,150,,2664,34,,,0,110,,2665,34,,,0,110,,2666,34,,,0,109,,2667,34,,,0,107,,2668,34,,,0,115,,2669,34,,,0,158,,2670,34,,,0,112,,2671,34,,,0,103,,2672,34,,,0,105,,2675,34,,,0,105,,2674,34,,,0,105,,2673,34,,,0,105,,2676,34,,,0
1201,'EventOn',633,,2677,34,,,0,113,,2678,34,,,0,108,,2679,34,,,0,150,,2680,34,,,0,110,,2681,34,,,0,110,,2682,34,,,0,109,,2683,34,,,0,107,,2684,34,,,0,115,,2685,34,,,0,158,,2686,34,,,0,112,,2687,34,,,0,103,,2688,34,,,0,105,,2691,34,,,0,105,,2690,34,,,0,105,,2689,34,,,0,105,,2692,34,,,0
1201,'KerOffPriveOff',633,,2693,34,,,0,113,,2694,34,,,0,108,,2695,34,,,0,150,,2696,34,,,0,110,,2697,34,,,0,110,,2698,34,,,0,109,,2699,34,,,0,107,,2700,34,,,0,115,,2701,34,,,0,158,,2702,34,,,0,112,,2703,34,,,0,103,,2704,34,,,0,105,,2707,34,,,0,105,,2706,34,,,0,105,,2705,34,,,0,105,,2708,34,,,0
1201,'Samedi',625,,2709,34,,,0,104,,2710,34,,,0,105,,2711,34,,,0,105,,2712,34,,,0,106,,2713,34,,,0,104,,2714,34,,,0,105,,2715,34,,,0,146,,2716,34,,,0,105,,2717,34,,,0,105,,2718,34,,,0,104,,2719,34,,,0,105,,2720,34,,,0,105,,2721,34,,,0,105,,2722,34,,,0,105,,2723,34,,,0,105,,2724,34,,,0,105,,2725,34,,,0
1700,'CsRoyOff',640,,3336,13,,,0,80,,3337,13,,,0,37,,3338,13,,,0,79,,3339,13,,,0,74,,3340,13,,,0,35,,3341,13,,,0,75,,3342,13,,,0,35,,3343,13,,,0,75,,3344,13,,,0,76,,3345,13,,,0,35,,3346,13,,,0,75,,3347,13,,,0,35,,3348,13,,,0,75,,3349,13,,,0,77,,3350,13,,,0,41,,3351,13,,,0,77,,3352,13,,,0,35,,3353,13,,,0,69,,3354,13,,,0,79,,3355,13,,,0,33,,3356,13,,,0
1700,'CsRoyOffKerOff',640,,3357,13,,,0,80,,3358,13,,,0,37,,3359,13,,,0,79,,3360,13,,,0,74,,3361,13,,,0,35,,3362,13,,,0,75,,3363,13,,,0,35,,3364,13,,,0,75,,3365,13,,,0,76,,3366,13,,,0,35,,3367,13,,,0,75,,3368,13,,,0,35,,3369,13,,,0,75,,3370,13,,,0,77,,3371,13,,,0,41,,3372,13,,,0,77,,3373,13,,,0,35,,3374,13,,,0,69,,3375,13,,,0,79,,3376,13,,,0,33,,3377,13,,,0
1700,'EventOff',640,,3378,13,,,0,80,,3379,13,,,0,37,,3380,13,,,0,79,,3381,13,,,0,74,,3382,13,,,0,35,,3383,13,,,0,75,,3384,13,,,0,35,,3385,13,,,0,75,,3386,13,,,0,76,,3387,13,,,0,35,,3388,13,,,0,75,,3389,13,,,0,35,,3390,13,,,0,75,,3391,13,,,0,77,,3392,13,,,0,41,,3393,13,,,0,77,,3394,13,,,0,35,,3395,13,,,0,69,,3396,13,,,0,79,,3397,13,,,0,33,,3398,13,,,0
1700,'EventOn',640,,3399,13,,,0,80,,3400,13,,,0,37,,3401,13,,,0,79,,3402,13,,,0,74,,3403,13,,,0,35,,3404,13,,,0,75,,3405,13,,,0,35,,3406,13,,,0,75,,3407,13,,,0,76,,3408,13,,,0,35,,3409,13,,,0,75,,3410,13,,,0,35,,3411,13,,,0,75,,3412,13,,,0,77,,3413,13,,,0,41,,3414,13,,,0,77,,3415,13,,,0,35,,3416,13,,,0,69,,3417,13,,,0,79,,3418,13,,,0,33,,3419,13,,,0
1700,'KerOffPriveOff',640,,3420,13,,,0,80,,3421,13,,,0,37,,3422,13,,,0,79,,3423,13,,,0,74,,3424,13,,,0,35,,3425,13,,,0,75,,3426,13,,,0,35,,3427,13,,,0,75,,3428,13,,,0,76,,3429,13,,,0,35,,3430,13,,,0,75,,3431,13,,,0,35,,3432,13,,,0,75,,3433,13,,,0,77,,3434,13,,,0,41,,3435,13,,,0,77,,3436,13,,,0,35,,3437,13,,,0,69,,3438,13,,,0,79,,3439,13,,,0,33,,3440,13,,,0
111800501,'CsRoyOff',746,,4941,16,,,0,880,,4942,16,0,14 15,0
111800501,'CsRoyOffKerOff',1626,,4943,16,0,14 15,0
111800501,'EventOn',746,,4944,16,,,0,880,,4945,16,0,14 15,0
19200300001,'CsRoyOff',746,,5015,17,0,11 18,0
19200300001,'CsRoyOffKerOff',746,,5016,17,0,11 18,0
19200300001,'EventOn',746,,5017,17,0,11 18,0
