2500,'CsRoyOff',612,,3573,11,,,0,29,,3548,38,,,0,75,,3546,38,,,0,10,,3575,21,0,21,0,30,,3549,38,,,0,75,,3547,38,,,0,76,,3550,38,,,0,34,,3551,38,,,0,75,,3552,38,,,0,35,,3553,38,,,0,75,,3554,38,,,0,75,,3555,38,,,0,35,,3556,38,,,0,75,,3557,38,,,0,35,,3558,38,,,0,75,,3559,38,,,0,35,,3560,38,,,0,81,,3561,38,,,0,70,,3576,21,,,0,8,,3562,38,,,0,36,,3563,38,,,0,75,,3564,38,,,0,75,,3565,38,,,0,35,,3566,38,,,0,75,,3567,38,,,0,104,,3568,38,,,0,105,,3569,38,,,0,105,,3570,38,,,0,105,,3571,38,,,0,105,,3572,38,,,0
2500,'CsRoyOffKerOff',612,,3604,11,,,0,29,,3579,38,,,0,75,,3577,38,,,0,10,,3605,21,0,21,0,30,,3580,38,,,0,75,,3578,38,,,0,76,,3581,38,,,0,34,,3582,38,,,0,75,,3583,38,,,0,35,,3584,38,,,0,75,,3585,38,,,0,75,,3586,38,,,0,35,,3587,38,,,0,75,,3588,38,,,0,35,,3589,38,,,0,75,,3590,38,,,0,35,,3591,38,,,0,81,,3592,38,,,0,70,,3606,21,,,0,8,,3593,38,,,0,36,,3594,38,,,0,75,,3595,38,,,0,75,,3596,38,,,0,35,,3597,38,,,0,75,,3598,38,,,0,104,,3599,38,,,0,105,,3600,38,,,0,105,,3601,38,,,0,105,,3602,38,,,0,105,,3603,38,,,0
2500,'Dimanche',837,,3617,11,,,0,104,,3610,38,,,0,105,,3611,38,,,0,105,,3612,38,,,0,105,,3613,38,,,0,145,,3614,38,,,0,105,,3615,38,,,0,105,,3616,38,,,0,105,,3608,38,,,0,105,,3609,38,,,0,105,,3607,38,,,0
2500,'EventOff',612,,3645,11,,,0,29,,3620,38,,,0,75,,3618,38,,,0,40,,3621,38,,,0,75,,3619,38,,,0,76,,3622,38,,,0,34,,3623,38,,,0,75,,3624,38,,,0,35,,3625,38,,,0,75,,3626,38,,,0,75,,3627,38,,,0,35,,3628,38,,,0,75,,3629,38,,,0,35,,3630,38,,,0,75,,3631,38,,,0,35,,3632,38,,,0,81,,3633,38,,,0,78,,3634,38,,,0,36,,3635,38,,,0,75,,3636,38,,,0,75,,3637,38,,,0,35,,3638,38,,,0,75,,3639,38,,,0,104,,3640,38,,,0,105,,3641,38,,,0,105,,3642,38,,,0,105,,3643,38,,,0,105,,3644,38,,,0
2500,'EventOn',612,,3673,11,,,0,29,,3648,38,,,0,74,,3674,11,0,9,0,1,,3646,38,,,0,10,,3677,21,0,21,0,30,,3649,38,,,0,75,,3647,38,,,0,76,,3650,38,,,0,34,,3651,38,,,0,75,,3652,38,,,0,35,,3653,38,,,0,75,,3654,38,,,0,75,,3655,38,,,0,35,,3656,38,,,0,75,,3657,38,,,0,35,,3658,38,,,0,75,,3659,38,,,0,35,,3660,38,,,0,81,,3661,38,,,0,19,,3680,12,,,0,51,,3679,21,,,0,5,,3678,40,,,0,3,,3662,38,,,0,36,,3663,38,,,0,75,,3664,38,,,0,75,,3665,38,,,0,35,,3666,38,,,0,75,,3667,38,,,0,104,,3668,38,,,0,105,,3669,38,,,0,105,,3670,38,,,0,105,,3671,38,,,0,105,,3672,38,,,0
2500,'KerOffPriveOff',612,,3708,11,,,0,29,,3683,38,,,0,74,,3709,11,0,9,0,1,,3681,38,,,0,40,,3684,38,,,0,75,,3682,38,,,0,76,,3685,38,,,0,34,,3686,38,,,0,75,,3687,38,,,0,35,,3688,38,,,0,75,,3689,38,,,0,75,,3690,38,,,0,35,,3691,38,,,0,75,,3692,38,,,0,35,,3693,38,,,0,75,,3694,38,,,0,35,,3695,38,,,0,81,,3696,38,,,0,19,,3712,12,,,0,56,,3711,40,,,0,3,,3697,38,,,0,36,,3698,38,,,0,75,,3699,38,,,0,75,,3700,38,,,0,35,,3701,38,,,0,75,,3702,38,,,0,104,,3703,38,,,0,105,,3704,38,,,0,105,,3705,38,,,0,105,,3706,38,,,0,105,,3707,38,,,0
2500,'Samedi',605,,3725,11,,,0,106,,3713,38,,,0,105,,3719,38,,,0,105,,3726,38,,,0,105,,3714,38,,,0,105,,3720,38,,,0,105,,3727,38,,,0,105,,3715,38,,,0,105,,3721,38,,,0,105,,3728,38,,,0,105,,3716,38,,,0,145,,3722,38,,,0,105,,3729,38,,,0,105,,3717,38,,,0,105,,3723,38,,,0,105,,3730,38,,,0,105,,3718,38,,,0,105,,3724,38,,,0
3080300000,'EventOn',803,,4978,3,,,0
3080300000,'KerOffPriveOff',803,,4979,3,,,0
3080300001,'EventOn',1601,,4980,5,,,0
3080300001,'KerOffPriveOff',1601,,4981,5,,,0
3080400000,'EventOn',809,,4982,31,,,0
3080400000,'KerOffPriveOff',809,,4983,31,,,0
3080400001,'EventOn',1602,,4984,12,,,0
3080400001,'KerOffPriveOff',1602,,4985,12,,,0
