800,'CsRoyOff',623,,1330,11,,,0,35,,1341,11,,,0,81,,1331,11,,,0,75,,1342,11,,,0,35,,1332,11,,,0,74,,1343,11,,,0,35,,1333,11,,,0,75,,1344,11,,,0,76,,1334,11,,,0,35,,1345,11,,,0,75,,1335,11,,,0,35,,1346,11,,,0,75,,1336,11,,,0,75,,1347,11,,,0,35,,1337,11,,,0,80,,1348,11,,,0,39,,1338,11,,,0,77,,1349,11,,,0,75,,1339,11,,,0,33,,1350,11,,,0,75,,1340,11,,,0,35,,1351,11,,,0,105,,1356,11,,,0,145,,1355,11,,,0,105,,1352,11,,,0,105,,1353,11,,,0,105,,1354,11,,,0
800,'CsRoyOffKerOff',623,,1357,11,,,0,35,,1368,11,,,0,81,,1358,11,,,0,75,,1369,11,,,0,35,,1359,11,,,0,74,,1370,11,,,0,35,,1360,11,,,0,75,,1371,11,,,0,76,,1361,11,,,0,35,,1372,11,,,0,75,,1362,11,,,0,35,,1373,11,,,0,75,,1363,11,,,0,75,,1374,11,,,0,35,,1364,11,,,0,80,,1375,11,,,0,39,,1365,11,,,0,77,,1376,11,,,0,75,,1366,11,,,0,33,,1377,11,,,0,75,,1367,11,,,0,35,,1378,11,,,0,105,,1383,11,,,0,145,,1382,11,,,0,105,,1379,11,,,0,105,,1380,11,,,0,105,,1381,11,,,0
800,'Dimanche',924,,1386,11,,,0,105,,1387,11,,,0,105,,1389,11,,,0,105,,1390,11,,,0,105,,1391,11,,,0,105,,1392,11,,,0,105,,1393,11,,,0,105,,1388,11,,,0,145,,1384,11,,,0,105,,1385,11,,,0
800,'EventOff',623,,1394,11,,,0,35,,1405,11,,,0,81,,1395,11,,,0,75,,1406,11,,,0,35,,1396,11,,,0,74,,1407,11,,,0,35,,1397,11,,,0,75,,1408,11,,,0,76,,1398,11,,,0,35,,1409,11,,,0,75,,1399,11,,,0,35,,1410,11,,,0,75,,1400,11,,,0,75,,1411,11,,,0,35,,1401,11,,,0,80,,1412,11,,,0,39,,1402,11,,,0,77,,1413,11,,,0,75,,1403,11,,,0,33,,1414,11,,,0,75,,1404,11,,,0,35,,1415,11,,,0,105,,1420,11,,,0,145,,1419,11,,,0,105,,1416,11,,,0,105,,1417,11,,,0,105,,1418,11,,,0
800,'EventOn',623,,1421,11,,,0,35,,1432,11,,,0,81,,1422,11,,,0,75,,1433,11,,,0,35,,1423,11,,,0,74,,1434,11,,,0,35,,1424,11,,,0,75,,1435,11,,,0,76,,1425,11,,,0,35,,1436,11,,,0,75,,1426,11,,,0,35,,1437,11,,,0,75,,1427,11,,,0,75,,1438,11,,,0,35,,1428,11,,,0,80,,1439,11,,,0,39,,1429,11,,,0,77,,1440,11,,,0,75,,1430,11,,,0,33,,1441,11,,,0,75,,1431,11,,,0,35,,1442,11,,,0,105,,1447,11,,,0,145,,1446,11,,,0,105,,1443,11,,,0,105,,1444,11,,,0,105,,1445,11,,,0
800,'KerOffPriveOff',623,,1448,11,,,0,35,,1459,11,,,0,81,,1449,11,,,0,75,,1460,11,,,0,35,,1450,11,,,0,74,,1461,11,,,0,35,,1451,11,,,0,75,,1462,11,,,0,76,,1452,11,,,0,35,,1463,11,,,0,75,,1453,11,,,0,35,,1464,11,,,0,75,,1454,11,,,0,75,,1465,11,,,0,35,,1455,11,,,0,80,,1466,11,,,0,39,,1456,11,,,0,77,,1467,11,,,0,75,,1457,11,,,0,33,,1468,11,,,0,75,,1458,11,,,0,35,,1469,11,,,0,105,,1474,11,,,0,145,,1473,11,,,0,105,,1470,11,,,0,105,,1471,11,,,0,105,,1472,11,,,0
800,'Samedi',652,,1475,11,,,0,105,,1476,11,,,0,145,,1477,11,,,0,106,,1478,11,,,0,105,,1479,11,,,0,105,,1480,11,,,0,105,,1481,11,,,0,105,,1482,11,,,0,105,,1483,11,,,0,105,,1484,11,,,0,105,,1485,11,,,0,105,,1486,11,,,0,105,,1487,11,,,0,105,,1488,11,,,0,144,,1489,11,,,0,105,,1490,11,,,0,105,,1491,11,,,0
1201,'CsRoyOff',642,,2619,45,,,0,113,,2620,45,,,0,148,,2621,45,,,0,110,,2622,45,,,0,112,,2623,45,,,0,108,,2624,45,,,0,108,,2625,45,,,0,107,,2626,45,,,0,156,,2627,45,,,0,117,,2628,45,,,0,112,,2629,45,,,0,104,,2630,45,,,0,105,,2633,45,,,0,105,,2632,45,,,0,105,,2631,45,,,0,105,,2634,45,,,0
1201,'CsRoyOffKerOff',642,,2635,45,,,0,113,,2636,45,,,0,148,,2637,45,,,0,110,,2638,45,,,0,112,,2639,45,,,0,108,,2640,45,,,0,108,,2641,45,,,0,107,,2642,45,,,0,156,,2643,45,,,0,117,,2644,45,,,0,112,,2645,45,,,0,104,,2646,45,,,0,105,,2649,45,,,0,105,,2648,45,,,0,105,,2647,45,,,0,105,,2650,45,,,0
1201,'Dimanche',904,,2652,45,,,0,105,,2653,45,,,0,105,,2655,45,,,0,105,,2656,45,,,0,105,,2657,45,,,0,104,,2658,45,,,0,105,,2659,45,,,0,105,,2660,45,,,0,106,,2651,45,,,0,103,,2654,45,,,0
1201,'EventOff',642,,2661,45,,,0,113,,2662,45,,,0,148,,2663,45,,,0,110,,2664,45,,,0,112,,2665,45,,,0,108,,2666,45,,,0,108,,2667,45,,,0,107,,2668,45,,,0,156,,2669,45,,,0,117,,2670,45,,,0,112,,2671,45,,,0,104,,2672,45,,,0,105,,2675,45,,,0,105,,2674,45,,,0,105,,2673,45,,,0,105,,2676,45,,,0
1201,'EventOn',642,,2677,45,,,0,113,,2678,45,,,0,148,,2679,45,,,0,110,,2680,45,,,0,112,,2681,45,,,0,108,,2682,45,,,0,108,,2683,45,,,0,107,,2684,45,,,0,156,,2685,45,,,0,117,,2686,45,,,0,112,,2687,45,,,0,104,,2688,45,,,0,105,,2691,45,,,0,105,,2690,45,,,0,105,,2689,45,,,0,105,,2692,45,,,0
1201,'KerOffPriveOff',642,,2693,45,,,0,113,,2694,45,,,0,148,,2695,45,,,0,110,,2696,45,,,0,112,,2697,45,,,0,108,,2698,45,,,0,108,,2699,45,,,0,107,,2700,45,,,0,156,,2701,45,,,0,117,,2702,45,,,0,112,,2703,45,,,0,104,,2704,45,,,0,105,,2707,45,,,0,105,,2706,45,,,0,105,,2705,45,,,0,105,,2708,45,,,0
1201,'Samedi',634,,2709,45,,,0,104,,2710,45,,,0,105,,2711,45,,,0,106,,2712,45,,,0,105,,2713,45,,,0,104,,2714,45,,,0,146,,2715,45,,,0,105,,2716,45,,,0,105,,2717,45,,,0,105,,2718,45,,,0,104,,2719,45,,,0,105,,2720,45,,,0,105,,2721,45,,,0,105,,2722,45,,,0,105,,2723,45,,,0,105,,2724,45,,,0,105,,2725,45,,,0
1701,'CsRoyOff',627,,3441,16,,,0,32,,3442,16,,,0,81,,3443,16,,,0,75,,3444,16,,,0,35,,3445,16,,,0,74,,3446,16,,,0,35,,3447,16,,,0,75,,3448,16,,,0,76,,3449,16,,,0,35,,3450,16,,,0,75,,3451,16,,,0,35,,3452,16,,,0,75,,3453,16,,,0,75,,3454,16,,,0,35,,3455,16,,,0,80,,3456,16,,,0,39,,3457,16,,,0,77,,3458,16,,,0,75,,3459,16,,,0,33,,3460,16,,,0,75,,3461,16,,,0
1701,'CsRoyOffKerOff',627,,3462,16,,,0,32,,3463,16,,,0,81,,3464,16,,,0,75,,3465,16,,,0,35,,3466,16,,,0,74,,3467,16,,,0,35,,3468,16,,,0,75,,3469,16,,,0,76,,3470,16,,,0,35,,3471,16,,,0,75,,3472,16,,,0,35,,3473,16,,,0,75,,3474,16,,,0,75,,3475,16,,,0,35,,3476,16,,,0,80,,3477,16,,,0,39,,3478,16,,,0,77,,3479,16,,,0,75,,3480,16,,,0,33,,3481,16,,,0,75,,3482,16,,,0
1701,'EventOff',627,,3483,16,,,0,32,,3484,16,,,0,81,,3485,16,,,0,75,,3486,16,,,0,35,,3487,16,,,0,74,,3488,16,,,0,35,,3489,16,,,0,75,,3490,16,,,0,76,,3491,16,,,0,35,,3492,16,,,0,75,,3493,16,,,0,35,,3494,16,,,0,75,,3495,16,,,0,75,,3496,16,,,0,35,,3497,16,,,0,80,,3498,16,,,0,39,,3499,16,,,0,77,,3500,16,,,0,75,,3501,16,,,0,33,,3502,16,,,0,75,,3503,16,,,0
1701,'EventOn',627,,3504,16,,,0,32,,3505,16,,,0,81,,3506,16,,,0,75,,3507,16,,,0,35,,3508,16,,,0,74,,3509,16,,,0,35,,3510,16,,,0,75,,3511,16,,,0,76,,3512,16,,,0,35,,3513,16,,,0,75,,3514,16,,,0,35,,3515,16,,,0,75,,3516,16,,,0,75,,3517,16,,,0,35,,3518,16,,,0,80,,3519,16,,,0,39,,3520,16,,,0,77,,3521,16,,,0,75,,3522,16,,,0,33,,3523,16,,,0,75,,3524,16,,,0
1701,'KerOffPriveOff',627,,3525,16,,,0,32,,3526,16,,,0,81,,3527,16,,,0,75,,3528,16,,,0,35,,3529,16,,,0,74,,3530,16,,,0,35,,3531,16,,,0,75,,3532,16,,,0,76,,3533,16,,,0,35,,3534,16,,,0,75,,3535,16,,,0,35,,3536,16,,,0,75,,3537,16,,,0,75,,3538,16,,,0,35,,3539,16,,,0,80,,3540,16,,,0,39,,3541,16,,,0,77,,3542,16,,,0,75,,3543,16,,,0,33,,3544,16,,,0,75,,3545,16,,,0
