401,'CsRoyOff',631,,496,29,,,0,80,,509,29,,,0,32,,519,29,0,7 8,0,4,,493,29,,,0,75,,504,29,,,0,35,,500,29,,,0,75,,512,29,,,0,74,,497,29,,,0,35,,510,29,,,0,75,,494,29,,,0,35,,505,29,,,0,75,,501,29,,,0,75,,513,29,,,0,34,,498,29,,,0,75,,506,29,,,0,36,,502,29,,,0,78,,511,29,,,0,78,,495,29,,,0,39,,508,29,,,0,77,,499,29,,,0,34,,507,29,,,0,75,,503,29,,,0,107,,515,29,,,0,105,,518,29,,,0,105,,517,29,,,0,105,,516,29,,,0,105,,514,29,,,0
401,'CsRoyOffKerOff',631,,523,29,,,0,80,,536,29,,,0,32,,546,29,0,7 8,0,4,,520,29,,,0,75,,531,29,,,0,35,,527,29,,,0,75,,539,29,,,0,74,,524,29,,,0,35,,537,29,,,0,75,,521,29,,,0,35,,532,29,,,0,75,,528,29,,,0,75,,540,29,,,0,34,,525,29,,,0,75,,533,29,,,0,36,,529,29,,,0,78,,538,29,,,0,78,,522,29,,,0,39,,535,29,,,0,77,,526,29,,,0,34,,534,29,,,0,75,,530,29,,,0,107,,542,29,,,0,105,,545,29,,,0,105,,544,29,,,0,105,,543,29,,,0,105,,541,29,,,0
401,'Dimanche',859,,549,29,,,0,145,,550,29,,,0,105,,551,29,,,0,105,,552,29,,,0,105,,553,29,,,0,105,,554,29,,,0,106,,555,29,,,0,104,,556,29,,,0,106,,548,29,,,0,104,,547,29,,,0
401,'EventOff',631,,560,29,,,0,80,,573,29,,,0,36,,557,29,,,0,75,,568,29,,,0,35,,564,29,,,0,75,,576,29,,,0,74,,561,29,,,0,35,,574,29,,,0,75,,558,29,,,0,35,,569,29,,,0,75,,565,29,,,0,75,,577,29,,,0,34,,562,29,,,0,75,,570,29,,,0,36,,566,29,,,0,78,,575,29,,,0,78,,559,29,,,0,39,,572,29,,,0,77,,563,29,,,0,34,,571,29,,,0,75,,567,29,,,0,107,,579,29,,,0,105,,582,29,,,0,105,,581,29,,,0,105,,580,29,,,0,105,,578,29,,,0
401,'EventOn',631,,586,29,,,0,80,,599,29,,,0,32,,609,29,0,7 8,0,4,,583,29,,,0,75,,594,29,,,0,35,,590,29,,,0,75,,602,29,,,0,74,,587,29,,,0,35,,600,29,,,0,75,,584,29,,,0,35,,595,29,,,0,75,,591,29,,,0,75,,603,29,,,0,34,,588,29,,,0,75,,596,29,,,0,36,,592,29,,,0,78,,601,29,,,0,78,,585,29,,,0,39,,598,29,,,0,77,,589,29,,,0,34,,597,29,,,0,75,,593,29,,,0,107,,605,29,,,0,105,,608,29,,,0,105,,607,29,,,0,105,,606,29,,,0,105,,604,29,,,0
401,'KerOffPriveOff',631,,613,29,,,0,80,,626,29,,,0,32,,636,29,0,7 8,0,4,,610,29,,,0,75,,621,29,,,0,35,,617,29,,,0,75,,629,29,,,0,74,,614,29,,,0,35,,627,29,,,0,75,,611,29,,,0,35,,622,29,,,0,75,,618,29,,,0,75,,630,29,,,0,34,,615,29,,,0,75,,623,29,,,0,36,,619,29,,,0,78,,628,29,,,0,78,,612,29,,,0,39,,625,29,,,0,77,,616,29,,,0,34,,624,29,,,0,75,,620,29,,,0,107,,632,29,,,0,105,,635,29,,,0,105,,634,29,,,0,105,,633,29,,,0,105,,631,29,,,0
401,'Samedi',629,,637,29,,,0,105,,638,29,,,0,104,,639,29,,,0,104,,640,29,,,0,105,,641,29,,,0,105,,642,29,,,0,105,,643,29,,,0,145,,644,29,,,0,105,,645,29,,,0,105,,646,29,,,0,105,,647,29,,,0,106,,648,29,,,0,105,,649,29,,,0,105,,650,29,,,0,106,,651,29,,,0,105,,652,29,,,0,105,,653,29,,,0
500,'CsRoyOff',635,,654,28,,,0,77,,663,28,,,0,26,,681,28,,,0,15,,671,28,,,0,75,,668,28,,,0,75,,659,28,,,0,35,,655,28,,,0,75,,664,28,,,0,35,,672,28,,,0,75,,667,28,,,0,35,,660,28,,,0,75,,656,28,,,0,75,,665,28,,,0,35,,673,28,,,0,75,,670,28,,,0,35,,661,28,,,0,80,,657,28,,,0,78,,666,28,,,0,36,,674,28,,,0,75,,669,28,,,0,35,,662,28,,,0,73,,658,28,,,0,75,,680,28,,,0,105,,679,28,,,0,105,,678,28,,,0,105,,677,28,,,0,105,,676,28,,,0,105,,675,28,,,0
500,'CsRoyOffKerOff',635,,682,28,,,0,77,,691,28,,,0,26,,709,28,,,0,15,,699,28,,,0,75,,696,28,,,0,75,,687,28,,,0,35,,683,28,,,0,75,,692,28,,,0,35,,700,28,,,0,75,,695,28,,,0,35,,688,28,,,0,75,,684,28,,,0,75,,693,28,,,0,35,,701,28,,,0,75,,698,28,,,0,35,,689,28,,,0,80,,685,28,,,0,78,,694,28,,,0,36,,702,28,,,0,75,,697,28,,,0,35,,690,28,,,0,73,,686,28,,,0,75,,708,28,,,0,105,,707,28,,,0,105,,706,28,,,0,105,,705,28,,,0,105,,704,28,,,0,105,,703,28,,,0
500,'Dimanche',935,,712,28,,,0,105,,715,28,,,0,105,,714,28,,,0,105,,716,28,,,0,107,,717,28,,,0,145,,718,28,,,0,105,,719,28,,,0,105,,713,28,,,0,105,,710,28,,,0,103,,711,28,,,0
500,'EventOff',635,,720,28,,,0,77,,729,28,,,0,26,,747,28,,,0,15,,737,28,,,0,75,,734,28,,,0,75,,725,28,,,0,35,,721,28,,,0,75,,730,28,,,0,35,,738,28,,,0,75,,733,28,,,0,35,,726,28,,,0,75,,722,28,,,0,75,,731,28,,,0,35,,739,28,,,0,75,,736,28,,,0,35,,727,28,,,0,80,,723,28,,,0,78,,732,28,,,0,36,,740,28,,,0,75,,735,28,,,0,35,,728,28,,,0,73,,724,28,,,0,75,,746,28,,,0,105,,745,28,,,0,105,,744,28,,,0,105,,743,28,,,0,105,,742,28,,,0,105,,741,28,,,0
500,'EventOn',635,,748,28,,,0,77,,757,28,,,0,26,,775,28,,,0,15,,765,28,,,0,75,,762,28,,,0,75,,753,28,,,0,35,,749,28,,,0,75,,758,28,,,0,35,,766,28,,,0,75,,761,28,,,0,35,,754,28,,,0,75,,750,28,,,0,75,,759,28,,,0,35,,767,28,,,0,75,,764,28,,,0,35,,755,28,,,0,80,,751,28,,,0,78,,760,28,,,0,12,,776,28,,,0,24,,768,28,,,0,75,,763,28,,,0,35,,756,28,,,0,73,,752,28,,,0,75,,774,28,,,0,105,,773,28,,,0,105,,772,28,,,0,105,,771,28,,,0,105,,770,28,,,0,105,,769,28,,,0
500,'KerOffPriveOff',635,,777,28,,,0,77,,786,28,,,0,26,,804,28,,,0,15,,794,28,,,0,75,,791,28,,,0,75,,782,28,,,0,35,,778,28,,,0,75,,787,28,,,0,35,,795,28,,,0,75,,790,28,,,0,35,,783,28,,,0,75,,779,28,,,0,75,,788,28,,,0,35,,796,28,,,0,75,,793,28,,,0,35,,784,28,,,0,80,,780,28,,,0,78,,789,28,,,0,12,,805,28,,,0,24,,797,28,,,0,75,,792,28,,,0,35,,785,28,,,0,73,,781,28,,,0,75,,803,28,,,0,105,,802,28,,,0,105,,801,28,,,0,105,,800,28,,,0,105,,799,28,,,0,105,,798,28,,,0
500,'Samedi',705,,817,28,,,0,105,,806,28,,,0,105,,812,28,,,0,105,,818,28,,,0,105,,807,28,,,0,105,,813,28,,,0,107,,819,28,,,0,105,,808,28,,,0,105,,814,28,,,0,105,,820,28,,,0,105,,809,28,,,0,143,,815,28,,,0,105,,821,28,,,0,105,,810,28,,,0,105,,816,28,,,0,105,,822,28,,,0,105,,811,28,,,0
