900,'CsRoyOff',651,,1654,16,0,20,0,79,,1668,16,0,20,0,75,,1655,16,0,20,0,36,,1665,16,0,20,0,75,,1656,16,0,20,0,35,,1669,16,0,20,0,75,,1657,16,0,20,0,111,,1658,16,0,20,0,110,,1659,16,0,20,0,111,,1660,16,0,20,0,75,,1666,16,0,20,0,76,,1661,16,0,20,0,39,,1667,16,0,20,0,63,,1672,4,0,5,0,2,,1671,7,,,0,12,,1662,16,0,20,0,77,,1670,16,0,20,0,36,,1663,16,0,20,0,107,,1664,16,0,20,0
900,'CsRoyOffKerOff',651,,1673,16,0,20,0,79,,1687,16,0,20,0,75,,1674,16,0,20,0,36,,1684,16,0,20,0,75,,1675,16,0,20,0,35,,1688,16,0,20,0,75,,1676,16,0,20,0,111,,1677,16,0,20,0,110,,1678,16,0,20,0,111,,1679,16,0,20,0,75,,1685,16,0,20,0,76,,1680,16,0,20,0,39,,1686,16,0,20,0,63,,1690,4,0,5,0,14,,1681,16,0,20,0,77,,1689,16,0,20,0,36,,1682,16,0,20,0,107,,1683,16,0,20,0
900,'EventOff',651,,1691,16,0,20,0,79,,1705,16,0,20,0,75,,1692,16,0,20,0,36,,1702,16,0,20,0,75,,1693,16,0,20,0,35,,1706,16,0,20,0,75,,1694,16,0,20,0,111,,1695,16,0,20,0,110,,1696,16,0,20,0,111,,1697,16,0,20,0,75,,1703,16,0,20,0,76,,1698,16,0,20,0,39,,1704,16,0,20,0,77,,1699,16,0,20,0,77,,1707,16,0,20,0,36,,1700,16,0,20,0,107,,1701,16,0,20,0
900,'EventOn',651,,1708,16,0,20,0,79,,1722,16,0,20,0,75,,1709,16,0,20,0,36,,1719,16,0,20,0,75,,1710,16,0,20,0,35,,1723,16,0,20,0,75,,1711,16,0,20,0,111,,1712,16,0,20,0,110,,1713,16,0,20,0,111,,1714,16,0,20,0,75,,1720,16,0,20,0,76,,1715,16,0,20,0,39,,1721,16,0,20,0,63,,1726,4,0,5,0,2,,1725,7,,,0,12,,1716,16,0,20,0,77,,1724,16,0,20,0,36,,1717,16,0,20,0,107,,1718,16,0,20,0
900,'KerOffPriveOff',651,,1727,16,0,20,0,79,,1741,16,0,20,0,75,,1728,16,0,20,0,36,,1738,16,0,20,0,75,,1729,16,0,20,0,35,,1742,16,0,20,0,75,,1730,16,0,20,0,111,,1731,16,0,20,0,110,,1732,16,0,20,0,111,,1733,16,0,20,0,75,,1739,16,0,20,0,76,,1734,16,0,20,0,39,,1740,16,0,20,0,77,,1735,16,0,20,0,77,,1743,16,0,20,0,36,,1736,16,0,20,0,107,,1737,16,0,20,0
8900,'CsRoyOff',1945,,4827,17,,,0,100,,4829,17,,,0,105,,4828,17,,,0,107,,4826,17,,,0,143,,4825,17,,,0
8900,'CsRoyOffKerOff',1945,,4832,17,,,0,100,,4834,17,,,0,105,,4833,17,,,0,107,,4831,17,,,0,143,,4830,17,,,0
8900,'Dimanche',904,,4836,17,,,0,105,,4838,17,,,0,106,,4839,17,,,0,105,,4840,17,,,0,105,,4842,17,,,0,105,,4841,17,,,0,105,,4843,17,,,0,105,,4844,17,,,0,105,,4835,17,,,0,104,,4837,17,,,0
8900,'EventOff',1945,,4847,17,,,0,100,,4849,17,,,0,105,,4848,17,,,0,107,,4846,17,,,0,143,,4845,17,,,0
8900,'EventOn',1945,,4852,17,,,0,100,,4854,17,,,0,105,,4853,17,,,0,107,,4851,17,,,0,143,,4850,17,,,0
8900,'KerOffPriveOff',1945,,4857,17,,,0,100,,4859,17,,,0,105,,4858,17,,,0,107,,4856,17,,,0,143,,4855,17,,,0
8900,'Samedi',637,,4876,17,,,0,103,,4860,17,,,0,105,,4868,17,,,0,107,,4861,17,,,0,105,,4869,17,,,0,145,,4862,17,,,0,105,,4870,17,,,0,104,,4863,17,,,0,104,,4871,17,,,0,106,,4864,17,,,0,106,,4872,17,,,0,104,,4865,17,,,0,105,,4873,17,,,0,105,,4866,17,,,0,104,,4874,17,,,0,105,,4867,17,,,0,105,,4875,17,,,0
