600,'CsRoyOff',636,,1003,5,,,0,80,,995,5,,,0,19,,1015,5,0,6,0,16,,988,5,,,0,75,,999,5,,,0,33,,1005,5,,,0,75,,994,5,,,0,75,,996,5,,,0,35,,989,5,,,0,75,,1000,5,,,0,35,,1006,5,,,0,75,,992,5,,,0,75,,997,5,,,0,35,,990,5,,,0,76,,1001,5,,,0,35,,1007,5,,,0,80,,1004,5,,,0,76,,998,5,,,0,39,,991,5,,,0,75,,1002,5,,,0,35,,1008,5,,,0,74,,993,5,,,0,109,,1010,5,,,0,99,,1013,5,,,0,105,,1012,5,,,0,107,,1011,5,,,0,103,,1009,5,,,0
600,'CsRoyOffKerOff',636,,1031,5,,,0,80,,1023,5,,,0,35,,1016,5,,,0,75,,1027,5,,,0,33,,1033,5,,,0,75,,1022,5,,,0,75,,1024,5,,,0,35,,1017,5,,,0,75,,1028,5,,,0,35,,1034,5,,,0,75,,1020,5,,,0,75,,1025,5,,,0,35,,1018,5,,,0,76,,1029,5,,,0,35,,1035,5,,,0,80,,1032,5,,,0,76,,1026,5,,,0,39,,1019,5,,,0,75,,1030,5,,,0,35,,1036,5,,,0,74,,1021,5,,,0,109,,1038,5,,,0,99,,1041,5,,,0,105,,1040,5,,,0,107,,1039,5,,,0,103,,1037,5,,,0
600,'Dimanche',856,,1044,5,,,0,145,,1047,5,,,0,106,,1046,5,,,0,106,,1048,5,,,0,105,,1049,5,,,0,105,,1050,5,,,0,105,,1051,5,,,0,105,,1052,5,,,0,105,,1043,5,,,0,104,,1045,5,,,0
600,'EventOff',636,,1068,5,,,0,80,,1060,5,,,0,35,,1053,5,,,0,75,,1064,5,,,0,33,,1070,5,,,0,75,,1059,5,,,0,75,,1061,5,,,0,35,,1054,5,,,0,75,,1065,5,,,0,35,,1071,5,,,0,75,,1057,5,,,0,75,,1062,5,,,0,35,,1055,5,,,0,76,,1066,5,,,0,35,,1072,5,,,0,80,,1069,5,,,0,76,,1063,5,,,0,39,,1056,5,,,0,75,,1067,5,,,0,35,,1073,5,,,0,74,,1058,5,,,0,109,,1075,5,,,0,99,,1078,5,,,0,105,,1077,5,,,0,107,,1076,5,,,0,103,,1074,5,,,0
600,'EventOn',636,,1095,5,,,0,80,,1087,5,,,0,19,,1107,5,0,6,0,16,,1080,5,,,0,75,,1091,5,,,0,33,,1097,5,,,0,75,,1086,5,,,0,75,,1088,5,,,0,35,,1081,5,,,0,75,,1092,5,,,0,35,,1098,5,,,0,75,,1084,5,,,0,75,,1089,5,,,0,35,,1082,5,,,0,76,,1093,5,,,0,35,,1099,5,,,0,80,,1096,5,,,0,76,,1090,5,,,0,39,,1083,5,,,0,75,,1094,5,,,0,35,,1100,5,,,0,74,,1085,5,,,0,109,,1102,5,,,0,99,,1105,5,,,0,105,,1104,5,,,0,107,,1103,5,,,0,103,,1101,5,,,0
600,'KerOffPriveOff',636,,1124,5,,,0,80,,1116,5,,,0,35,,1109,5,,,0,75,,1120,5,,,0,33,,1126,5,,,0,75,,1115,5,,,0,75,,1117,5,,,0,35,,1110,5,,,0,75,,1121,5,,,0,35,,1127,5,,,0,75,,1113,5,,,0,75,,1118,5,,,0,35,,1111,5,,,0,76,,1122,5,,,0,35,,1128,5,,,0,80,,1125,5,,,0,76,,1119,5,,,0,39,,1112,5,,,0,75,,1123,5,,,0,35,,1129,5,,,0,74,,1114,5,,,0,109,,1131,5,,,0,99,,1134,5,,,0,105,,1133,5,,,0,107,,1132,5,,,0,103,,1130,5,,,0
600,'Samedi',630,,1137,5,,,0,103,,1146,5,,,0,105,,1138,5,,,0,106,,1147,5,,,0,105,,1139,5,,,0,105,,1148,5,,,0,105,,1140,5,,,0,144,,1149,5,,,0,104,,1141,5,,,0,106,,1150,5,,,0,106,,1142,5,,,0,104,,1151,5,,,0,105,,1143,5,,,0,105,,1152,5,,,0,105,,1144,5,,,0,105,,1153,5,,,0,105,,1145,5,,,0
8900,'CsRoyOff',1937,,4827,5,,,0,100,,4829,5,,,0,105,,4828,5,,,0,107,,4826,5,,,0,103,,4825,5,,,0
8900,'CsRoyOffKerOff',1937,,4832,5,,,0,100,,4834,5,,,0,105,,4833,5,,,0,107,,4831,5,,,0,103,,4830,5,,,0
8900,'Dimanche',856,,4836,5,,,0,145,,4838,5,,,0,106,,4839,5,,,0,105,,4840,5,,,0,105,,4842,5,,,0,105,,4841,5,,,0,105,,4843,5,,,0,105,,4844,5,,,0,105,,4835,5,,,0,104,,4837,5,,,0
8900,'EventOff',1937,,4847,5,,,0,100,,4849,5,,,0,105,,4848,5,,,0,107,,4846,5,,,0,103,,4845,5,,,0
8900,'EventOn',1937,,4852,5,,,0,100,,4854,5,,,0,105,,4853,5,,,0,107,,4851,5,,,0,103,,4850,5,,,0
8900,'KerOffPriveOff',1937,,4857,5,,,0,100,,4859,5,,,0,105,,4858,5,,,0,107,,4856,5,,,0,103,,4855,5,,,0
8900,'Samedi',629,,4876,5,,,0,103,,4860,5,,,0,105,,4868,5,,,0,106,,4861,5,,,0,105,,4869,5,,,0,105,,4862,5,,,0,105,,4870,5,,,0,144,,4863,5,,,0,104,,4871,5,,,0,106,,4864,5,,,0,106,,4872,5,,,0,104,,4865,5,,,0,105,,4873,5,,,0,105,,4866,5,,,0,105,,4874,5,,,0,105,,4867,5,,,0,105,,4875,5,,,0
160900101,'EventOn',734,,4948,5,,,0
160900101,'KerOffPriveOff',734,,4949,5,,,0
