1601,'CsRoyOff',625,,3244,15,,,0,115,,3229,15,,,0,110,,3230,15,,,0,150,,3231,15,,,0,110,,3232,15,,,0,110,,3233,15,,,0,110,,3234,15,,,0,110,,3235,15,,,0,116,,3236,15,,,0,155,,3237,15,,,0,110,,3238,15,,,0,108,,3239,15,,,0,100,,3240,15,,,0,105,,3241,15,,,0,105,,3243,15,,,0,105,,3242,15,,,0
1601,'CsRoyOffKerOff',625,,3260,15,,,0,115,,3245,15,,,0,110,,3246,15,,,0,150,,3247,15,,,0,110,,3248,15,,,0,110,,3249,15,,,0,110,,3250,15,,,0,110,,3251,15,,,0,116,,3252,15,,,0,155,,3253,15,,,0,110,,3254,15,,,0,108,,3255,15,,,0,100,,3256,15,,,0,105,,3257,15,,,0,105,,3259,15,,,0,105,,3258,15,,,0
1601,'Dimanche',849,,3269,15,,,0,105,,3262,15,,,0,105,,3263,15,,,0,145,,3264,15,,,0,105,,3265,15,,,0,105,,3266,15,,,0,105,,3267,15,,,0,105,,3268,15,,,0,105,,3261,15,,,0,105,,3270,15,,,0
1601,'EventOff',625,,3286,15,,,0,115,,3271,15,,,0,110,,3272,15,,,0,150,,3273,15,,,0,110,,3274,15,,,0,110,,3275,15,,,0,110,,3276,15,,,0,110,,3277,15,,,0,116,,3278,15,,,0,155,,3279,15,,,0,110,,3280,15,,,0,108,,3281,15,,,0,100,,3282,15,,,0,105,,3283,15,,,0,105,,3285,15,,,0,105,,3284,15,,,0
1601,'EventOn',625,,3302,15,,,0,115,,3287,15,,,0,110,,3288,15,,,0,150,,3289,15,,,0,110,,3290,15,,,0,110,,3291,15,,,0,110,,3292,15,,,0,110,,3293,15,,,0,116,,3294,15,,,0,155,,3295,15,,,0,110,,3296,15,,,0,108,,3297,15,,,0,100,,3298,15,,,0,105,,3299,15,,,0,105,,3301,15,,,0,105,,3300,15,,,0
1601,'KerOffPriveOff',625,,3318,15,,,0,115,,3303,15,,,0,110,,3304,15,,,0,150,,3305,15,,,0,110,,3306,15,,,0,110,,3307,15,,,0,110,,3308,15,,,0,110,,3309,15,,,0,116,,3310,15,,,0,155,,3311,15,,,0,110,,3312,15,,,0,108,,3313,15,,,0,100,,3314,15,,,0,105,,3315,15,,,0,105,,3317,15,,,0,105,,3316,15,,,0
1601,'Samedi',620,,3334,15,,,0,105,,3335,15,,,0,105,,3327,15,,,0,105,,3319,15,,,0,105,,3320,15,,,0,105,,3321,15,,,0,105,,3322,15,,,0,104,,3323,15,,,0,105,,3324,15,,,0,145,,3325,15,,,0,106,,3326,15,,,0,105,,3328,15,,,0,105,,3329,15,,,0,105,,3330,15,,,0,105,,3331,15,,,0,105,,3332,15,,,0,105,,3333,15,,,0
3080100000,'EventOn',811,,4970,2,,,0
3080100000,'KerOffPriveOff',811,,4971,2,,,0
19200100000,'CsRoyOff',711,,4998,2,,,0
19200100000,'CsRoyOffKerOff',711,,4999,2,,,0
19200100000,'EventOn',711,,5000,2,,,0
19200100000,'KerOffPriveOff',711,,5001,2,,,0
