900,'CsRoyOff',657,,1654,30,0,20,0,80,,1668,30,0,20,0,75,,1655,30,0,20,0,36,,1665,30,0,20,0,75,,1656,30,0,20,0,35,,1669,30,0,20,0,75,,1657,30,0,20,0,111,,1658,30,0,20,0,110,,1659,30,0,20,0,151,,1660,30,0,20,0,35,,1666,30,0,20,0,76,,1661,30,0,20,0,39,,1667,30,0,20,0,67,,1672,21,0,5,0,2,,1671,24,,,0,8,,1662,30,0,20,0,77,,1670,30,0,20,0,36,,1663,30,0,20,0,107,,1664,30,0,20,0
900,'CsRoyOffKerOff',657,,1673,30,0,20,0,80,,1687,30,0,20,0,75,,1674,30,0,20,0,36,,1684,30,0,20,0,75,,1675,30,0,20,0,35,,1688,30,0,20,0,75,,1676,30,0,20,0,111,,1677,30,0,20,0,110,,1678,30,0,20,0,151,,1679,30,0,20,0,35,,1685,30,0,20,0,76,,1680,30,0,20,0,39,,1686,30,0,20,0,67,,1690,21,0,5,0,10,,1681,30,0,20,0,77,,1689,30,0,20,0,36,,1682,30,0,20,0,107,,1683,30,0,20,0
900,'EventOff',657,,1691,30,0,20,0,80,,1705,30,0,20,0,75,,1692,30,0,20,0,36,,1702,30,0,20,0,75,,1693,30,0,20,0,35,,1706,30,0,20,0,75,,1694,30,0,20,0,111,,1695,30,0,20,0,110,,1696,30,0,20,0,151,,1697,30,0,20,0,35,,1703,30,0,20,0,76,,1698,30,0,20,0,39,,1704,30,0,20,0,77,,1699,30,0,20,0,77,,1707,30,0,20,0,36,,1700,30,0,20,0,107,,1701,30,0,20,0
900,'EventOn',657,,1708,30,0,20,0,80,,1722,30,0,20,0,75,,1709,30,0,20,0,36,,1719,30,0,20,0,75,,1710,30,0,20,0,35,,1723,30,0,20,0,75,,1711,30,0,20,0,111,,1712,30,0,20,0,110,,1713,30,0,20,0,151,,1714,30,0,20,0,35,,1720,30,0,20,0,76,,1715,30,0,20,0,39,,1721,30,0,20,0,67,,1726,21,0,5,0,2,,1725,24,,,0,8,,1716,30,0,20,0,77,,1724,30,0,20,0,36,,1717,30,0,20,0,107,,1718,30,0,20,0
900,'KerOffPriveOff',657,,1727,30,0,20,0,80,,1741,30,0,20,0,75,,1728,30,0,20,0,36,,1738,30,0,20,0,75,,1729,30,0,20,0,35,,1742,30,0,20,0,75,,1730,30,0,20,0,111,,1731,30,0,20,0,110,,1732,30,0,20,0,151,,1733,30,0,20,0,35,,1739,30,0,20,0,76,,1734,30,0,20,0,39,,1740,30,0,20,0,77,,1735,30,0,20,0,77,,1743,30,0,20,0,36,,1736,30,0,20,0,107,,1737,30,0,20,0
8900,'CsRoyOff',1951,,4827,31,,,0,100,,4829,31,,,0,105,,4828,31,,,0,147,,4826,31,,,0,103,,4825,31,,,0
8900,'CsRoyOffKerOff',1951,,4832,31,,,0,100,,4834,31,,,0,105,,4833,31,,,0,147,,4831,31,,,0,103,,4830,31,,,0
8900,'Dimanche',910,,4836,31,,,0,105,,4838,31,,,0,107,,4839,31,,,0,105,,4840,31,,,0,105,,4842,31,,,0,105,,4841,31,,,0,105,,4843,31,,,0,105,,4844,31,,,0,105,,4835,31,,,0,104,,4837,31,,,0
8900,'EventOff',1951,,4847,31,,,0,100,,4849,31,,,0,105,,4848,31,,,0,147,,4846,31,,,0,103,,4845,31,,,0
8900,'EventOn',1951,,4852,31,,,0,100,,4854,31,,,0,105,,4853,31,,,0,147,,4851,31,,,0,103,,4850,31,,,0
8900,'KerOffPriveOff',1951,,4857,31,,,0,100,,4859,31,,,0,105,,4858,31,,,0,147,,4856,31,,,0,103,,4855,31,,,0
8900,'Samedi',643,,4876,31,,,0,103,,4860,31,,,0,105,,4868,31,,,0,107,,4861,31,,,0,145,,4869,31,,,0,105,,4862,31,,,0,105,,4870,31,,,0,104,,4863,31,,,0,104,,4871,31,,,0,106,,4864,31,,,0,106,,4872,31,,,0,104,,4865,31,,,0,105,,4873,31,,,0,105,,4866,31,,,0,104,,4874,31,,,0,105,,4867,31,,,0,145,,4875,31,,,0
