400,'CsRoyOff',645,,341,40,4,,0,76,,325,40,4,,0,82,,337,40,4,,0,35,,333,40,4,,0,75,,345,40,4,,0,33,,330,40,4,,0,75,,342,40,4,,0,35,,326,40,4,,0,75,,338,40,4,,0,75,,334,40,4,,0,35,,346,40,4,,0,75,,331,40,4,,0,35,,339,40,4,,0,76,,335,40,4,,0,75,,343,40,4,,0,41,,327,40,4,,0,77,,352,30,4,,0,2,,329,40,4,,0,37,,332,40,4,,0,75,,340,40,4,,0,73,,336,40,4,,0,34,,344,40,4,,0,75,,328,40,4,,0,105,,351,40,4,,0,105,,350,40,4,,0,105,,349,40,4,,0,105,,348,40,4,,0,105,,347,40,4,,0
400,'CsRoyOffKerOff',645,,369,40,4,,0,76,,353,40,4,,0,82,,365,40,4,,0,35,,361,40,4,,0,75,,373,40,4,,0,33,,358,40,4,,0,75,,370,40,4,,0,35,,354,40,4,,0,75,,366,40,4,,0,75,,362,40,4,,0,35,,374,40,4,,0,75,,359,40,4,,0,35,,367,40,4,,0,76,,363,40,4,,0,75,,371,40,4,,0,41,,355,40,4,,0,77,,380,30,4,,0,2,,357,40,4,,0,37,,360,40,4,,0,75,,368,40,4,,0,73,,364,40,4,,0,34,,372,40,4,,0,75,,356,40,4,,0,105,,379,40,4,,0,105,,378,40,4,,0,105,,377,40,4,,0,105,,376,40,4,,0,105,,375,40,4,,0
400,'Dimanche',945,,384,40,4,,0,104,,385,40,4,,0,105,,386,40,4,,0,105,,387,40,4,,0,145,,388,40,4,,0,106,,389,40,4,,0,104,,390,40,4,,0,105,,381,40,4,,0,104,,383,40,4,,0,104,,382,40,4,,0
400,'EventOff',645,,407,40,4,,0,76,,391,40,4,,0,82,,403,40,4,,0,35,,399,40,4,,0,75,,411,40,4,,0,33,,396,40,4,,0,75,,408,40,4,,0,35,,392,40,4,,0,75,,404,40,4,,0,75,,400,40,4,,0,35,,412,40,4,,0,75,,397,40,4,,0,35,,405,40,4,,0,76,,401,40,4,,0,75,,409,40,4,,0,41,,393,40,4,,0,79,,395,40,4,,0,37,,398,40,4,,0,75,,406,40,4,,0,73,,402,40,4,,0,34,,410,40,4,,0,75,,394,40,4,,0,105,,417,40,4,,0,105,,416,40,4,,0,105,,415,40,4,,0,105,,414,40,4,,0,105,,413,40,4,,0
400,'EventOn',645,,434,40,4,,0,76,,418,40,4,,0,82,,430,40,4,,0,35,,426,40,4,,0,75,,438,40,4,,0,33,,423,40,4,,0,75,,435,40,4,,0,35,,419,40,4,,0,75,,431,40,4,,0,75,,427,40,4,,0,35,,439,40,4,,0,75,,424,40,4,,0,35,,432,40,4,,0,76,,428,40,4,,0,75,,436,40,4,,0,41,,420,40,4,,0,77,,446,30,4,,0,2,,422,40,4,,0,23,,445,30,4,,0,14,,425,40,4,,0,75,,433,40,4,,0,73,,429,40,4,,0,34,,437,40,4,,0,75,,421,40,4,,0,105,,444,40,4,,0,105,,443,40,4,,0,105,,442,40,4,,0,105,,441,40,4,,0,105,,440,40,4,,0
400,'KerOffPriveOff',645,,463,40,4,,0,76,,447,40,4,,0,82,,459,40,4,,0,35,,455,40,4,,0,75,,467,40,4,,0,33,,452,40,4,,0,75,,464,40,4,,0,35,,448,40,4,,0,75,,460,40,4,,0,75,,456,40,4,,0,35,,468,40,4,,0,75,,453,40,4,,0,35,,461,40,4,,0,76,,457,40,4,,0,75,,465,40,4,,0,41,,449,40,4,,0,77,,475,30,4,,0,2,,451,40,4,,0,23,,474,30,4,,0,14,,454,40,4,,0,75,,462,40,4,,0,73,,458,40,4,,0,34,,466,40,4,,0,75,,450,40,4,,0,105,,473,40,4,,0,105,,472,40,4,,0,105,,471,40,4,,0,105,,470,40,4,,0,105,,469,40,4,,0
400,'Samedi',710,,476,40,4,,0,106,,477,40,4,,0,108,,478,40,4,,0,105,,479,40,4,,0,105,,480,40,4,,0,105,,481,40,4,,0,105,,482,40,4,,0,105,,483,40,4,,0,104,,484,40,4,,0,105,,485,40,4,,0,145,,486,40,4,,0,104,,487,40,4,,0,105,,488,40,4,,0,105,,489,40,4,,0,105,,490,40,4,,0,102,,491,40,4,,0,105,,492,40,4,,0
401,'CsRoyOff',615,,496,1,,,0,37,,509,1,,,0,71,,519,1,0,7 8,0,4,,493,1,,,0,79,,504,1,,,0,35,,500,1,,,0,75,,512,1,,,0,34,,497,1,,,0,75,,510,1,,,0,75,,494,1,,,0,35,,505,1,,,0,75,,501,1,,,0,35,,513,1,,,0,74,,498,1,,,0,35,,506,1,,,0,76,,502,1,,,0,78,,511,1,,,0,38,,495,1,,,0,79,,508,1,,,0,77,,499,1,,,0,35,,507,1,,,0,75,,503,1,,,0,107,,515,1,,,0,105,,518,1,,,0,105,,517,1,,,0,105,,516,1,,,0,105,,514,1,,,0
401,'CsRoyOffKerOff',615,,523,1,,,0,37,,536,1,,,0,71,,546,1,0,7 8,0,4,,520,1,,,0,79,,531,1,,,0,35,,527,1,,,0,75,,539,1,,,0,34,,524,1,,,0,75,,537,1,,,0,75,,521,1,,,0,35,,532,1,,,0,75,,528,1,,,0,35,,540,1,,,0,74,,525,1,,,0,35,,533,1,,,0,76,,529,1,,,0,78,,538,1,,,0,38,,522,1,,,0,79,,535,1,,,0,77,,526,1,,,0,35,,534,1,,,0,75,,530,1,,,0,107,,542,1,,,0,105,,545,1,,,0,105,,544,1,,,0,105,,543,1,,,0,105,,541,1,,,0
401,'Dimanche',844,,549,1,,,0,105,,550,1,,,0,105,,551,1,,,0,105,,552,1,,,0,144,,553,1,,,0,105,,554,1,,,0,106,,555,1,,,0,104,,556,1,,,0,106,,548,1,,,0,105,,547,1,,,0
401,'EventOff',615,,560,1,,,0,37,,573,1,,,0,75,,557,1,,,0,79,,568,1,,,0,35,,564,1,,,0,75,,576,1,,,0,34,,561,1,,,0,75,,574,1,,,0,75,,558,1,,,0,35,,569,1,,,0,75,,565,1,,,0,35,,577,1,,,0,74,,562,1,,,0,35,,570,1,,,0,76,,566,1,,,0,78,,575,1,,,0,38,,559,1,,,0,79,,572,1,,,0,77,,563,1,,,0,35,,571,1,,,0,75,,567,1,,,0,107,,579,1,,,0,105,,582,1,,,0,105,,581,1,,,0,105,,580,1,,,0,105,,578,1,,,0
401,'EventOn',615,,586,1,,,0,37,,599,1,,,0,71,,609,1,0,7 8,0,4,,583,1,,,0,79,,594,1,,,0,35,,590,1,,,0,75,,602,1,,,0,34,,587,1,,,0,75,,600,1,,,0,75,,584,1,,,0,35,,595,1,,,0,75,,591,1,,,0,35,,603,1,,,0,74,,588,1,,,0,35,,596,1,,,0,76,,592,1,,,0,78,,601,1,,,0,38,,585,1,,,0,79,,598,1,,,0,77,,589,1,,,0,35,,597,1,,,0,75,,593,1,,,0,107,,605,1,,,0,105,,608,1,,,0,105,,607,1,,,0,105,,606,1,,,0,105,,604,1,,,0
401,'KerOffPriveOff',615,,613,1,,,0,37,,626,1,,,0,71,,636,1,0,7 8,0,4,,610,1,,,0,79,,621,1,,,0,35,,617,1,,,0,75,,629,1,,,0,34,,614,1,,,0,75,,627,1,,,0,75,,611,1,,,0,35,,622,1,,,0,75,,618,1,,,0,35,,630,1,,,0,74,,615,1,,,0,35,,623,1,,,0,76,,619,1,,,0,78,,628,1,,,0,38,,612,1,,,0,79,,625,1,,,0,77,,616,1,,,0,35,,624,1,,,0,75,,620,1,,,0,107,,632,1,,,0,105,,635,1,,,0,105,,634,1,,,0,105,,633,1,,,0,105,,631,1,,,0
401,'Samedi',615,,637,1,,,0,104,,638,1,,,0,104,,639,1,,,0,104,,640,1,,,0,104,,641,1,,,0,105,,642,1,,,0,105,,643,1,,,0,105,,644,1,,,0,105,,645,1,,,0,105,,646,1,,,0,145,,647,1,,,0,106,,648,1,,,0,105,,649,1,,,0,105,,650,1,,,0,106,,651,1,,,0,106,,652,1,,,0,105,,653,1,,,0
3080400000,'EventOn',750,,4982,1,,,0
3080400000,'KerOffPriveOff',750,,4983,1,,,0
3080400001,'EventOn',1619,,4984,37,4,,0
3080400001,'KerOffPriveOff',1619,,4985,37,4,,0
