2501,'CsRoyOff',631,,3731,24,,,0,74,,3733,24,,,0,40,,3732,24,,,0,77,,3734,24,,,0,33,,3752,24,,,0,74,,3735,24,,,0,75,,3736,24,,,0,35,,3737,24,,,0,75,,3738,24,,,0,35,,3739,24,,,0,75,,3740,24,,,0,35,,3741,24,,,0,75,,3742,24,,,0,75,,3743,24,,,0,35,,3744,24,,,0,78,,3745,24,,,0,79,,3746,24,,,0,38,,3747,24,,,0,76,,3748,24,,,0,35,,3749,24,,,0,75,,3750,24,,,0,33,,3751,24,,,0,75,,3753,24,,,0,104,,3754,24,,,0,105,,3755,24,,,0,105,,3756,24,,,0,105,,3757,24,,,0
2501,'CsRoyOffKerOff',631,,3759,24,,,0,74,,3761,24,,,0,40,,3760,24,,,0,77,,3762,24,,,0,33,,3780,24,,,0,74,,3763,24,,,0,75,,3764,24,,,0,35,,3765,24,,,0,75,,3766,24,,,0,35,,3767,24,,,0,75,,3768,24,,,0,35,,3769,24,,,0,75,,3770,24,,,0,75,,3771,24,,,0,35,,3772,24,,,0,78,,3773,24,,,0,79,,3774,24,,,0,38,,3775,24,,,0,76,,3776,24,,,0,35,,3777,24,,,0,75,,3778,24,,,0,33,,3779,24,,,0,75,,3781,24,,,0,104,,3782,24,,,0,105,,3783,24,,,0,105,,3784,24,,,0,105,,3785,24,,,0
2501,'Dimanche',857,,3788,24,,,0,145,,3789,24,,,0,105,,3790,24,,,0,105,,3791,24,,,0,105,,3792,24,,,0,105,,3793,24,,,0,105,,3794,24,,,0,105,,3795,24,,,0,105,,3787,24,,,0,105,,3786,24,,,0
2501,'EventOff',631,,3796,24,,,0,74,,3798,24,,,0,40,,3797,24,,,0,77,,3799,24,,,0,33,,3817,24,,,0,74,,3800,24,,,0,75,,3801,24,,,0,35,,3802,24,,,0,75,,3803,24,,,0,35,,3804,24,,,0,75,,3805,24,,,0,35,,3806,24,,,0,75,,3807,24,,,0,75,,3808,24,,,0,35,,3809,24,,,0,78,,3810,24,,,0,79,,3811,24,,,0,38,,3812,24,,,0,76,,3813,24,,,0,35,,3814,24,,,0,75,,3815,24,,,0,33,,3816,24,,,0,75,,3818,24,,,0,104,,3819,24,,,0,105,,3820,24,,,0,105,,3821,24,,,0,105,,3822,24,,,0
2501,'EventOn',631,,3823,24,,,0,74,,3825,24,,,0,31,,3850,24,0,9,0,9,,3824,24,,,0,12,,3851,24,0,10,0,65,,3826,24,,,0,33,,3844,24,,,0,74,,3827,24,,,0,75,,3828,24,,,0,35,,3829,24,,,0,75,,3830,24,,,0,35,,3831,24,,,0,75,,3832,24,,,0,35,,3833,24,,,0,75,,3834,24,,,0,75,,3835,24,,,0,35,,3836,24,,,0,78,,3837,24,,,0,79,,3838,24,,,0,38,,3839,24,,,0,76,,3840,24,,,0,35,,3841,24,,,0,75,,3842,24,,,0,33,,3843,24,,,0,75,,3845,24,,,0,104,,3846,24,,,0,105,,3847,24,,,0,105,,3848,24,,,0,105,,3849,24,,,0
2501,'KerOffPriveOff',631,,3853,24,,,0,74,,3855,24,,,0,31,,3880,24,0,9,0,9,,3854,24,,,0,12,,3881,24,0,10,0,65,,3856,24,,,0,33,,3874,24,,,0,74,,3857,24,,,0,75,,3858,24,,,0,35,,3859,24,,,0,75,,3860,24,,,0,35,,3861,24,,,0,75,,3862,24,,,0,35,,3863,24,,,0,75,,3864,24,,,0,75,,3865,24,,,0,35,,3866,24,,,0,78,,3867,24,,,0,79,,3868,24,,,0,38,,3869,24,,,0,76,,3870,24,,,0,35,,3871,24,,,0,75,,3872,24,,,0,33,,3873,24,,,0,75,,3875,24,,,0,104,,3876,24,,,0,105,,3877,24,,,0,105,,3878,24,,,0,105,,3879,24,,,0
2501,'Samedi',627,,3893,24,,,0,104,,3882,24,,,0,105,,3888,24,,,0,105,,3894,24,,,0,105,,3883,24,,,0,105,,3889,24,,,0,105,,3895,24,,,0,146,,3884,24,,,0,105,,3890,24,,,0,105,,3896,24,,,0,105,,3885,24,,,0,104,,3891,24,,,0,105,,3897,24,,,0,105,,3886,24,,,0,105,,3892,24,,,0,105,,3898,24,,,0,105,,3887,24,,,0
6000,'CsRoyOff',622,,4484,4,,,0,82,,4474,4,,,0,30,,4485,4,,,0,80,,4475,4,,,0,36,,4486,4,,,0,74,,4476,4,,,0,76,,4487,4,,,0,34,,4477,4,,,0,75,,4488,4,,,0,32,,4478,4,,,0,77,,4489,4,,,0,35,,4479,4,,,0,68,,4490,4,,,0,37,,4501,4,,,0,65,,4480,4,,,0,80,,4491,4,,,0,37,,4481,4,,,0,78,,4492,4,,,0,35,,4482,4,,,0,76,,4493,4,,,0,75,,4483,4,,,0,35,,4494,4,,,0,78,,4495,4,,,0,105,,4500,4,,,0,105,,4499,4,,,0,105,,4498,4,,,0,105,,4496,4,,,0,101,,4497,4,0,14 15,0
6000,'CsRoyOffKerOff',622,,4513,4,,,0,82,,4503,4,,,0,30,,4514,4,,,0,80,,4504,4,,,0,36,,4515,4,,,0,74,,4505,4,,,0,76,,4516,4,,,0,34,,4506,4,,,0,75,,4517,4,,,0,32,,4507,4,,,0,77,,4518,4,,,0,35,,4508,4,,,0,68,,4519,4,,,0,37,,4530,4,,,0,65,,4509,4,,,0,80,,4520,4,,,0,37,,4510,4,,,0,78,,4521,4,,,0,35,,4511,4,,,0,76,,4522,4,,,0,75,,4512,4,,,0,35,,4523,4,,,0,78,,4524,4,,,0,105,,4529,4,,,0,105,,4528,4,,,0,105,,4527,4,,,0,105,,4525,4,,,0,101,,4526,4,0,14 15,0
6000,'Dimanche',844,,4531,4,,,0,105,,4532,4,,,0,104,,4534,4,,,0,147,,4536,4,,,0,104,,4537,4,,,0,104,,4538,4,,,0,105,,4539,4,,,0,104,,4540,4,,,0,106,,4535,4,,,0,105,,4533,4,,,0
6000,'EventOff',622,,4552,4,,,0,82,,4542,4,,,0,30,,4553,4,,,0,80,,4543,4,,,0,36,,4554,4,,,0,74,,4544,4,,,0,76,,4555,4,,,0,34,,4545,4,,,0,75,,4556,4,,,0,32,,4546,4,,,0,77,,4557,4,,,0,35,,4547,4,,,0,68,,4558,4,,,0,37,,4569,4,,,0,65,,4548,4,,,0,80,,4559,4,,,0,37,,4549,4,,,0,78,,4560,4,,,0,35,,4550,4,,,0,76,,4561,4,,,0,75,,4551,4,,,0,35,,4562,4,,,0,78,,4563,4,,,0,105,,4568,4,,,0,105,,4567,4,,,0,105,,4566,4,,,0,105,,4564,4,,,0,101,,4565,4,0,14 15,0
6000,'EventOn',622,,4581,4,,,0,82,,4571,4,,,0,30,,4582,4,,,0,80,,4572,4,,,0,8,,4599,4,0,9,0,28,,4583,4,,,0,74,,4573,4,,,0,76,,4584,4,,,0,34,,4574,4,,,0,75,,4585,4,,,0,32,,4575,4,,,0,77,,4586,4,,,0,35,,4576,4,,,0,68,,4587,4,,,0,37,,4598,4,,,0,65,,4577,4,,,0,80,,4588,4,,,0,37,,4578,4,,,0,78,,4589,4,,,0,35,,4579,4,,,0,76,,4590,4,,,0,75,,4580,4,,,0,35,,4591,4,,,0,78,,4592,4,,,0,105,,4597,4,,,0,105,,4596,4,,,0,105,,4595,4,,,0,105,,4593,4,,,0,101,,4594,4,0,14 15,0
6000,'KerOffPriveOff',622,,4613,4,,,0,82,,4603,4,,,0,30,,4614,4,,,0,80,,4604,4,,,0,8,,4631,4,0,9,0,28,,4615,4,,,0,74,,4605,4,,,0,76,,4616,4,,,0,34,,4606,4,,,0,75,,4617,4,,,0,32,,4607,4,,,0,77,,4618,4,,,0,35,,4608,4,,,0,68,,4619,4,,,0,37,,4630,4,,,0,65,,4609,4,,,0,80,,4620,4,,,0,37,,4610,4,,,0,78,,4621,4,,,0,35,,4611,4,,,0,76,,4622,4,,,0,75,,4612,4,,,0,35,,4623,4,,,0,78,,4624,4,,,0,105,,4629,4,,,0,105,,4628,4,,,0,105,,4627,4,,,0,105,,4625,4,,,0,101,,4626,4,0,14 15,0
6000,'Samedi',614,,4639,4,,,0,104,,4645,4,,,0,105,,4634,4,,,0,105,,4640,4,,,0,106,,4646,4,,,0,105,,4635,4,,,0,105,,4641,4,,,0,106,,4647,4,,,0,104,,4636,4,,,0,105,,4642,4,,,0,144,,4648,4,,,0,105,,4637,4,,,0,105,,4643,4,,,0,105,,4649,4,,,0,105,,4638,4,,,0,105,,4644,4,,,0,105,,4650,4,,,0,100,,4651,4,0,14 15,0
111800500,'CsRoyOff',1543,,4937,2,,,0
111800500,'CsRoyOffKerOff',1543,,4938,2,,,0
111800500,'EventOn',1543,,4940,2,,,0
