801,'CsRoyOff',634,,1503,36,,,0,80,,1492,36,,,0,35,,1504,36,,,0,81,,1493,36,,,0,74,,1505,36,,,0,34,,1494,36,,,0,75,,1506,36,,,0,35,,1495,36,,,0,75,,1507,36,,,0,36,,1496,36,,,0,75,,1508,36,,,0,75,,1497,36,,,0,35,,1509,36,,,0,75,,1498,36,,,0,35,,1510,36,,,0,80,,1499,36,,,0,77,,1511,36,,,0,37,,1500,36,,,0,77,,1512,36,,,0,34,,1501,36,,,0,74,,1513,36,,,0,74,,1502,36,,,0,34,,1514,36,,,0,104,,1518,36,,,0,105,,1517,36,,,0,105,,1515,36,,,0,145,,1516,36,,,0
801,'CsRoyOffKerOff',634,,1530,36,,,0,80,,1519,36,,,0,35,,1531,36,,,0,81,,1520,36,,,0,74,,1532,36,,,0,34,,1521,36,,,0,75,,1533,36,,,0,35,,1522,36,,,0,75,,1534,36,,,0,36,,1523,36,,,0,75,,1535,36,,,0,75,,1524,36,,,0,35,,1536,36,,,0,75,,1525,36,,,0,35,,1537,36,,,0,80,,1526,36,,,0,77,,1538,36,,,0,37,,1527,36,,,0,77,,1539,36,,,0,34,,1528,36,,,0,74,,1540,36,,,0,74,,1529,36,,,0,34,,1541,36,,,0,104,,1545,36,,,0,105,,1544,36,,,0,105,,1542,36,,,0,145,,1543,36,,,0
801,'Dimanche',904,,1547,36,,,0,105,,1548,36,,,0,105,,1549,36,,,0,104,,1552,36,,,0,105,,1551,36,,,0,105,,1553,36,,,0,105,,1554,36,,,0,105,,1555,36,,,0,105,,1550,36,,,0,105,,1546,36,,,0
801,'EventOff',634,,1567,36,,,0,80,,1556,36,,,0,35,,1568,36,,,0,81,,1557,36,,,0,74,,1569,36,,,0,34,,1558,36,,,0,75,,1570,36,,,0,35,,1559,36,,,0,75,,1571,36,,,0,36,,1560,36,,,0,75,,1572,36,,,0,75,,1561,36,,,0,35,,1573,36,,,0,75,,1562,36,,,0,35,,1574,36,,,0,80,,1563,36,,,0,77,,1575,36,,,0,37,,1564,36,,,0,77,,1576,36,,,0,34,,1565,36,,,0,74,,1577,36,,,0,74,,1566,36,,,0,34,,1578,36,,,0,104,,1582,36,,,0,105,,1581,36,,,0,105,,1579,36,,,0,145,,1580,36,,,0
801,'EventOn',634,,1594,36,,,0,80,,1583,36,,,0,35,,1595,36,,,0,81,,1584,36,,,0,74,,1596,36,,,0,34,,1585,36,,,0,75,,1597,36,,,0,35,,1586,36,,,0,75,,1598,36,,,0,36,,1587,36,,,0,75,,1599,36,,,0,75,,1588,36,,,0,35,,1600,36,,,0,75,,1589,36,,,0,35,,1601,36,,,0,80,,1590,36,,,0,77,,1602,36,,,0,37,,1591,36,,,0,77,,1603,36,,,0,34,,1592,36,,,0,74,,1604,36,,,0,74,,1593,36,,,0,34,,1605,36,,,0,104,,1609,36,,,0,105,,1608,36,,,0,105,,1606,36,,,0,145,,1607,36,,,0
801,'KerOffPriveOff',634,,1621,36,,,0,80,,1610,36,,,0,35,,1622,36,,,0,81,,1611,36,,,0,74,,1623,36,,,0,34,,1612,36,,,0,75,,1624,36,,,0,35,,1613,36,,,0,75,,1625,36,,,0,36,,1614,36,,,0,75,,1626,36,,,0,75,,1615,36,,,0,35,,1627,36,,,0,75,,1616,36,,,0,35,,1628,36,,,0,80,,1617,36,,,0,77,,1629,36,,,0,37,,1618,36,,,0,77,,1630,36,,,0,34,,1619,36,,,0,74,,1631,36,,,0,74,,1620,36,,,0,34,,1632,36,,,0,104,,1636,36,,,0,105,,1635,36,,,0,105,,1633,36,,,0,145,,1634,36,,,0
801,'Samedi',633,,1637,36,,,0,105,,1638,36,,,0,106,,1639,36,,,0,105,,1640,36,,,0,106,,1641,36,,,0,104,,1642,36,,,0,145,,1643,36,,,0,105,,1644,36,,,0,104,,1645,36,,,0,106,,1646,36,,,0,105,,1647,36,,,0,105,,1648,36,,,0,105,,1649,36,,,0,106,,1650,36,,,0,105,,1651,36,,,0,105,,1652,36,,,0,103,,1653,36,,,0
1200,'CsRoyOff',654,,2509,8,,,0,155,,2510,8,,,0,110,,2511,8,,,0,110,,2512,8,,,0,110,,2513,8,,,0,109,,2514,8,,,0,110,,2515,8,,,0,155,,2516,8,,,0,118,,2517,8,,,0,108,,2518,8,,,0,110,,2519,8,,,0,105,,2523,8,,,0,105,,2522,8,,,0,145,,2521,8,,,0,105,,2520,8,,,0,105,,2524,8,,,0
1200,'CsRoyOffKerOff',654,,2526,8,,,0,155,,2527,8,,,0,110,,2528,8,,,0,110,,2529,8,,,0,110,,2530,8,,,0,109,,2531,8,,,0,110,,2532,8,,,0,155,,2533,8,,,0,118,,2534,8,,,0,108,,2535,8,,,0,110,,2536,8,,,0,105,,2540,8,,,0,105,,2539,8,,,0,145,,2538,8,,,0,105,,2537,8,,,0,105,,2541,8,,,0
1200,'Dimanche',919,,2544,8,,,0,105,,2546,8,,,0,105,,2547,8,,,0,105,,2548,8,,,0,104,,2549,8,,,0,105,,2550,8,,,0,105,,2551,8,,,0,106,,2552,8,,,0,105,,2545,8,,,0,145,,2543,8,,,0
1200,'EventOff',654,,2553,8,,,0,155,,2554,8,,,0,110,,2555,8,,,0,110,,2556,8,,,0,110,,2557,8,,,0,109,,2558,8,,,0,110,,2559,8,,,0,155,,2560,8,,,0,118,,2561,8,,,0,108,,2562,8,,,0,110,,2563,8,,,0,105,,2567,8,,,0,105,,2566,8,,,0,145,,2565,8,,,0,105,,2564,8,,,0,105,,2568,8,,,0
1200,'EventOn',654,,2569,8,,,0,155,,2570,8,,,0,110,,2571,8,,,0,110,,2572,8,,,0,110,,2573,8,,,0,109,,2574,8,,,0,110,,2575,8,,,0,155,,2576,8,,,0,118,,2577,8,,,0,108,,2578,8,,,0,110,,2579,8,,,0,105,,2583,8,,,0,105,,2582,8,,,0,145,,2581,8,,,0,105,,2580,8,,,0,105,,2584,8,,,0
1200,'KerOffPriveOff',654,,2586,8,,,0,155,,2587,8,,,0,110,,2588,8,,,0,110,,2589,8,,,0,110,,2590,8,,,0,109,,2591,8,,,0,110,,2592,8,,,0,155,,2593,8,,,0,118,,2594,8,,,0,108,,2595,8,,,0,110,,2596,8,,,0,105,,2600,8,,,0,105,,2599,8,,,0,145,,2598,8,,,0,105,,2597,8,,,0,105,,2601,8,,,0
1200,'Samedi',649,,2602,8,,,0,105,,2603,8,,,0,105,,2604,8,,,0,145,,2605,8,,,0,104,,2606,8,,,0,105,,2607,8,,,0,106,,2608,8,,,0,105,,2609,8,,,0,105,,2610,8,,,0,104,,2611,8,,,0,106,,2612,8,,,0,105,,2613,8,,,0,105,,2614,8,,,0,105,,2615,8,,,0,105,,2616,8,,,0,145,,2617,8,,,0,105,,2618,8,,,0
