900,'CsRoyOff',702,,1654,41,0,20,0,40,,1668,41,0,20,0,75,,1655,41,0,20,0,36,,1665,41,0,20,0,75,,1656,41,0,20,0,75,,1669,41,0,20,0,35,,1657,41,0,20,0,112,,1658,41,0,20,0,150,,1659,41,0,20,0,111,,1660,41,0,20,0,35,,1666,41,0,20,0,76,,1661,41,0,20,0,79,,1667,41,0,20,0,29,,1672,37,0,5,0,2,,1671,40,,,0,6,,1662,41,0,20,0,77,,1670,41,0,20,0,36,,1663,41,0,20,0,107,,1664,41,0,20,0
900,'CsRoyOffKerOff',702,,1673,41,0,20,0,40,,1687,41,0,20,0,75,,1674,41,0,20,0,36,,1684,41,0,20,0,75,,1675,41,0,20,0,75,,1688,41,0,20,0,35,,1676,41,0,20,0,112,,1677,41,0,20,0,150,,1678,41,0,20,0,111,,1679,41,0,20,0,35,,1685,41,0,20,0,76,,1680,41,0,20,0,79,,1686,41,0,20,0,29,,1690,37,0,5,0,8,,1681,41,0,20,0,77,,1689,41,0,20,0,36,,1682,41,0,20,0,107,,1683,41,0,20,0
900,'EventOff',702,,1691,41,0,20,0,40,,1705,41,0,20,0,75,,1692,41,0,20,0,36,,1702,41,0,20,0,75,,1693,41,0,20,0,75,,1706,41,0,20,0,35,,1694,41,0,20,0,112,,1695,41,0,20,0,150,,1696,41,0,20,0,111,,1697,41,0,20,0,35,,1703,41,0,20,0,76,,1698,41,0,20,0,79,,1704,41,0,20,0,37,,1699,41,0,20,0,77,,1707,41,0,20,0,36,,1700,41,0,20,0,107,,1701,41,0,20,0
900,'EventOn',702,,1708,41,0,20,0,40,,1722,41,0,20,0,75,,1709,41,0,20,0,36,,1719,41,0,20,0,75,,1710,41,0,20,0,75,,1723,41,0,20,0,35,,1711,41,0,20,0,112,,1712,41,0,20,0,150,,1713,41,0,20,0,111,,1714,41,0,20,0,35,,1720,41,0,20,0,76,,1715,41,0,20,0,79,,1721,41,0,20,0,29,,1726,37,0,5,0,2,,1725,40,,,0,6,,1716,41,0,20,0,77,,1724,41,0,20,0,36,,1717,41,0,20,0,107,,1718,41,0,20,0
900,'KerOffPriveOff',702,,1727,41,0,20,0,40,,1741,41,0,20,0,75,,1728,41,0,20,0,36,,1738,41,0,20,0,75,,1729,41,0,20,0,75,,1742,41,0,20,0,35,,1730,41,0,20,0,112,,1731,41,0,20,0,150,,1732,41,0,20,0,111,,1733,41,0,20,0,35,,1739,41,0,20,0,76,,1734,41,0,20,0,79,,1740,41,0,20,0,37,,1735,41,0,20,0,77,,1743,41,0,20,0,36,,1736,41,0,20,0,107,,1737,41,0,20,0
8900,'CsRoyOff',1957,,4827,42,,,0,100,,4829,42,,,0,145,,4828,42,,,0,107,,4826,42,,,0,103,,4825,42,,,0
8900,'CsRoyOffKerOff',1957,,4832,42,,,0,100,,4834,42,,,0,145,,4833,42,,,0,107,,4831,42,,,0,103,,4830,42,,,0
8900,'Dimanche',916,,4836,42,,,0,105,,4838,42,,,0,107,,4839,42,,,0,105,,4840,42,,,0,105,,4842,42,,,0,105,,4841,42,,,0,105,,4843,42,,,0,105,,4844,42,,,0,104,,4835,42,,,0,144,,4837,42,,,0
8900,'EventOff',1957,,4847,42,,,0,100,,4849,42,,,0,145,,4848,42,,,0,107,,4846,42,,,0,103,,4845,42,,,0
8900,'EventOn',1957,,4852,42,,,0,100,,4854,42,,,0,145,,4853,42,,,0,107,,4851,42,,,0,103,,4850,42,,,0
8900,'KerOffPriveOff',1957,,4857,42,,,0,100,,4859,42,,,0,145,,4858,42,,,0,107,,4856,42,,,0,103,,4855,42,,,0
8900,'Samedi',649,,4876,42,,,0,103,,4860,42,,,0,105,,4868,42,,,0,147,,4861,42,,,0,105,,4869,42,,,0,105,,4862,42,,,0,105,,4870,42,,,0,104,,4863,42,,,0,104,,4871,42,,,0,106,,4864,42,,,0,106,,4872,42,,,0,104,,4865,42,,,0,105,,4873,42,,,0,105,,4866,42,,,0,104,,4874,42,,,0,145,,4867,42,,,0,105,,4875,42,,,0
