1101,'CsRoyOff',641,,2344,37,,,0,80,,2355,37,,,0,36,,2363,37,,,0,1,,2341,37,,,0,73,,2351,37,,,0,73,,2336,37,,,0,35,,2348,37,,,0,75,,2345,37,,,0,35,,2356,37,,,0,76,,2342,37,,,0,75,,2352,37,,,0,35,,2337,37,,,0,75,,2349,37,,,0,35,,2346,37,,,0,76,,2353,37,,,0,35,,2338,37,,,0,81,,2340,37,,,0,76,,2343,37,,,0,39,,2350,37,,,0,74,,2347,37,,,0,74,,2354,37,,,0,34,,2339,37,,,0,73,,2361,37,,,0,35,,2362,37,,,0,102,,2360,37,,,0,105,,2359,37,,,0,105,,2358,37,,,0,104,,2357,37,,,0
1101,'CsRoyOffKerOff',641,,2373,37,,,0,80,,2384,37,,,0,36,,2392,37,,,0,1,,2370,37,,,0,73,,2380,37,,,0,73,,2365,37,,,0,35,,2377,37,,,0,75,,2374,37,,,0,35,,2385,37,,,0,76,,2371,37,,,0,75,,2381,37,,,0,35,,2366,37,,,0,75,,2378,37,,,0,35,,2375,37,,,0,76,,2382,37,,,0,35,,2367,37,,,0,81,,2369,37,,,0,76,,2372,37,,,0,39,,2379,37,,,0,74,,2376,37,,,0,74,,2383,37,,,0,34,,2368,37,,,0,73,,2390,37,,,0,35,,2391,37,,,0,102,,2389,37,,,0,105,,2388,37,,,0,105,,2387,37,,,0,104,,2386,37,,,0
1101,'Dimanche',905,,2397,37,,,0,105,,2396,37,,,0,106,,2398,37,,,0,105,,2399,37,,,0,105,,2400,37,,,0,105,,2401,37,,,0,105,,2402,37,,,0,105,,2403,37,,,0,105,,2395,37,,,0,104,,2394,37,,,0
1101,'EventOff',641,,2412,37,,,0,80,,2423,37,,,0,37,,2409,37,,,0,73,,2419,37,,,0,73,,2404,37,,,0,35,,2416,37,,,0,75,,2413,37,,,0,35,,2424,37,,,0,76,,2410,37,,,0,75,,2420,37,,,0,35,,2405,37,,,0,75,,2417,37,,,0,35,,2414,37,,,0,76,,2421,37,,,0,35,,2406,37,,,0,81,,2408,37,,,0,76,,2411,37,,,0,39,,2418,37,,,0,74,,2415,37,,,0,74,,2422,37,,,0,34,,2407,37,,,0,73,,2429,37,,,0,35,,2430,37,,,0,102,,2428,37,,,0,105,,2427,37,,,0,105,,2426,37,,,0,104,,2425,37,,,0
1101,'EventOn',641,,2439,37,,,0,80,,2450,37,,,0,36,,2458,37,,,0,1,,2436,37,,,0,73,,2446,37,,,0,73,,2431,37,,,0,35,,2443,37,,,0,75,,2440,37,,,0,35,,2451,37,,,0,76,,2437,37,,,0,75,,2447,37,,,0,35,,2432,37,,,0,75,,2444,37,,,0,35,,2441,37,,,0,76,,2448,37,,,0,35,,2433,37,,,0,81,,2435,37,,,0,20,,2460,13,,,0,56,,2438,37,,,0,39,,2445,37,,,0,74,,2442,37,,,0,74,,2449,37,,,0,34,,2434,37,,,0,73,,2456,37,,,0,35,,2457,37,,,0,102,,2455,37,,,0,105,,2454,37,,,0,105,,2453,37,,,0,104,,2452,37,,,0
1101,'KerOffPriveOff',641,,2470,37,,,0,80,,2481,37,,,0,37,,2467,37,,,0,73,,2477,37,,,0,73,,2462,37,,,0,35,,2474,37,,,0,75,,2471,37,,,0,35,,2482,37,,,0,76,,2468,37,,,0,75,,2478,37,,,0,35,,2463,37,,,0,75,,2475,37,,,0,35,,2472,37,,,0,76,,2479,37,,,0,35,,2464,37,,,0,81,,2466,37,,,0,20,,2491,13,,,0,56,,2469,37,,,0,39,,2476,37,,,0,74,,2473,37,,,0,74,,2480,37,,,0,34,,2465,37,,,0,73,,2487,37,,,0,35,,2488,37,,,0,102,,2486,37,,,0,105,,2485,37,,,0,105,,2484,37,,,0,104,,2483,37,,,0
1101,'Samedi',634,,2500,37,,,0,105,,2492,37,,,0,105,,2501,37,,,0,107,,2493,37,,,0,105,,2502,37,,,0,145,,2494,37,,,0,105,,2503,37,,,0,104,,2495,37,,,0,105,,2504,37,,,0,106,,2496,37,,,0,106,,2505,37,,,0,103,,2497,37,,,0,105,,2506,37,,,0,105,,2498,37,,,0,105,,2507,37,,,0,105,,2499,37,,,0,105,,2508,37,,,0
1301,'CsRoyOff',644,,2899,46,,,0,80,,2905,46,,,0,34,,2894,46,,,0,79,,2910,46,,,0,73,,2900,46,,,0,34,,2906,46,,,0,74,,2895,46,,,0,35,,2911,46,,,0,78,,2901,46,,,0,74,,2907,46,,,0,35,,2896,46,,,0,75,,2912,46,,,0,34,,2902,46,,,0,75,,2908,46,,,0,80,,2897,46,,,0,40,,2913,46,,,0,77,,2903,46,,,0,35,,2909,46,,,0,77,,2898,46,,,0,75,,2914,46,,,0,34,,2904,46,,,0,105,,2915,46,,,0,104,,2919,46,,,0,105,,2918,46,,,0,145,,2917,46,,,0,105,,2916,46,,,0
1301,'CsRoyOffKerOff',644,,2926,46,,,0,80,,2932,46,,,0,34,,2921,46,,,0,79,,2937,46,,,0,73,,2927,46,,,0,34,,2933,46,,,0,74,,2922,46,,,0,35,,2938,46,,,0,78,,2928,46,,,0,74,,2934,46,,,0,35,,2923,46,,,0,75,,2939,46,,,0,34,,2929,46,,,0,75,,2935,46,,,0,80,,2924,46,,,0,40,,2940,46,,,0,77,,2930,46,,,0,35,,2936,46,,,0,77,,2925,46,,,0,75,,2941,46,,,0,34,,2931,46,,,0,105,,2942,46,,,0,104,,2946,46,,,0,105,,2945,46,,,0,145,,2944,46,,,0,105,,2943,46,,,0
1301,'Dimanche',911,,2948,46,,,0,104,,2949,46,,,0,105,,2950,46,,,0,106,,2953,46,,,0,106,,2952,46,,,0,105,,2954,46,,,0,104,,2955,46,,,0,105,,2956,46,,,0,105,,2951,46,,,0,105,,2947,46,,,0
1301,'EventOff',644,,2962,46,,,0,80,,2968,46,,,0,34,,2957,46,,,0,79,,2973,46,,,0,73,,2963,46,,,0,34,,2969,46,,,0,74,,2958,46,,,0,35,,2974,46,,,0,78,,2964,46,,,0,74,,2970,46,,,0,35,,2959,46,,,0,75,,2975,46,,,0,34,,2965,46,,,0,75,,2971,46,,,0,80,,2960,46,,,0,40,,2976,46,,,0,77,,2966,46,,,0,35,,2972,46,,,0,77,,2961,46,,,0,75,,2977,46,,,0,34,,2967,46,,,0,105,,2978,46,,,0,104,,2982,46,,,0,105,,2981,46,,,0,145,,2980,46,,,0,105,,2979,46,,,0
1301,'EventOn',644,,2988,46,,,0,80,,2994,46,,,0,34,,2983,46,,,0,57,,3010,14,,,0,22,,2999,46,,,0,73,,2989,46,,,0,34,,2995,46,,,0,74,,2984,46,,,0,35,,3000,46,,,0,78,,2990,46,,,0,74,,2996,46,,,0,35,,2985,46,,,0,75,,3001,46,,,0,34,,2991,46,,,0,75,,2997,46,,,0,80,,2986,46,,,0,40,,3002,46,,,0,77,,2992,46,,,0,35,,2998,46,,,0,77,,2987,46,,,0,75,,3003,46,,,0,34,,2993,46,,,0,105,,3004,46,,,0,104,,3008,46,,,0,105,,3007,46,,,0,145,,3006,46,,,0,105,,3005,46,,,0
1301,'KerOffPriveOff',644,,3017,46,,,0,80,,3023,46,,,0,34,,3012,46,,,0,57,,3039,14,,,0,22,,3028,46,,,0,73,,3018,46,,,0,34,,3024,46,,,0,74,,3013,46,,,0,35,,3029,46,,,0,78,,3019,46,,,0,74,,3025,46,,,0,35,,3014,46,,,0,75,,3030,46,,,0,34,,3020,46,,,0,75,,3026,46,,,0,80,,3015,46,,,0,40,,3031,46,,,0,77,,3021,46,,,0,35,,3027,46,,,0,77,,3016,46,,,0,75,,3032,46,,,0,34,,3022,46,,,0,105,,3033,46,,,0,104,,3037,46,,,0,105,,3036,46,,,0,145,,3035,46,,,0,105,,3034,46,,,0
1301,'Samedi',641,,3040,46,,,0,103,,3049,46,,,0,106,,3041,46,,,0,106,,3050,46,,,0,147,,3042,46,,,0,105,,3051,46,,,0,105,,3043,46,,,0,105,,3052,46,,,0,105,,3044,46,,,0,105,,3053,46,,,0,105,,3045,46,,,0,104,,3054,46,,,0,104,,3046,46,,,0,104,,3055,46,,,0,104,,3047,46,,,0,105,,3056,46,,,0,105,,3048,46,,,0
