2500,'CsRoyOff',608,,3573,4,,,0,29,,3548,31,,,0,70,,3575,4,0,21,0,5,,3546,31,,,0,40,,3549,31,,,0,75,,3547,31,,,0,76,,3550,31,,,0,34,,3551,31,,,0,75,,3552,31,,,0,35,,3553,31,,,0,75,,3554,31,,,0,35,,3555,31,,,0,75,,3556,31,,,0,75,,3557,31,,,0,35,,3558,31,,,0,75,,3559,31,,,0,35,,3560,31,,,0,81,,3561,31,,,0,22,,3576,4,,,0,56,,3562,31,,,0,36,,3563,31,,,0,75,,3564,31,,,0,35,,3565,31,,,0,75,,3566,31,,,0,75,,3567,31,,,0,105,,3568,31,,,0,105,,3569,31,,,0,105,,3570,31,,,0,105,,3571,31,,,0,105,,3572,31,,,0
2500,'CsRoyOffKerOff',608,,3604,4,,,0,29,,3579,31,,,0,70,,3605,4,0,21,0,5,,3577,31,,,0,40,,3580,31,,,0,75,,3578,31,,,0,76,,3581,31,,,0,34,,3582,31,,,0,75,,3583,31,,,0,35,,3584,31,,,0,75,,3585,31,,,0,35,,3586,31,,,0,75,,3587,31,,,0,75,,3588,31,,,0,35,,3589,31,,,0,75,,3590,31,,,0,35,,3591,31,,,0,81,,3592,31,,,0,22,,3606,4,,,0,56,,3593,31,,,0,36,,3594,31,,,0,75,,3595,31,,,0,35,,3596,31,,,0,75,,3597,31,,,0,75,,3598,31,,,0,105,,3599,31,,,0,105,,3600,31,,,0,105,,3601,31,,,0,105,,3602,31,,,0,105,,3603,31,,,0
2500,'Dimanche',833,,3617,4,,,0,104,,3610,31,,,0,105,,3611,31,,,0,105,,3612,31,,,0,105,,3613,31,,,0,105,,3614,31,,,0,145,,3615,31,,,0,105,,3616,31,,,0,105,,3608,31,,,0,105,,3609,31,,,0,105,,3607,31,,,0
2500,'EventOff',608,,3645,4,,,0,29,,3620,31,,,0,75,,3618,31,,,0,40,,3621,31,,,0,75,,3619,31,,,0,76,,3622,31,,,0,34,,3623,31,,,0,75,,3624,31,,,0,35,,3625,31,,,0,75,,3626,31,,,0,35,,3627,31,,,0,75,,3628,31,,,0,75,,3629,31,,,0,35,,3630,31,,,0,75,,3631,31,,,0,35,,3632,31,,,0,81,,3633,31,,,0,78,,3634,31,,,0,36,,3635,31,,,0,75,,3636,31,,,0,35,,3637,31,,,0,75,,3638,31,,,0,75,,3639,31,,,0,105,,3640,31,,,0,105,,3641,31,,,0,105,,3642,31,,,0,105,,3643,31,,,0,105,,3644,31,,,0
2500,'EventOn',608,,3673,4,,,0,29,,3648,31,,,0,70,,3677,4,0,21,0,4,,3674,4,0,9,0,1,,3646,31,,,0,10,,3676,4,0,10,0,30,,3649,31,,,0,75,,3647,31,,,0,76,,3650,31,,,0,34,,3651,31,,,0,75,,3652,31,,,0,35,,3653,31,,,0,75,,3654,31,,,0,35,,3655,31,,,0,75,,3656,31,,,0,75,,3657,31,,,0,35,,3658,31,,,0,75,,3659,31,,,0,35,,3660,31,,,0,81,,3661,31,,,0,19,,3680,5,,,0,3,,3679,4,,,0,45,,3678,23,,,0,11,,3662,31,,,0,36,,3663,31,,,0,75,,3664,31,,,0,35,,3665,31,,,0,75,,3666,31,,,0,75,,3667,31,,,0,105,,3668,31,,,0,105,,3669,31,,,0,105,,3670,31,,,0,105,,3671,31,,,0,105,,3672,31,,,0
2500,'KerOffPriveOff',608,,3708,4,,,0,29,,3683,31,,,0,74,,3709,4,0,9,0,1,,3681,31,,,0,10,,3710,4,0,10,0,30,,3684,31,,,0,75,,3682,31,,,0,76,,3685,31,,,0,34,,3686,31,,,0,75,,3687,31,,,0,35,,3688,31,,,0,75,,3689,31,,,0,35,,3690,31,,,0,75,,3691,31,,,0,75,,3692,31,,,0,35,,3693,31,,,0,75,,3694,31,,,0,35,,3695,31,,,0,81,,3696,31,,,0,19,,3712,5,,,0,48,,3711,23,,,0,11,,3697,31,,,0,36,,3698,31,,,0,75,,3699,31,,,0,35,,3700,31,,,0,75,,3701,31,,,0,75,,3702,31,,,0,105,,3703,31,,,0,105,,3704,31,,,0,105,,3705,31,,,0,105,,3706,31,,,0,105,,3707,31,,,0
2500,'Samedi',601,,3725,4,,,0,106,,3713,31,,,0,105,,3719,31,,,0,105,,3726,31,,,0,105,,3714,31,,,0,105,,3720,31,,,0,105,,3727,31,,,0,105,,3715,31,,,0,105,,3721,31,,,0,105,,3728,31,,,0,105,,3716,31,,,0,105,,3722,31,,,0,145,,3729,31,,,0,105,,3717,31,,,0,105,,3723,31,,,0,105,,3730,31,,,0,105,,3718,31,,,0,105,,3724,31,,,0
3080200000,'EventOn',756,,4974,4,,,0
3080200000,'KerOffPriveOff',756,,4975,4,,,0
3080200001,'EventOn',1559,,4976,6,,,0
3080200001,'KerOffPriveOff',1559,,4977,6,,,0
3080400000,'EventOn',805,,4982,24,,,0
3080400000,'KerOffPriveOff',805,,4983,24,,,0
3080400001,'EventOn',1600,,4984,5,,,0
3080400001,'KerOffPriveOff',1600,,4985,5,,,0
