6000,'CsRoyOff',627,,4484,11,,,0,82,,4474,11,,,0,31,,4485,11,,,0,80,,4475,11,,,0,35,,4486,11,,,0,74,,4476,11,,,0,76,,4487,11,,,0,34,,4477,11,,,0,75,,4488,11,,,0,33,,4478,11,,,0,76,,4489,11,,,0,35,,4479,11,,,0,68,,4490,11,,,0,77,,4501,11,,,0,25,,4480,11,,,0,80,,4491,11,,,0,38,,4481,11,,,0,78,,4492,11,,,0,34,,4482,11,,,0,76,,4493,11,,,0,75,,4483,11,,,0,35,,4494,11,,,0,78,,4495,11,,,0,105,,4500,11,,,0,105,,4499,11,,,0,105,,4498,11,,,0,105,,4496,11,,,0,101,,4497,11,0,14 15,0
6000,'CsRoyOffKerOff',627,,4513,11,,,0,82,,4503,11,,,0,31,,4514,11,,,0,80,,4504,11,,,0,35,,4515,11,,,0,74,,4505,11,,,0,76,,4516,11,,,0,34,,4506,11,,,0,75,,4517,11,,,0,33,,4507,11,,,0,76,,4518,11,,,0,35,,4508,11,,,0,68,,4519,11,,,0,77,,4530,11,,,0,25,,4509,11,,,0,80,,4520,11,,,0,38,,4510,11,,,0,78,,4521,11,,,0,34,,4511,11,,,0,76,,4522,11,,,0,75,,4512,11,,,0,35,,4523,11,,,0,78,,4524,11,,,0,105,,4529,11,,,0,105,,4528,11,,,0,105,,4527,11,,,0,105,,4525,11,,,0,101,,4526,11,0,14 15,0
6000,'Dimanche',849,,4531,11,,,0,105,,4532,11,,,0,104,,4534,11,,,0,147,,4536,11,,,0,104,,4537,11,,,0,104,,4538,11,,,0,105,,4539,11,,,0,104,,4540,11,,,0,106,,4535,11,,,0,105,,4533,11,,,0
6000,'EventOff',627,,4552,11,,,0,82,,4542,11,,,0,31,,4553,11,,,0,80,,4543,11,,,0,35,,4554,11,,,0,74,,4544,11,,,0,76,,4555,11,,,0,34,,4545,11,,,0,75,,4556,11,,,0,33,,4546,11,,,0,76,,4557,11,,,0,35,,4547,11,,,0,68,,4558,11,,,0,77,,4569,11,,,0,25,,4548,11,,,0,80,,4559,11,,,0,38,,4549,11,,,0,78,,4560,11,,,0,34,,4550,11,,,0,76,,4561,11,,,0,75,,4551,11,,,0,35,,4562,11,,,0,78,,4563,11,,,0,105,,4568,11,,,0,105,,4567,11,,,0,105,,4566,11,,,0,105,,4564,11,,,0,101,,4565,11,0,14 15,0
6000,'EventOn',627,,4581,11,,,0,82,,4571,11,,,0,31,,4582,11,,,0,80,,4572,11,,,0,35,,4583,11,,,0,74,,4573,11,,,0,76,,4584,11,,,0,34,,4574,11,,,0,75,,4585,11,,,0,33,,4575,11,,,0,76,,4586,11,,,0,35,,4576,11,,,0,68,,4587,11,,,0,77,,4598,11,,,0,25,,4577,11,,,0,80,,4588,11,,,0,38,,4578,11,,,0,78,,4589,11,,,0,34,,4579,11,,,0,76,,4590,11,,,0,75,,4580,11,,,0,35,,4591,11,,,0,78,,4592,11,,,0,105,,4597,11,,,0,105,,4596,11,,,0,105,,4595,11,,,0,105,,4593,11,,,0,101,,4594,11,0,14 15,0
6000,'KerOffPriveOff',627,,4613,11,,,0,82,,4603,11,,,0,31,,4614,11,,,0,80,,4604,11,,,0,35,,4615,11,,,0,74,,4605,11,,,0,76,,4616,11,,,0,34,,4606,11,,,0,75,,4617,11,,,0,33,,4607,11,,,0,76,,4618,11,,,0,35,,4608,11,,,0,68,,4619,11,,,0,77,,4630,11,,,0,25,,4609,11,,,0,80,,4620,11,,,0,38,,4610,11,,,0,78,,4621,11,,,0,34,,4611,11,,,0,76,,4622,11,,,0,75,,4612,11,,,0,35,,4623,11,,,0,78,,4624,11,,,0,105,,4629,11,,,0,105,,4628,11,,,0,105,,4627,11,,,0,105,,4625,11,,,0,101,,4626,11,0,14 15,0
6000,'Samedi',619,,4639,11,,,0,104,,4645,11,,,0,105,,4634,11,,,0,105,,4640,11,,,0,106,,4646,11,,,0,105,,4635,11,,,0,105,,4641,11,,,0,106,,4647,11,,,0,104,,4636,11,,,0,145,,4642,11,,,0,104,,4648,11,,,0,105,,4637,11,,,0,105,,4643,11,,,0,105,,4649,11,,,0,105,,4638,11,,,0,105,,4644,11,,,0,105,,4650,11,,,0,100,,4651,11,0,14 15,0
111800500,'CsRoyOff',1549,,4937,9,,,0
111800500,'CsRoyOffKerOff',1549,,4938,9,,,0
111800500,'EventOn',1549,,4940,9,,,0
