1100,'EventOn',830,,2285,15,4,,0,2,,2286,19,4,,0
1100,'KerOffPriveOff',830,,2316,15,4,,0,2,,2317,19,4,,0
1101,'EventOn',1545,,2460,1,,,0
1101,'KerOffPriveOff',1545,,2491,1,,,0
3080100000,'EventOn',832,,4970,13,4,,0
3080100000,'KerOffPriveOff',832,,4971,13,4,,0
3080100001,'EventOn',1600,,4972,1,,,0
3080100001,'KerOffPriveOff',1600,,4973,1,,,0
3080200000,'EventOn',835,,4974,25,4,,0
3080200000,'KerOffPriveOff',835,,4975,25,4,,0
3080200001,'EventOn',1545,,4976,1,,,0
3080200001,'KerOffPriveOff',1545,,4977,1,,,0
3080300000,'EventOn',824,,4978,10,4,,0
3080300000,'KerOffPriveOff',824,,4979,10,4,,0
3080300001,'EventOn',1545,,4980,1,,,0
3080300001,'KerOffPriveOff',1545,,4981,1,,,0
3080400000,'EventOn',825,,4982,36,4,,0
3080400000,'KerOffPriveOff',825,,4983,36,4,,0
3080400001,'EventOn',1545,,4984,1,,,0
3080400001,'KerOffPriveOff',1545,,4985,1,,,0
