801,'CsRoyOff',633,,1503,35,,,0,80,,1492,35,,,0,35,,1504,35,,,0,81,,1493,35,,,0,74,,1505,35,,,0,34,,1494,35,,,0,75,,1506,35,,,0,35,,1495,35,,,0,75,,1507,35,,,0,36,,1496,35,,,0,75,,1508,35,,,0,75,,1497,35,,,0,35,,1509,35,,,0,75,,1498,35,,,0,35,,1510,35,,,0,80,,1499,35,,,0,77,,1511,35,,,0,37,,1500,35,,,0,77,,1512,35,,,0,34,,1501,35,,,0,74,,1513,35,,,0,74,,1502,35,,,0,34,,1514,35,,,0,105,,1518,35,,,0,105,,1517,35,,,0,105,,1515,35,,,0,145,,1516,35,,,0
801,'CsRoyOffKerOff',633,,1530,35,,,0,80,,1519,35,,,0,35,,1531,35,,,0,81,,1520,35,,,0,74,,1532,35,,,0,34,,1521,35,,,0,75,,1533,35,,,0,35,,1522,35,,,0,75,,1534,35,,,0,36,,1523,35,,,0,75,,1535,35,,,0,75,,1524,35,,,0,35,,1536,35,,,0,75,,1525,35,,,0,35,,1537,35,,,0,80,,1526,35,,,0,77,,1538,35,,,0,37,,1527,35,,,0,77,,1539,35,,,0,34,,1528,35,,,0,74,,1540,35,,,0,74,,1529,35,,,0,34,,1541,35,,,0,105,,1545,35,,,0,105,,1544,35,,,0,105,,1542,35,,,0,145,,1543,35,,,0
801,'Dimanche',904,,1547,35,,,0,105,,1548,35,,,0,105,,1549,35,,,0,104,,1552,35,,,0,105,,1551,35,,,0,105,,1553,35,,,0,105,,1554,35,,,0,105,,1555,35,,,0,105,,1550,35,,,0,105,,1546,35,,,0
801,'EventOff',633,,1567,35,,,0,80,,1556,35,,,0,35,,1568,35,,,0,81,,1557,35,,,0,74,,1569,35,,,0,34,,1558,35,,,0,75,,1570,35,,,0,35,,1559,35,,,0,75,,1571,35,,,0,36,,1560,35,,,0,75,,1572,35,,,0,75,,1561,35,,,0,35,,1573,35,,,0,75,,1562,35,,,0,35,,1574,35,,,0,80,,1563,35,,,0,77,,1575,35,,,0,37,,1564,35,,,0,77,,1576,35,,,0,34,,1565,35,,,0,74,,1577,35,,,0,74,,1566,35,,,0,34,,1578,35,,,0,105,,1582,35,,,0,105,,1581,35,,,0,105,,1579,35,,,0,145,,1580,35,,,0
801,'EventOn',633,,1594,35,,,0,80,,1583,35,,,0,35,,1595,35,,,0,81,,1584,35,,,0,74,,1596,35,,,0,34,,1585,35,,,0,75,,1597,35,,,0,35,,1586,35,,,0,75,,1598,35,,,0,36,,1587,35,,,0,75,,1599,35,,,0,75,,1588,35,,,0,35,,1600,35,,,0,75,,1589,35,,,0,35,,1601,35,,,0,80,,1590,35,,,0,77,,1602,35,,,0,37,,1591,35,,,0,77,,1603,35,,,0,34,,1592,35,,,0,74,,1604,35,,,0,74,,1593,35,,,0,34,,1605,35,,,0,105,,1609,35,,,0,105,,1608,35,,,0,105,,1606,35,,,0,145,,1607,35,,,0
801,'KerOffPriveOff',633,,1621,35,,,0,80,,1610,35,,,0,35,,1622,35,,,0,81,,1611,35,,,0,74,,1623,35,,,0,34,,1612,35,,,0,75,,1624,35,,,0,35,,1613,35,,,0,75,,1625,35,,,0,36,,1614,35,,,0,75,,1626,35,,,0,75,,1615,35,,,0,35,,1627,35,,,0,75,,1616,35,,,0,35,,1628,35,,,0,80,,1617,35,,,0,77,,1629,35,,,0,37,,1618,35,,,0,77,,1630,35,,,0,34,,1619,35,,,0,74,,1631,35,,,0,74,,1620,35,,,0,34,,1632,35,,,0,105,,1636,35,,,0,105,,1635,35,,,0,105,,1633,35,,,0,145,,1634,35,,,0
801,'Samedi',633,,1637,35,,,0,105,,1638,35,,,0,106,,1639,35,,,0,105,,1640,35,,,0,106,,1641,35,,,0,104,,1642,35,,,0,145,,1643,35,,,0,105,,1644,35,,,0,104,,1645,35,,,0,106,,1646,35,,,0,105,,1647,35,,,0,105,,1648,35,,,0,105,,1649,35,,,0,106,,1650,35,,,0,105,,1651,35,,,0,105,,1652,35,,,0,103,,1653,35,,,0
1200,'CsRoyOff',653,,2509,7,,,0,155,,2510,7,,,0,110,,2511,7,,,0,110,,2512,7,,,0,110,,2513,7,,,0,109,,2514,7,,,0,110,,2515,7,,,0,155,,2516,7,,,0,118,,2517,7,,,0,108,,2518,7,,,0,110,,2519,7,,,0,105,,2523,7,,,0,105,,2522,7,,,0,145,,2521,7,,,0,105,,2520,7,,,0,105,,2524,7,,,0
1200,'CsRoyOffKerOff',653,,2526,7,,,0,155,,2527,7,,,0,110,,2528,7,,,0,110,,2529,7,,,0,110,,2530,7,,,0,109,,2531,7,,,0,110,,2532,7,,,0,155,,2533,7,,,0,118,,2534,7,,,0,108,,2535,7,,,0,110,,2536,7,,,0,105,,2540,7,,,0,105,,2539,7,,,0,145,,2538,7,,,0,105,,2537,7,,,0,105,,2541,7,,,0
1200,'Dimanche',918,,2544,7,,,0,105,,2546,7,,,0,105,,2547,7,,,0,105,,2548,7,,,0,104,,2549,7,,,0,105,,2550,7,,,0,105,,2551,7,,,0,106,,2552,7,,,0,105,,2545,7,,,0,145,,2543,7,,,0
1200,'EventOff',653,,2553,7,,,0,155,,2554,7,,,0,110,,2555,7,,,0,110,,2556,7,,,0,110,,2557,7,,,0,109,,2558,7,,,0,110,,2559,7,,,0,155,,2560,7,,,0,118,,2561,7,,,0,108,,2562,7,,,0,110,,2563,7,,,0,105,,2567,7,,,0,105,,2566,7,,,0,145,,2565,7,,,0,105,,2564,7,,,0,105,,2568,7,,,0
1200,'EventOn',653,,2569,7,,,0,155,,2570,7,,,0,110,,2571,7,,,0,110,,2572,7,,,0,110,,2573,7,,,0,109,,2574,7,,,0,110,,2575,7,,,0,155,,2576,7,,,0,118,,2577,7,,,0,108,,2578,7,,,0,110,,2579,7,,,0,105,,2583,7,,,0,105,,2582,7,,,0,145,,2581,7,,,0,105,,2580,7,,,0,105,,2584,7,,,0
1200,'KerOffPriveOff',653,,2586,7,,,0,155,,2587,7,,,0,110,,2588,7,,,0,110,,2589,7,,,0,110,,2590,7,,,0,109,,2591,7,,,0,110,,2592,7,,,0,155,,2593,7,,,0,118,,2594,7,,,0,108,,2595,7,,,0,110,,2596,7,,,0,105,,2600,7,,,0,105,,2599,7,,,0,145,,2598,7,,,0,105,,2597,7,,,0,105,,2601,7,,,0
1200,'Samedi',648,,2602,7,,,0,105,,2603,7,,,0,105,,2604,7,,,0,145,,2605,7,,,0,104,,2606,7,,,0,105,,2607,7,,,0,106,,2608,7,,,0,105,,2609,7,,,0,105,,2610,7,,,0,104,,2611,7,,,0,106,,2612,7,,,0,105,,2613,7,,,0,105,,2614,7,,,0,105,,2615,7,,,0,105,,2616,7,,,0,145,,2617,7,,,0,105,,2618,7,,,0
