2500,'CsRoyOff',616,,3573,15,4,,0,29,,3548,42,4,,0,75,,3546,42,4,,0,10,,3575,25,4,,0,70,,3549,42,4,,0,35,,3547,42,4,,0,75,,3550,42,4,,0,34,,3551,42,4,,0,75,,3552,42,4,,0,35,,3553,42,4,,0,75,,3554,42,4,,0,75,,3555,42,4,,0,35,,3556,42,4,,0,75,,3557,42,4,,0,35,,3558,42,4,,0,75,,3559,42,4,,0,35,,3560,42,4,,0,81,,3561,42,4,,0,71,,3576,25,4,,0,7,,3562,42,4,,0,36,,3563,42,4,,0,75,,3564,42,4,,0,75,,3565,42,4,,0,35,,3566,42,4,,0,75,,3567,42,4,,0,104,,3568,42,4,,0,105,,3569,42,4,,0,105,,3570,42,4,,0,105,,3571,42,4,,0,105,,3572,42,4,,0
2500,'CsRoyOffKerOff',616,,3604,15,4,,0,29,,3579,42,4,,0,75,,3577,42,4,,0,10,,3605,25,4,,0,70,,3580,42,4,,0,35,,3578,42,4,,0,75,,3581,42,4,,0,34,,3582,42,4,,0,75,,3583,42,4,,0,35,,3584,42,4,,0,75,,3585,42,4,,0,75,,3586,42,4,,0,35,,3587,42,4,,0,75,,3588,42,4,,0,35,,3589,42,4,,0,75,,3590,42,4,,0,35,,3591,42,4,,0,81,,3592,42,4,,0,71,,3606,25,4,,0,7,,3593,42,4,,0,36,,3594,42,4,,0,75,,3595,42,4,,0,75,,3596,42,4,,0,35,,3597,42,4,,0,75,,3598,42,4,,0,104,,3599,42,4,,0,105,,3600,42,4,,0,105,,3601,42,4,,0,105,,3602,42,4,,0,105,,3603,42,4,,0
2500,'Dimanche',840,,3617,15,4,,0,104,,3610,42,4,,0,105,,3611,42,4,,0,105,,3612,42,4,,0,105,,3613,42,4,,0,145,,3614,42,4,,0,105,,3615,42,4,,0,105,,3616,42,4,,0,105,,3608,42,4,,0,105,,3609,42,4,,0,105,,3607,42,4,,0
2500,'EventOff',616,,3645,15,4,,0,29,,3620,42,4,,0,75,,3618,42,4,,0,80,,3621,42,4,,0,35,,3619,42,4,,0,75,,3622,42,4,,0,34,,3623,42,4,,0,75,,3624,42,4,,0,35,,3625,42,4,,0,75,,3626,42,4,,0,75,,3627,42,4,,0,35,,3628,42,4,,0,75,,3629,42,4,,0,35,,3630,42,4,,0,75,,3631,42,4,,0,35,,3632,42,4,,0,81,,3633,42,4,,0,78,,3634,42,4,,0,36,,3635,42,4,,0,75,,3636,42,4,,0,75,,3637,42,4,,0,35,,3638,42,4,,0,75,,3639,42,4,,0,104,,3640,42,4,,0,105,,3641,42,4,,0,105,,3642,42,4,,0,105,,3643,42,4,,0,105,,3644,42,4,,0
2500,'EventOn',616,,3673,15,4,,0,29,,3648,42,4,,0,74,,3674,15,4,,0,1,,3646,42,4,,0,10,,3677,25,4,,0,70,,3649,42,4,,0,35,,3647,42,4,,0,75,,3650,42,4,,0,34,,3651,42,4,,0,75,,3652,42,4,,0,35,,3653,42,4,,0,75,,3654,42,4,,0,75,,3655,42,4,,0,35,,3656,42,4,,0,75,,3657,42,4,,0,35,,3658,42,4,,0,75,,3659,42,4,,0,35,,3660,42,4,,0,81,,3661,42,4,,0,19,,3680,16,4,,0,52,,3679,25,4,,0,5,,3678,44,4,,0,2,,3662,42,4,,0,36,,3663,42,4,,0,75,,3664,42,4,,0,75,,3665,42,4,,0,35,,3666,42,4,,0,75,,3667,42,4,,0,104,,3668,42,4,,0,105,,3669,42,4,,0,105,,3670,42,4,,0,105,,3671,42,4,,0,105,,3672,42,4,,0
2500,'KerOffPriveOff',616,,3708,15,4,,0,29,,3683,42,4,,0,74,,3709,15,4,,0,1,,3681,42,4,,0,80,,3684,42,4,,0,35,,3682,42,4,,0,75,,3685,42,4,,0,34,,3686,42,4,,0,75,,3687,42,4,,0,35,,3688,42,4,,0,75,,3689,42,4,,0,75,,3690,42,4,,0,35,,3691,42,4,,0,75,,3692,42,4,,0,35,,3693,42,4,,0,75,,3694,42,4,,0,35,,3695,42,4,,0,81,,3696,42,4,,0,19,,3712,16,4,,0,57,,3711,44,4,,0,2,,3697,42,4,,0,36,,3698,42,4,,0,75,,3699,42,4,,0,75,,3700,42,4,,0,35,,3701,42,4,,0,75,,3702,42,4,,0,104,,3703,42,4,,0,105,,3704,42,4,,0,105,,3705,42,4,,0,105,,3706,42,4,,0,105,,3707,42,4,,0
2500,'Samedi',608,,3725,15,4,,0,106,,3713,42,4,,0,105,,3719,42,4,,0,105,,3726,42,4,,0,105,,3714,42,4,,0,105,,3720,42,4,,0,105,,3727,42,4,,0,105,,3715,42,4,,0,105,,3721,42,4,,0,105,,3728,42,4,,0,105,,3716,42,4,,0,145,,3722,42,4,,0,105,,3729,42,4,,0,105,,3717,42,4,,0,105,,3723,42,4,,0,105,,3730,42,4,,0,105,,3718,42,4,,0,105,,3724,42,4,,0
2501,'CsRoyOff',616,,3731,1,,,0,34,,3733,1,,,0,78,,3732,1,,,0,77,,3734,1,,,0,35,,3752,1,,,0,74,,3735,1,,,0,35,,3736,1,,,0,75,,3737,1,,,0,35,,3738,1,,,0,75,,3739,1,,,0,75,,3740,1,,,0,35,,3741,1,,,0,75,,3742,1,,,0,35,,3743,1,,,0,75,,3744,1,,,0,78,,3745,1,,,0,38,,3746,1,,,0,78,,3747,1,,,0,77,,3748,1,,,0,35,,3749,1,,,0,75,,3750,1,,,0,33,,3751,1,,,0,75,,3753,1,,,0,104,,3754,1,,,0,105,,3755,1,,,0,105,,3756,1,,,0,105,,3757,1,,,0
2501,'CsRoyOffKerOff',616,,3759,1,,,0,34,,3761,1,,,0,78,,3760,1,,,0,77,,3762,1,,,0,35,,3780,1,,,0,74,,3763,1,,,0,35,,3764,1,,,0,75,,3765,1,,,0,35,,3766,1,,,0,75,,3767,1,,,0,75,,3768,1,,,0,35,,3769,1,,,0,75,,3770,1,,,0,35,,3771,1,,,0,75,,3772,1,,,0,78,,3773,1,,,0,38,,3774,1,,,0,78,,3775,1,,,0,77,,3776,1,,,0,35,,3777,1,,,0,75,,3778,1,,,0,33,,3779,1,,,0,75,,3781,1,,,0,104,,3782,1,,,0,105,,3783,1,,,0,105,,3784,1,,,0,105,,3785,1,,,0
2501,'Dimanche',842,,3788,1,,,0,105,,3789,1,,,0,105,,3790,1,,,0,105,,3791,1,,,0,145,,3792,1,,,0,105,,3793,1,,,0,105,,3794,1,,,0,105,,3795,1,,,0,105,,3787,1,,,0,105,,3786,1,,,0
2501,'EventOff',616,,3796,1,,,0,34,,3798,1,,,0,78,,3797,1,,,0,77,,3799,1,,,0,35,,3817,1,,,0,74,,3800,1,,,0,35,,3801,1,,,0,75,,3802,1,,,0,35,,3803,1,,,0,75,,3804,1,,,0,75,,3805,1,,,0,35,,3806,1,,,0,75,,3807,1,,,0,35,,3808,1,,,0,75,,3809,1,,,0,78,,3810,1,,,0,38,,3811,1,,,0,78,,3812,1,,,0,77,,3813,1,,,0,35,,3814,1,,,0,75,,3815,1,,,0,33,,3816,1,,,0,75,,3818,1,,,0,104,,3819,1,,,0,105,,3820,1,,,0,105,,3821,1,,,0,105,,3822,1,,,0
2501,'EventOn',616,,3823,1,,,0,34,,3825,1,,,0,70,,3850,1,0,9,0,8,,3824,1,,,0,77,,3826,1,,,0,35,,3844,1,,,0,74,,3827,1,,,0,35,,3828,1,,,0,75,,3829,1,,,0,35,,3830,1,,,0,75,,3831,1,,,0,75,,3832,1,,,0,35,,3833,1,,,0,75,,3834,1,,,0,35,,3835,1,,,0,75,,3836,1,,,0,78,,3837,1,,,0,38,,3838,1,,,0,78,,3839,1,,,0,77,,3840,1,,,0,35,,3841,1,,,0,75,,3842,1,,,0,33,,3843,1,,,0,75,,3845,1,,,0,104,,3846,1,,,0,105,,3847,1,,,0,105,,3848,1,,,0,105,,3849,1,,,0
2501,'KerOffPriveOff',616,,3853,1,,,0,34,,3855,1,,,0,70,,3880,1,0,9,0,8,,3854,1,,,0,77,,3856,1,,,0,35,,3874,1,,,0,74,,3857,1,,,0,35,,3858,1,,,0,75,,3859,1,,,0,35,,3860,1,,,0,75,,3861,1,,,0,75,,3862,1,,,0,35,,3863,1,,,0,75,,3864,1,,,0,35,,3865,1,,,0,75,,3866,1,,,0,78,,3867,1,,,0,38,,3868,1,,,0,78,,3869,1,,,0,77,,3870,1,,,0,35,,3871,1,,,0,75,,3872,1,,,0,33,,3873,1,,,0,75,,3875,1,,,0,104,,3876,1,,,0,105,,3877,1,,,0,105,,3878,1,,,0,105,,3879,1,,,0
2501,'Samedi',612,,3893,1,,,0,104,,3882,1,,,0,105,,3888,1,,,0,105,,3894,1,,,0,105,,3883,1,,,0,105,,3889,1,,,0,105,,3895,1,,,0,105,,3884,1,,,0,105,,3890,1,,,0,105,,3896,1,,,0,145,,3885,1,,,0,105,,3891,1,,,0,105,,3897,1,,,0,105,,3886,1,,,0,105,,3892,1,,,0,105,,3898,1,,,0,105,,3887,1,,,0
190300200,'CsRoyOff',730,,4950,1,,,0
190300200,'CsRoyOffKerOff',730,,4951,1,,,0
190300200,'EventOn',730,,4952,1,,,0
3080300000,'EventOn',808,,4978,7,,,0
3080300000,'KerOffPriveOff',808,,4979,7,,,0
3080300001,'EventOn',1605,,4980,9,4,,0
3080300001,'KerOffPriveOff',1605,,4981,9,4,,0
3080400000,'EventOn',812,,4982,35,,,0
3080400000,'KerOffPriveOff',812,,4983,35,,,0
3080400001,'EventOn',1605,,4984,16,,,0
3080400001,'KerOffPriveOff',1605,,4985,16,,,0
