400,'CsRoyOff',620,,341,9,,,0,35,,325,9,,,0,82,,337,9,,,0,75,,333,9,,,0,36,,345,9,,,0,73,,330,9,,,0,35,,342,9,,,0,75,,326,9,,,0,75,,338,9,,,0,35,,334,9,,,0,75,,346,9,,,0,35,,331,9,,,0,75,,339,9,,,0,75,,335,9,,,0,35,,343,9,,,0,81,,327,9,,,0,38,,329,9,,,0,77,,332,9,,,0,75,,340,9,,,0,34,,336,9,,,0,75,,344,9,,,0,35,,328,9,,,0,105,,351,9,,,0,145,,350,9,,,0,105,,349,9,,,0,105,,348,9,,,0,105,,347,9,,,0
400,'CsRoyOffKerOff',620,,369,9,,,0,35,,353,9,,,0,82,,365,9,,,0,75,,361,9,,,0,36,,373,9,,,0,73,,358,9,,,0,35,,370,9,,,0,75,,354,9,,,0,75,,366,9,,,0,35,,362,9,,,0,75,,374,9,,,0,35,,359,9,,,0,75,,367,9,,,0,75,,363,9,,,0,35,,371,9,,,0,81,,355,9,,,0,38,,357,9,,,0,77,,360,9,,,0,75,,368,9,,,0,34,,364,9,,,0,75,,372,9,,,0,35,,356,9,,,0,105,,379,9,,,0,145,,378,9,,,0,105,,377,9,,,0,105,,376,9,,,0,105,,375,9,,,0
400,'Dimanche',921,,384,9,,,0,105,,385,9,,,0,105,,386,9,,,0,105,,387,9,,,0,105,,388,9,,,0,106,,389,9,,,0,105,,390,9,,,0,105,,381,9,,,0,144,,383,9,,,0,105,,382,9,,,0
400,'EventOff',620,,407,9,,,0,35,,391,9,,,0,82,,403,9,,,0,75,,399,9,,,0,36,,411,9,,,0,73,,396,9,,,0,35,,408,9,,,0,75,,392,9,,,0,75,,404,9,,,0,35,,400,9,,,0,75,,412,9,,,0,35,,397,9,,,0,75,,405,9,,,0,75,,401,9,,,0,35,,409,9,,,0,81,,393,9,,,0,38,,395,9,,,0,77,,398,9,,,0,75,,406,9,,,0,34,,402,9,,,0,75,,410,9,,,0,35,,394,9,,,0,105,,417,9,,,0,145,,416,9,,,0,105,,415,9,,,0,105,,414,9,,,0,105,,413,9,,,0
400,'EventOn',620,,434,9,,,0,35,,418,9,,,0,82,,430,9,,,0,75,,426,9,,,0,36,,438,9,,,0,73,,423,9,,,0,35,,435,9,,,0,75,,419,9,,,0,75,,431,9,,,0,35,,427,9,,,0,75,,439,9,,,0,35,,424,9,,,0,75,,432,9,,,0,75,,428,9,,,0,35,,436,9,,,0,81,,420,9,,,0,38,,422,9,,,0,77,,425,9,,,0,75,,433,9,,,0,34,,429,9,,,0,75,,437,9,,,0,35,,421,9,,,0,105,,444,9,,,0,145,,443,9,,,0,105,,442,9,,,0,105,,441,9,,,0,105,,440,9,,,0
400,'KerOffPriveOff',620,,463,9,,,0,35,,447,9,,,0,82,,459,9,,,0,75,,455,9,,,0,36,,467,9,,,0,73,,452,9,,,0,35,,464,9,,,0,75,,448,9,,,0,75,,460,9,,,0,35,,456,9,,,0,75,,468,9,,,0,35,,453,9,,,0,75,,461,9,,,0,75,,457,9,,,0,35,,465,9,,,0,81,,449,9,,,0,38,,451,9,,,0,77,,454,9,,,0,75,,462,9,,,0,34,,458,9,,,0,75,,466,9,,,0,35,,450,9,,,0,105,,473,9,,,0,145,,472,9,,,0,105,,471,9,,,0,105,,470,9,,,0,105,,469,9,,,0
400,'Samedi',651,,476,9,,,0,105,,477,9,,,0,145,,478,9,,,0,105,,479,9,,,0,105,,480,9,,,0,105,,481,9,,,0,105,,482,9,,,0,105,,483,9,,,0,105,,484,9,,,0,105,,485,9,,,0,105,,486,9,,,0,105,,487,9,,,0,105,,488,9,,,0,105,,489,9,,,0,145,,490,9,,,0,105,,491,9,,,0,105,,492,9,,,0
5000,'CsRoyOff',647,,4263,16,,,0,65,,4262,16,,,0,16,,4218,16,,,0,15,,4219,16,,,0,63,,4220,16,,,0,18,,4221,16,,,0,17,,4222,16,,,0,18,,4223,16,,,0,55,,4224,16,,,0,15,,4225,16,,,0,20,,4226,16,,,0,55,,4227,16,,,0,19,,4228,16,,,0,15,,4229,16,,,0,20,,4230,16,,,0,55,,4231,16,,,0,20,,4232,16,,,0,15,,4233,16,,,0,60,,4234,16,,,0,15,,4235,16,,,0,20,,4236,16,,,0,15,,4237,16,,,0,60,,4238,16,,,0,15,,4239,16,,,0,19,,4240,16,,,0,55,,4241,16,,,0,20,,4242,16,,,0,15,,4243,16,,,0,61,,4244,16,,,0,15,,4245,16,,,0,26,,4246,16,,,0,57,,4247,16,,,0,19,,4248,16,,,0,18,,4249,16,,,0,21,,4250,16,,,0,56,,4251,16,,,0,20,,4252,16,,,0,16,,4253,16,,,0,58,,4254,16,,,0,16,,4255,16,,,0,19,,4256,16,,,0,15,,4257,16,,,0,168,,4258,16,,,0,105,,4259,16,,,0,105,,4260,16,,,0,105,,4261,16,,,0
5000,'CsRoyOffKerOff',647,,4309,16,,,0,65,,4308,16,,,0,16,,4264,16,,,0,15,,4265,16,,,0,63,,4266,16,,,0,18,,4267,16,,,0,17,,4268,16,,,0,18,,4269,16,,,0,55,,4270,16,,,0,15,,4271,16,,,0,20,,4272,16,,,0,55,,4273,16,,,0,19,,4274,16,,,0,15,,4275,16,,,0,20,,4276,16,,,0,55,,4277,16,,,0,20,,4278,16,,,0,15,,4279,16,,,0,60,,4280,16,,,0,15,,4281,16,,,0,20,,4282,16,,,0,15,,4283,16,,,0,60,,4284,16,,,0,15,,4285,16,,,0,19,,4286,16,,,0,55,,4287,16,,,0,20,,4288,16,,,0,15,,4289,16,,,0,61,,4290,16,,,0,15,,4291,16,,,0,26,,4292,16,,,0,57,,4293,16,,,0,19,,4294,16,,,0,18,,4295,16,,,0,21,,4296,16,,,0,56,,4297,16,,,0,20,,4298,16,,,0,16,,4299,16,,,0,58,,4300,16,,,0,16,,4301,16,,,0,19,,4302,16,,,0,15,,4303,16,,,0,168,,4304,16,,,0,105,,4305,16,,,0,105,,4306,16,,,0,105,,4307,16,,,0
5000,'Dimanche',951,,4310,16,,,0,105,,4313,16,,,0,145,,4315,16,,,0,105,,4314,16,,,0,105,,4316,16,,,0,105,,4317,16,,,0,106,,4318,16,,,0,105,,4311,16,,,0,105,,4312,16,,,0
5000,'EventOff',647,,4364,16,,,0,65,,4363,16,,,0,16,,4319,16,,,0,15,,4320,16,,,0,63,,4321,16,,,0,18,,4322,16,,,0,17,,4323,16,,,0,18,,4324,16,,,0,55,,4325,16,,,0,15,,4326,16,,,0,20,,4327,16,,,0,55,,4328,16,,,0,19,,4329,16,,,0,15,,4330,16,,,0,20,,4331,16,,,0,55,,4332,16,,,0,20,,4333,16,,,0,15,,4334,16,,,0,60,,4335,16,,,0,15,,4336,16,,,0,20,,4337,16,,,0,15,,4338,16,,,0,60,,4339,16,,,0,15,,4340,16,,,0,19,,4341,16,,,0,55,,4342,16,,,0,20,,4343,16,,,0,15,,4344,16,,,0,61,,4345,16,,,0,15,,4346,16,,,0,26,,4347,16,,,0,57,,4348,16,,,0,19,,4349,16,,,0,18,,4350,16,,,0,21,,4351,16,,,0,56,,4352,16,,,0,20,,4353,16,,,0,16,,4354,16,,,0,58,,4355,16,,,0,16,,4356,16,,,0,19,,4357,16,,,0,15,,4358,16,,,0,168,,4359,16,,,0,105,,4360,16,,,0,105,,4361,16,,,0,105,,4362,16,,,0
5000,'EventOn',647,,4410,16,,,0,65,,4409,16,,,0,16,,4365,16,,,0,15,,4366,16,,,0,63,,4367,16,,,0,18,,4368,16,,,0,17,,4369,16,,,0,18,,4370,16,,,0,55,,4371,16,,,0,15,,4372,16,,,0,20,,4373,16,,,0,55,,4374,16,,,0,19,,4375,16,,,0,15,,4376,16,,,0,20,,4377,16,,,0,55,,4378,16,,,0,20,,4379,16,,,0,15,,4380,16,,,0,60,,4381,16,,,0,15,,4382,16,,,0,20,,4383,16,,,0,15,,4384,16,,,0,60,,4385,16,,,0,15,,4386,16,,,0,19,,4387,16,,,0,55,,4388,16,,,0,20,,4389,16,,,0,15,,4390,16,,,0,61,,4391,16,,,0,15,,4392,16,,,0,26,,4393,16,,,0,57,,4394,16,,,0,19,,4395,16,,,0,18,,4396,16,,,0,21,,4397,16,,,0,56,,4398,16,,,0,20,,4399,16,,,0,16,,4400,16,,,0,58,,4401,16,,,0,16,,4402,16,,,0,19,,4403,16,,,0,15,,4404,16,,,0,168,,4405,16,,,0,105,,4406,16,,,0,105,,4407,16,,,0,105,,4408,16,,,0
5000,'KerOffPriveOff',647,,4456,16,,,0,65,,4455,16,,,0,16,,4411,16,,,0,15,,4412,16,,,0,63,,4413,16,,,0,18,,4414,16,,,0,17,,4415,16,,,0,18,,4416,16,,,0,55,,4417,16,,,0,15,,4418,16,,,0,20,,4419,16,,,0,55,,4420,16,,,0,19,,4421,16,,,0,15,,4422,16,,,0,20,,4423,16,,,0,55,,4424,16,,,0,20,,4425,16,,,0,15,,4426,16,,,0,60,,4427,16,,,0,15,,4428,16,,,0,20,,4429,16,,,0,15,,4430,16,,,0,60,,4431,16,,,0,15,,4432,16,,,0,19,,4433,16,,,0,55,,4434,16,,,0,20,,4435,16,,,0,15,,4436,16,,,0,61,,4437,16,,,0,15,,4438,16,,,0,26,,4439,16,,,0,57,,4440,16,,,0,19,,4441,16,,,0,18,,4442,16,,,0,21,,4443,16,,,0,56,,4444,16,,,0,20,,4445,16,,,0,16,,4446,16,,,0,58,,4447,16,,,0,16,,4448,16,,,0,19,,4449,16,,,0,15,,4450,16,,,0,168,,4451,16,,,0,105,,4452,16,,,0,105,,4453,16,,,0,105,,4454,16,,,0
5000,'Samedi',721,,4464,16,,,0,108,,4463,16,,,0,102,,4462,16,,,0,105,,4461,16,,,0,105,,4469,16,,,0,105,,4468,16,,,0,105,,4467,16,,,0,105,,4466,16,,,0,147,,4465,16,,,0,104,,4472,16,,,0,105,,4470,16,,,0,105,,4471,16,,,0,105,,4457,16,,,0,105,,4458,16,,,0,105,,4459,16,,,0,105,,4460,16,,,0
160900100,'EventOn',1538,,4946,3,,,0
160900100,'KerOffPriveOff',1538,,4947,3,,,0
