6000,'CsRoyOff',612,,4473,3,,,0,27,,4484,22,,,0,81,,4474,22,,,0,33,,4485,22,,,0,79,,4475,22,,,0,75,,4486,22,,,0,33,,4476,22,,,0,76,,4487,22,,,0,34,,4477,22,,,0,76,,4488,22,,,0,33,,4478,22,,,0,76,,4489,22,,,0,75,,4479,22,,,0,28,,4490,22,,,0,78,,4501,22,,,0,25,,4480,22,,,0,80,,4491,22,,,0,80,,4481,22,,,0,39,,4492,22,,,0,72,,4482,22,,,0,34,,4493,22,,,0,75,,4483,22,,,0,35,,4494,22,,,0,78,,4495,22,,,0,105,,4500,22,,,0,105,,4499,22,,,0,105,,4498,22,,,0,105,,4496,22,,,0
6000,'CsRoyOffKerOff',612,,4502,3,,,0,27,,4513,22,,,0,81,,4503,22,,,0,33,,4514,22,,,0,79,,4504,22,,,0,75,,4515,22,,,0,33,,4505,22,,,0,76,,4516,22,,,0,34,,4506,22,,,0,76,,4517,22,,,0,33,,4507,22,,,0,76,,4518,22,,,0,75,,4508,22,,,0,28,,4519,22,,,0,78,,4530,22,,,0,25,,4509,22,,,0,80,,4520,22,,,0,80,,4510,22,,,0,39,,4521,22,,,0,72,,4511,22,,,0,34,,4522,22,,,0,75,,4512,22,,,0,35,,4523,22,,,0,78,,4524,22,,,0,105,,4529,22,,,0,105,,4528,22,,,0,105,,4527,22,,,0,105,,4525,22,,,0
6000,'Dimanche',901,,4531,22,,,0,105,,4532,22,,,0,104,,4534,22,,,0,105,,4536,22,,,0,105,,4537,22,,,0,105,,4538,22,,,0,105,,4539,22,,,0,105,,4540,22,,,0,106,,4535,22,,,0,103,,4533,22,,,0
6000,'EventOff',612,,4541,3,,,0,27,,4552,22,,,0,81,,4542,22,,,0,33,,4553,22,,,0,79,,4543,22,,,0,75,,4554,22,,,0,33,,4544,22,,,0,76,,4555,22,,,0,34,,4545,22,,,0,76,,4556,22,,,0,33,,4546,22,,,0,76,,4557,22,,,0,75,,4547,22,,,0,28,,4558,22,,,0,78,,4569,22,,,0,25,,4548,22,,,0,80,,4559,22,,,0,80,,4549,22,,,0,39,,4560,22,,,0,72,,4550,22,,,0,34,,4561,22,,,0,75,,4551,22,,,0,35,,4562,22,,,0,78,,4563,22,,,0,105,,4568,22,,,0,105,,4567,22,,,0,105,,4566,22,,,0,105,,4564,22,,,0
6000,'EventOn',612,,4570,3,,,0,27,,4581,22,,,0,81,,4571,22,,,0,33,,4582,22,,,0,79,,4572,22,,,0,75,,4583,22,,,0,33,,4573,22,,,0,76,,4584,22,,,0,34,,4574,22,,,0,76,,4585,22,,,0,33,,4575,22,,,0,76,,4586,22,,,0,75,,4576,22,,,0,28,,4587,22,,,0,78,,4598,22,,,0,25,,4577,22,,,0,80,,4588,22,,,0,80,,4578,22,,,0,39,,4589,22,,,0,72,,4579,22,,,0,34,,4590,22,,,0,75,,4580,22,,,0,35,,4591,22,,,0,78,,4592,22,,,0,105,,4597,22,,,0,105,,4596,22,,,0,105,,4595,22,,,0,105,,4593,22,,,0
6000,'KerOffPriveOff',612,,4602,3,,,0,27,,4613,22,,,0,81,,4603,22,,,0,33,,4614,22,,,0,79,,4604,22,,,0,75,,4615,22,,,0,33,,4605,22,,,0,76,,4616,22,,,0,34,,4606,22,,,0,76,,4617,22,,,0,33,,4607,22,,,0,76,,4618,22,,,0,75,,4608,22,,,0,28,,4619,22,,,0,78,,4630,22,,,0,25,,4609,22,,,0,80,,4620,22,,,0,80,,4610,22,,,0,39,,4621,22,,,0,72,,4611,22,,,0,34,,4622,22,,,0,75,,4612,22,,,0,35,,4623,22,,,0,78,,4624,22,,,0,105,,4629,22,,,0,105,,4628,22,,,0,105,,4627,22,,,0,105,,4625,22,,,0
6000,'Samedi',631,,4639,22,,,0,104,,4645,22,,,0,105,,4634,22,,,0,105,,4640,22,,,0,105,,4646,22,,,0,105,,4635,22,,,0,146,,4641,22,,,0,105,,4647,22,,,0,105,,4636,22,,,0,105,,4642,22,,,0,104,,4648,22,,,0,105,,4637,22,,,0,105,,4643,22,,,0,105,,4649,22,,,0,105,,4638,22,,,0,105,,4644,22,,,0,105,,4650,22,,,0
111800500,'CsRoyOff',720,,4936,3,,,0,880,,4937,20,,,0
111800500,'CsRoyOffKerOff',1600,,4938,20,,,0
111800500,'EventOn',720,,4939,3,,,0,880,,4940,20,,,0
19200300000,'CsRoyOff',725,,5009,3,0,11 18,0
19200300000,'CsRoyOffKerOff',725,,5011,3,0,11 18,0
19200300000,'EventOn',725,,5013,3,0,11 18,0
