6000,'CsRoyOff',614,,4473,8,,,0,27,,4484,27,,,0,81,,4474,27,,,0,33,,4485,27,,,0,79,,4475,27,,,0,75,,4486,27,,,0,33,,4476,27,,,0,76,,4487,27,,,0,34,,4477,27,,,0,76,,4488,27,,,0,73,,4478,27,,,0,36,,4489,27,,,0,75,,4479,27,,,0,28,,4490,27,,,0,78,,4501,27,,,0,25,,4480,27,,,0,80,,4491,27,,,0,81,,4481,27,,,0,39,,4492,27,,,0,72,,4482,27,,,0,34,,4493,27,,,0,75,,4483,27,,,0,35,,4494,27,,,0,78,,4495,27,,,0,105,,4500,27,,,0,105,,4499,27,,,0,105,,4498,27,,,0,105,,4496,27,,,0
6000,'CsRoyOffKerOff',614,,4502,8,,,0,27,,4513,27,,,0,81,,4503,27,,,0,33,,4514,27,,,0,79,,4504,27,,,0,75,,4515,27,,,0,33,,4505,27,,,0,76,,4516,27,,,0,34,,4506,27,,,0,76,,4517,27,,,0,73,,4507,27,,,0,36,,4518,27,,,0,75,,4508,27,,,0,28,,4519,27,,,0,78,,4530,27,,,0,25,,4509,27,,,0,80,,4520,27,,,0,81,,4510,27,,,0,39,,4521,27,,,0,72,,4511,27,,,0,34,,4522,27,,,0,75,,4512,27,,,0,35,,4523,27,,,0,78,,4524,27,,,0,105,,4529,27,,,0,105,,4528,27,,,0,105,,4527,27,,,0,105,,4525,27,,,0
6000,'Dimanche',904,,4531,27,,,0,105,,4532,27,,,0,104,,4534,27,,,0,105,,4536,27,,,0,104,,4537,27,,,0,105,,4538,27,,,0,105,,4539,27,,,0,105,,4540,27,,,0,106,,4535,27,,,0,104,,4533,27,,,0
6000,'EventOff',614,,4541,8,,,0,27,,4552,27,,,0,81,,4542,27,,,0,33,,4553,27,,,0,79,,4543,27,,,0,75,,4554,27,,,0,33,,4544,27,,,0,76,,4555,27,,,0,34,,4545,27,,,0,76,,4556,27,,,0,73,,4546,27,,,0,36,,4557,27,,,0,75,,4547,27,,,0,28,,4558,27,,,0,78,,4569,27,,,0,25,,4548,27,,,0,80,,4559,27,,,0,81,,4549,27,,,0,39,,4560,27,,,0,72,,4550,27,,,0,34,,4561,27,,,0,75,,4551,27,,,0,35,,4562,27,,,0,78,,4563,27,,,0,105,,4568,27,,,0,105,,4567,27,,,0,105,,4566,27,,,0,105,,4564,27,,,0
6000,'EventOn',614,,4570,8,,,0,27,,4581,27,,,0,81,,4571,27,,,0,33,,4582,27,,,0,79,,4572,27,,,0,75,,4583,27,,,0,33,,4573,27,,,0,76,,4584,27,,,0,34,,4574,27,,,0,76,,4585,27,,,0,73,,4575,27,,,0,36,,4586,27,,,0,75,,4576,27,,,0,28,,4587,27,,,0,78,,4598,27,,,0,25,,4577,27,,,0,80,,4588,27,,,0,81,,4578,27,,,0,39,,4589,27,,,0,72,,4579,27,,,0,34,,4590,27,,,0,75,,4580,27,,,0,35,,4591,27,,,0,78,,4592,27,,,0,105,,4597,27,,,0,105,,4596,27,,,0,105,,4595,27,,,0,105,,4593,27,,,0
6000,'KerOffPriveOff',614,,4602,8,,,0,27,,4613,27,,,0,81,,4603,27,,,0,33,,4614,27,,,0,79,,4604,27,,,0,75,,4615,27,,,0,33,,4605,27,,,0,76,,4616,27,,,0,34,,4606,27,,,0,76,,4617,27,,,0,73,,4607,27,,,0,36,,4618,27,,,0,75,,4608,27,,,0,28,,4619,27,,,0,78,,4630,27,,,0,25,,4609,27,,,0,80,,4620,27,,,0,81,,4610,27,,,0,39,,4621,27,,,0,72,,4611,27,,,0,34,,4622,27,,,0,75,,4612,27,,,0,35,,4623,27,,,0,78,,4624,27,,,0,105,,4629,27,,,0,105,,4628,27,,,0,105,,4627,27,,,0,105,,4625,27,,,0
6000,'Samedi',634,,4639,27,,,0,104,,4645,27,,,0,105,,4634,27,,,0,105,,4640,27,,,0,105,,4646,27,,,0,104,,4635,27,,,0,146,,4641,27,,,0,105,,4647,27,,,0,105,,4636,27,,,0,105,,4642,27,,,0,104,,4648,27,,,0,106,,4637,27,,,0,105,,4643,27,,,0,105,,4649,27,,,0,105,,4638,27,,,0,105,,4644,27,,,0,105,,4650,27,,,0
111800500,'CsRoyOff',723,,4936,8,,,0,880,,4937,25,,,0
111800500,'CsRoyOffKerOff',1603,,4938,25,,,0
111800500,'EventOn',723,,4939,8,,,0,880,,4940,25,,,0
19200300000,'CsRoyOff',727,,5009,8,0,11 18,0
19200300000,'CsRoyOffKerOff',727,,5011,8,0,11 18,0
19200300000,'EventOn',727,,5013,8,0,11 18,0
