900,'CsRoyOff',659,,1654,35,0,20,0,80,,1668,35,0,20,0,75,,1655,35,0,20,0,36,,1665,35,0,20,0,75,,1656,35,0,20,0,75,,1669,35,0,20,0,35,,1657,35,0,20,0,111,,1658,35,0,20,0,110,,1659,35,0,20,0,151,,1660,35,0,20,0,35,,1666,35,0,20,0,76,,1661,35,0,20,0,39,,1667,35,0,20,0,77,,1662,35,0,20,0,77,,1670,35,0,20,0,36,,1663,35,0,20,0,107,,1664,35,0,20,0
900,'CsRoyOffKerOff',659,,1673,35,0,20,0,80,,1687,35,0,20,0,75,,1674,35,0,20,0,36,,1684,35,0,20,0,75,,1675,35,0,20,0,75,,1688,35,0,20,0,35,,1676,35,0,20,0,111,,1677,35,0,20,0,110,,1678,35,0,20,0,151,,1679,35,0,20,0,35,,1685,35,0,20,0,76,,1680,35,0,20,0,39,,1686,35,0,20,0,77,,1681,35,0,20,0,77,,1689,35,0,20,0,36,,1682,35,0,20,0,107,,1683,35,0,20,0
900,'EventOff',659,,1691,35,0,20,0,80,,1705,35,0,20,0,75,,1692,35,0,20,0,36,,1702,35,0,20,0,75,,1693,35,0,20,0,75,,1706,35,0,20,0,35,,1694,35,0,20,0,111,,1695,35,0,20,0,110,,1696,35,0,20,0,151,,1697,35,0,20,0,35,,1703,35,0,20,0,76,,1698,35,0,20,0,39,,1704,35,0,20,0,77,,1699,35,0,20,0,77,,1707,35,0,20,0,36,,1700,35,0,20,0,107,,1701,35,0,20,0
900,'EventOn',659,,1708,35,0,20,0,80,,1722,35,0,20,0,75,,1709,35,0,20,0,36,,1719,35,0,20,0,75,,1710,35,0,20,0,75,,1723,35,0,20,0,35,,1711,35,0,20,0,111,,1712,35,0,20,0,110,,1713,35,0,20,0,151,,1714,35,0,20,0,35,,1720,35,0,20,0,76,,1715,35,0,20,0,39,,1721,35,0,20,0,77,,1716,35,0,20,0,77,,1724,35,0,20,0,36,,1717,35,0,20,0,107,,1718,35,0,20,0
900,'KerOffPriveOff',659,,1727,35,0,20,0,80,,1741,35,0,20,0,75,,1728,35,0,20,0,36,,1738,35,0,20,0,75,,1729,35,0,20,0,75,,1742,35,0,20,0,35,,1730,35,0,20,0,111,,1731,35,0,20,0,110,,1732,35,0,20,0,151,,1733,35,0,20,0,35,,1739,35,0,20,0,76,,1734,35,0,20,0,39,,1740,35,0,20,0,77,,1735,35,0,20,0,77,,1743,35,0,20,0,36,,1736,35,0,20,0,107,,1737,35,0,20,0
8900,'CsRoyOff',1953,,4827,36,,,0,100,,4829,36,,,0,105,,4828,36,,,0,147,,4826,36,,,0,103,,4825,36,,,0
8900,'CsRoyOffKerOff',1953,,4832,36,,,0,100,,4834,36,,,0,105,,4833,36,,,0,147,,4831,36,,,0,103,,4830,36,,,0
8900,'Dimanche',913,,4836,36,,,0,105,,4838,36,,,0,107,,4839,36,,,0,105,,4840,36,,,0,105,,4842,36,,,0,105,,4841,36,,,0,105,,4843,36,,,0,105,,4844,36,,,0,104,,4835,36,,,0,104,,4837,36,,,0
8900,'EventOff',1953,,4847,36,,,0,100,,4849,36,,,0,105,,4848,36,,,0,147,,4846,36,,,0,103,,4845,36,,,0
8900,'EventOn',1953,,4852,36,,,0,100,,4854,36,,,0,105,,4853,36,,,0,147,,4851,36,,,0,103,,4850,36,,,0
8900,'KerOffPriveOff',1953,,4857,36,,,0,100,,4859,36,,,0,105,,4858,36,,,0,147,,4856,36,,,0,103,,4855,36,,,0
8900,'Samedi',645,,4876,36,,,0,103,,4860,36,,,0,105,,4868,36,,,0,147,,4861,36,,,0,105,,4869,36,,,0,105,,4862,36,,,0,105,,4870,36,,,0,104,,4863,36,,,0,104,,4871,36,,,0,106,,4864,36,,,0,106,,4872,36,,,0,104,,4865,36,,,0,105,,4873,36,,,0,105,,4866,36,,,0,104,,4874,36,,,0,105,,4867,36,,,0,145,,4875,36,,,0
