2500,'CsRoyOff',611,,3573,9,,,0,29,,3548,36,,,0,75,,3546,36,,,0,9,,3575,19,0,21,0,31,,3549,36,,,0,75,,3547,36,,,0,76,,3550,36,,,0,34,,3551,36,,,0,75,,3552,36,,,0,35,,3553,36,,,0,75,,3554,36,,,0,75,,3555,36,,,0,35,,3556,36,,,0,75,,3557,36,,,0,35,,3558,36,,,0,75,,3559,36,,,0,35,,3560,36,,,0,81,,3561,36,,,0,70,,3576,19,,,0,8,,3562,36,,,0,36,,3563,36,,,0,75,,3564,36,,,0,75,,3565,36,,,0,35,,3566,36,,,0,75,,3567,36,,,0,105,,3568,36,,,0,105,,3569,36,,,0,105,,3570,36,,,0,105,,3571,36,,,0,105,,3572,36,,,0
2500,'CsRoyOffKerOff',611,,3604,9,,,0,29,,3579,36,,,0,75,,3577,36,,,0,9,,3605,19,0,21,0,31,,3580,36,,,0,75,,3578,36,,,0,76,,3581,36,,,0,34,,3582,36,,,0,75,,3583,36,,,0,35,,3584,36,,,0,75,,3585,36,,,0,75,,3586,36,,,0,35,,3587,36,,,0,75,,3588,36,,,0,35,,3589,36,,,0,75,,3590,36,,,0,35,,3591,36,,,0,81,,3592,36,,,0,70,,3606,19,,,0,8,,3593,36,,,0,36,,3594,36,,,0,75,,3595,36,,,0,75,,3596,36,,,0,35,,3597,36,,,0,75,,3598,36,,,0,105,,3599,36,,,0,105,,3600,36,,,0,105,,3601,36,,,0,105,,3602,36,,,0,105,,3603,36,,,0
2500,'Dimanche',836,,3617,9,,,0,104,,3610,36,,,0,105,,3611,36,,,0,105,,3612,36,,,0,105,,3613,36,,,0,145,,3614,36,,,0,105,,3615,36,,,0,105,,3616,36,,,0,105,,3608,36,,,0,105,,3609,36,,,0,105,,3607,36,,,0
2500,'EventOff',611,,3645,9,,,0,29,,3620,36,,,0,75,,3618,36,,,0,40,,3621,36,,,0,75,,3619,36,,,0,76,,3622,36,,,0,34,,3623,36,,,0,75,,3624,36,,,0,35,,3625,36,,,0,75,,3626,36,,,0,75,,3627,36,,,0,35,,3628,36,,,0,75,,3629,36,,,0,35,,3630,36,,,0,75,,3631,36,,,0,35,,3632,36,,,0,81,,3633,36,,,0,78,,3634,36,,,0,36,,3635,36,,,0,75,,3636,36,,,0,75,,3637,36,,,0,35,,3638,36,,,0,75,,3639,36,,,0,105,,3640,36,,,0,105,,3641,36,,,0,105,,3642,36,,,0,105,,3643,36,,,0,105,,3644,36,,,0
2500,'EventOn',611,,3673,9,,,0,29,,3648,36,,,0,74,,3674,9,0,9,0,1,,3646,36,,,0,9,,3677,19,0,21,0,12,,3676,19,0,10,0,19,,3649,36,,,0,75,,3647,36,,,0,76,,3650,36,,,0,34,,3651,36,,,0,75,,3652,36,,,0,35,,3653,36,,,0,75,,3654,36,,,0,75,,3655,36,,,0,35,,3656,36,,,0,75,,3657,36,,,0,35,,3658,36,,,0,75,,3659,36,,,0,35,,3660,36,,,0,81,,3661,36,,,0,19,,3680,10,,,0,51,,3679,19,,,0,5,,3678,38,,,0,3,,3662,36,,,0,36,,3663,36,,,0,75,,3664,36,,,0,75,,3665,36,,,0,35,,3666,36,,,0,75,,3667,36,,,0,105,,3668,36,,,0,105,,3669,36,,,0,105,,3670,36,,,0,105,,3671,36,,,0,105,,3672,36,,,0
2500,'KerOffPriveOff',611,,3708,9,,,0,29,,3683,36,,,0,74,,3709,9,0,9,0,1,,3681,36,,,0,21,,3710,19,0,10,0,19,,3684,36,,,0,75,,3682,36,,,0,76,,3685,36,,,0,34,,3686,36,,,0,75,,3687,36,,,0,35,,3688,36,,,0,75,,3689,36,,,0,75,,3690,36,,,0,35,,3691,36,,,0,75,,3692,36,,,0,35,,3693,36,,,0,75,,3694,36,,,0,35,,3695,36,,,0,81,,3696,36,,,0,19,,3712,10,,,0,56,,3711,38,,,0,3,,3697,36,,,0,36,,3698,36,,,0,75,,3699,36,,,0,75,,3700,36,,,0,35,,3701,36,,,0,75,,3702,36,,,0,105,,3703,36,,,0,105,,3704,36,,,0,105,,3705,36,,,0,105,,3706,36,,,0,105,,3707,36,,,0
2500,'Samedi',604,,3725,9,,,0,106,,3713,36,,,0,105,,3719,36,,,0,105,,3726,36,,,0,105,,3714,36,,,0,105,,3720,36,,,0,105,,3727,36,,,0,105,,3715,36,,,0,105,,3721,36,,,0,105,,3728,36,,,0,105,,3716,36,,,0,145,,3722,36,,,0,105,,3729,36,,,0,105,,3717,36,,,0,105,,3723,36,,,0,105,,3730,36,,,0,105,,3718,36,,,0,105,,3724,36,,,0
3080200000,'EventOn',807,,4974,19,,,0
3080200000,'KerOffPriveOff',807,,4975,19,,,0
3080200001,'EventOn',1611,,4976,21,,,0
3080200001,'KerOffPriveOff',1611,,4977,21,,,0
3080400000,'EventOn',808,,4982,29,,,0
3080400000,'KerOffPriveOff',808,,4983,29,,,0
3080400001,'EventOn',1601,,4984,10,,,0
3080400001,'KerOffPriveOff',1601,,4985,10,,,0
