6000,'CsRoyOff',613,,4473,6,,,0,27,,4484,25,,,0,81,,4474,25,,,0,33,,4485,25,,,0,79,,4475,25,,,0,75,,4486,25,,,0,33,,4476,25,,,0,76,,4487,25,,,0,34,,4477,25,,,0,76,,4488,25,,,0,73,,4478,25,,,0,36,,4489,25,,,0,75,,4479,25,,,0,28,,4490,25,,,0,78,,4501,25,,,0,25,,4480,25,,,0,80,,4491,25,,,0,80,,4481,25,,,0,39,,4492,25,,,0,72,,4482,25,,,0,34,,4493,25,,,0,75,,4483,25,,,0,35,,4494,25,,,0,78,,4495,25,,,0,105,,4500,25,,,0,105,,4499,25,,,0,105,,4498,25,,,0,105,,4496,25,,,0
6000,'CsRoyOffKerOff',613,,4502,6,,,0,27,,4513,25,,,0,81,,4503,25,,,0,33,,4514,25,,,0,79,,4504,25,,,0,75,,4515,25,,,0,33,,4505,25,,,0,76,,4516,25,,,0,34,,4506,25,,,0,76,,4517,25,,,0,73,,4507,25,,,0,36,,4518,25,,,0,75,,4508,25,,,0,28,,4519,25,,,0,78,,4530,25,,,0,25,,4509,25,,,0,80,,4520,25,,,0,80,,4510,25,,,0,39,,4521,25,,,0,72,,4511,25,,,0,34,,4522,25,,,0,75,,4512,25,,,0,35,,4523,25,,,0,78,,4524,25,,,0,105,,4529,25,,,0,105,,4528,25,,,0,105,,4527,25,,,0,105,,4525,25,,,0
6000,'Dimanche',902,,4531,25,,,0,105,,4532,25,,,0,104,,4534,25,,,0,105,,4536,25,,,0,105,,4537,25,,,0,105,,4538,25,,,0,105,,4539,25,,,0,105,,4540,25,,,0,106,,4535,25,,,0,103,,4533,25,,,0
6000,'EventOff',613,,4541,6,,,0,27,,4552,25,,,0,81,,4542,25,,,0,33,,4553,25,,,0,79,,4543,25,,,0,75,,4554,25,,,0,33,,4544,25,,,0,76,,4555,25,,,0,34,,4545,25,,,0,76,,4556,25,,,0,73,,4546,25,,,0,36,,4557,25,,,0,75,,4547,25,,,0,28,,4558,25,,,0,78,,4569,25,,,0,25,,4548,25,,,0,80,,4559,25,,,0,80,,4549,25,,,0,39,,4560,25,,,0,72,,4550,25,,,0,34,,4561,25,,,0,75,,4551,25,,,0,35,,4562,25,,,0,78,,4563,25,,,0,105,,4568,25,,,0,105,,4567,25,,,0,105,,4566,25,,,0,105,,4564,25,,,0
6000,'EventOn',613,,4570,6,,,0,27,,4581,25,,,0,81,,4571,25,,,0,33,,4582,25,,,0,79,,4572,25,,,0,75,,4583,25,,,0,33,,4573,25,,,0,76,,4584,25,,,0,34,,4574,25,,,0,76,,4585,25,,,0,73,,4575,25,,,0,36,,4586,25,,,0,75,,4576,25,,,0,28,,4587,25,,,0,78,,4598,25,,,0,25,,4577,25,,,0,80,,4588,25,,,0,80,,4578,25,,,0,39,,4589,25,,,0,72,,4579,25,,,0,34,,4590,25,,,0,75,,4580,25,,,0,35,,4591,25,,,0,78,,4592,25,,,0,105,,4597,25,,,0,105,,4596,25,,,0,105,,4595,25,,,0,105,,4593,25,,,0
6000,'KerOffPriveOff',613,,4602,6,,,0,27,,4613,25,,,0,81,,4603,25,,,0,33,,4614,25,,,0,79,,4604,25,,,0,75,,4615,25,,,0,33,,4605,25,,,0,76,,4616,25,,,0,34,,4606,25,,,0,76,,4617,25,,,0,73,,4607,25,,,0,36,,4618,25,,,0,75,,4608,25,,,0,28,,4619,25,,,0,78,,4630,25,,,0,25,,4609,25,,,0,80,,4620,25,,,0,80,,4610,25,,,0,39,,4621,25,,,0,72,,4611,25,,,0,34,,4622,25,,,0,75,,4612,25,,,0,35,,4623,25,,,0,78,,4624,25,,,0,105,,4629,25,,,0,105,,4628,25,,,0,105,,4627,25,,,0,105,,4625,25,,,0
6000,'Samedi',632,,4639,25,,,0,104,,4645,25,,,0,105,,4634,25,,,0,105,,4640,25,,,0,105,,4646,25,,,0,105,,4635,25,,,0,146,,4641,25,,,0,105,,4647,25,,,0,105,,4636,25,,,0,105,,4642,25,,,0,104,,4648,25,,,0,105,,4637,25,,,0,105,,4643,25,,,0,105,,4649,25,,,0,105,,4638,25,,,0,105,,4644,25,,,0,105,,4650,25,,,0
111800500,'CsRoyOff',721,,4936,6,,,0,880,,4937,23,,,0
111800500,'CsRoyOffKerOff',1601,,4938,23,,,0
111800500,'EventOn',721,,4939,6,,,0,880,,4940,23,,,0
19200300000,'CsRoyOff',726,,5009,6,0,11 18,0
19200300000,'CsRoyOffKerOff',726,,5011,6,0,11 18,0
19200300000,'EventOn',726,,5013,6,0,11 18,0
