601,'CsRoyOff',640,,1159,5,,,0,74,,1182,5,,,0,6,,1154,5,,,0,35,,1165,5,,,0,76,,1171,5,,,0,74,,1158,5,,,0,35,,1160,5,,,0,75,,1155,5,,,0,35,,1166,5,,,0,75,,1172,5,,,0,75,,1164,5,,,0,35,,1161,5,,,0,75,,1156,5,,,0,35,,1167,5,,,0,75,,1173,5,,,0,39,,1170,5,,,0,77,,1162,5,,,0,77,,1157,5,,,0,35,,1168,5,,,0,76,,1174,5,,,0,76,,1169,5,,,0,35,,1163,5,,,0,79,,1179,5,,,0,100,,1178,5,,,0,105,,1177,5,,,0,105,,1176,5,,,0,105,,1175,5,,,0,100,,1180,5,,,0
601,'CsRoyOffKerOff',640,,1189,5,,,0,74,,1212,5,,,0,6,,1184,5,,,0,35,,1195,5,,,0,76,,1201,5,,,0,74,,1188,5,,,0,35,,1190,5,,,0,75,,1185,5,,,0,35,,1196,5,,,0,75,,1202,5,,,0,75,,1194,5,,,0,35,,1191,5,,,0,75,,1186,5,,,0,35,,1197,5,,,0,75,,1203,5,,,0,39,,1200,5,,,0,77,,1192,5,,,0,77,,1187,5,,,0,35,,1198,5,,,0,76,,1204,5,,,0,76,,1199,5,,,0,35,,1193,5,,,0,79,,1209,5,,,0,100,,1208,5,,,0,105,,1207,5,,,0,105,,1206,5,,,0,105,,1205,5,,,0,100,,1210,5,,,0
601,'Dimanche',832,,1215,5,,,0,105,,1214,5,,,0,106,,1219,5,,,0,104,,1218,5,,,0,105,,1220,5,,,0,105,,1221,5,,,0,145,,1222,5,,,0,105,,1223,5,,,0,105,,1217,5,,,0,105,,1216,5,,,0,102,,1213,5,,,0
601,'EventOff',640,,1229,5,,,0,80,,1224,5,,,0,35,,1235,5,,,0,76,,1241,5,,,0,74,,1228,5,,,0,35,,1230,5,,,0,75,,1225,5,,,0,35,,1236,5,,,0,75,,1242,5,,,0,75,,1234,5,,,0,35,,1231,5,,,0,75,,1226,5,,,0,35,,1237,5,,,0,75,,1243,5,,,0,39,,1240,5,,,0,77,,1232,5,,,0,77,,1227,5,,,0,35,,1238,5,,,0,76,,1244,5,,,0,76,,1239,5,,,0,35,,1233,5,,,0,79,,1249,5,,,0,100,,1248,5,,,0,105,,1247,5,,,0,105,,1246,5,,,0,105,,1245,5,,,0,100,,1250,5,,,0
601,'EventOn',640,,1257,5,,,0,74,,1280,5,,,0,6,,1252,5,,,0,35,,1263,5,,,0,76,,1269,5,,,0,74,,1256,5,,,0,35,,1258,5,,,0,75,,1253,5,,,0,35,,1264,5,,,0,75,,1270,5,,,0,75,,1262,5,,,0,35,,1259,5,,,0,75,,1254,5,,,0,35,,1265,5,,,0,75,,1271,5,,,0,39,,1268,5,,,0,77,,1260,5,,,0,18,,1282,5,,,0,59,,1255,5,,,0,35,,1266,5,,,0,76,,1272,5,,,0,76,,1267,5,,,0,35,,1261,5,,,0,79,,1277,5,,,0,100,,1276,5,,,0,105,,1275,5,,,0,105,,1274,5,,,0,105,,1273,5,,,0,100,,1278,5,,,0
601,'KerOffPriveOff',640,,1288,5,,,0,80,,1283,5,,,0,35,,1294,5,,,0,76,,1300,5,,,0,74,,1287,5,,,0,35,,1289,5,,,0,75,,1284,5,,,0,35,,1295,5,,,0,75,,1301,5,,,0,75,,1293,5,,,0,35,,1290,5,,,0,75,,1285,5,,,0,35,,1296,5,,,0,75,,1302,5,,,0,39,,1299,5,,,0,77,,1291,5,,,0,18,,1311,5,,,0,59,,1286,5,,,0,35,,1297,5,,,0,76,,1303,5,,,0,76,,1298,5,,,0,35,,1292,5,,,0,79,,1308,5,,,0,100,,1307,5,,,0,105,,1306,5,,,0,105,,1305,5,,,0,105,,1304,5,,,0,100,,1309,5,,,0
601,'Samedi',708,,1312,5,,,0,105,,1320,5,,,0,106,,1313,5,,,0,105,,1321,5,,,0,105,,1314,5,,,0,104,,1322,5,,,0,104,,1315,5,,,0,104,,1323,5,,,0,105,,1316,5,,,0,106,,1324,5,,,0,106,,1317,5,,,0,145,,1325,5,,,0,105,,1318,5,,,0,105,,1326,5,,,0,105,,1319,5,,,0,105,,1327,5,,,0,97,,1329,5,,,0
900,'CsRoyOff',643,,1654,5,0,20,0,79,,1668,5,0,20,0,35,,1655,5,0,20,0,76,,1665,5,0,20,0,75,,1656,5,0,20,0,35,,1669,5,0,20,0,75,,1657,5,0,20,0,110,,1658,5,0,20,0,110,,1659,5,0,20,0,111,,1660,5,0,20,0,75,,1666,5,0,20,0,76,,1661,5,0,20,0,39,,1667,5,0,20,0,77,,1662,5,0,20,0,37,,1670,5,0,20,0,76,,1663,5,0,20,0,109,,1664,5,0,20,0
900,'CsRoyOffKerOff',643,,1673,5,0,20,0,79,,1687,5,0,20,0,35,,1674,5,0,20,0,76,,1684,5,0,20,0,75,,1675,5,0,20,0,35,,1688,5,0,20,0,75,,1676,5,0,20,0,110,,1677,5,0,20,0,110,,1678,5,0,20,0,111,,1679,5,0,20,0,75,,1685,5,0,20,0,76,,1680,5,0,20,0,39,,1686,5,0,20,0,77,,1681,5,0,20,0,37,,1689,5,0,20,0,76,,1682,5,0,20,0,109,,1683,5,0,20,0
900,'EventOff',643,,1691,5,0,20,0,79,,1705,5,0,20,0,35,,1692,5,0,20,0,76,,1702,5,0,20,0,75,,1693,5,0,20,0,35,,1706,5,0,20,0,75,,1694,5,0,20,0,110,,1695,5,0,20,0,110,,1696,5,0,20,0,111,,1697,5,0,20,0,75,,1703,5,0,20,0,76,,1698,5,0,20,0,39,,1704,5,0,20,0,77,,1699,5,0,20,0,37,,1707,5,0,20,0,76,,1700,5,0,20,0,109,,1701,5,0,20,0
900,'EventOn',643,,1708,5,0,20,0,79,,1722,5,0,20,0,35,,1709,5,0,20,0,76,,1719,5,0,20,0,75,,1710,5,0,20,0,35,,1723,5,0,20,0,75,,1711,5,0,20,0,110,,1712,5,0,20,0,110,,1713,5,0,20,0,111,,1714,5,0,20,0,75,,1720,5,0,20,0,76,,1715,5,0,20,0,39,,1721,5,0,20,0,77,,1716,5,0,20,0,37,,1724,5,0,20,0,76,,1717,5,0,20,0,109,,1718,5,0,20,0
900,'KerOffPriveOff',643,,1727,5,0,20,0,79,,1741,5,0,20,0,35,,1728,5,0,20,0,76,,1738,5,0,20,0,75,,1729,5,0,20,0,35,,1742,5,0,20,0,75,,1730,5,0,20,0,110,,1731,5,0,20,0,110,,1732,5,0,20,0,111,,1733,5,0,20,0,75,,1739,5,0,20,0,76,,1734,5,0,20,0,39,,1740,5,0,20,0,77,,1735,5,0,20,0,37,,1743,5,0,20,0,76,,1736,5,0,20,0,109,,1737,5,0,20,0
160900100,'EventOn',1546,,4946,8,,,0
160900100,'KerOffPriveOff',1546,,4947,8,,,0
