5000,'CsRoyOff',641,,4263,7,,,0,65,,4262,7,,,0,16,,4218,7,,,0,15,,4219,7,,,0,22,,4220,7,,,0,58,,4221,7,,,0,17,,4222,7,,,0,18,,4223,7,,,0,56,,4224,7,,,0,15,,4225,7,,,0,20,,4226,7,,,0,15,,4227,7,,,0,59,,4228,7,,,0,15,,4229,7,,,0,20,,4230,7,,,0,55,,4231,7,,,0,20,,4232,7,,,0,15,,4233,7,,,0,60,,4234,7,,,0,15,,4235,7,,,0,20,,4236,7,,,0,15,,4237,7,,,0,60,,4238,7,,,0,15,,4239,7,,,0,19,,4240,7,,,0,55,,4241,7,,,0,20,,4242,7,,,0,15,,4243,7,,,0,21,,4244,7,,,0,55,,4245,7,,,0,24,,4246,7,,,0,19,,4247,7,,,0,59,,4248,7,,,0,18,,4249,7,,,0,21,,4250,7,,,0,56,,4251,7,,,0,20,,4252,7,,,0,16,,4253,7,,,0,58,,4254,7,,,0,16,,4255,7,,,0,19,,4256,7,,,0,15,,4257,7,,,0,168,,4258,7,,,0,105,,4259,7,,,0,105,,4260,7,,,0,105,,4261,7,,,0
5000,'CsRoyOffKerOff',641,,4309,7,,,0,65,,4308,7,,,0,16,,4264,7,,,0,15,,4265,7,,,0,22,,4266,7,,,0,58,,4267,7,,,0,17,,4268,7,,,0,18,,4269,7,,,0,56,,4270,7,,,0,15,,4271,7,,,0,20,,4272,7,,,0,15,,4273,7,,,0,59,,4274,7,,,0,15,,4275,7,,,0,20,,4276,7,,,0,55,,4277,7,,,0,20,,4278,7,,,0,15,,4279,7,,,0,60,,4280,7,,,0,15,,4281,7,,,0,20,,4282,7,,,0,15,,4283,7,,,0,60,,4284,7,,,0,15,,4285,7,,,0,19,,4286,7,,,0,55,,4287,7,,,0,20,,4288,7,,,0,15,,4289,7,,,0,21,,4290,7,,,0,55,,4291,7,,,0,24,,4292,7,,,0,19,,4293,7,,,0,59,,4294,7,,,0,18,,4295,7,,,0,21,,4296,7,,,0,56,,4297,7,,,0,20,,4298,7,,,0,16,,4299,7,,,0,58,,4300,7,,,0,16,,4301,7,,,0,19,,4302,7,,,0,15,,4303,7,,,0,168,,4304,7,,,0,105,,4305,7,,,0,105,,4306,7,,,0,105,,4307,7,,,0
5000,'Dimanche',945,,4310,7,,,0,105,,4313,7,,,0,105,,4315,7,,,0,145,,4314,7,,,0,105,,4316,7,,,0,105,,4317,7,,,0,106,,4318,7,,,0,105,,4311,7,,,0,105,,4312,7,,,0
5000,'EventOff',641,,4364,7,,,0,65,,4363,7,,,0,16,,4319,7,,,0,15,,4320,7,,,0,22,,4321,7,,,0,58,,4322,7,,,0,17,,4323,7,,,0,18,,4324,7,,,0,56,,4325,7,,,0,15,,4326,7,,,0,20,,4327,7,,,0,15,,4328,7,,,0,59,,4329,7,,,0,15,,4330,7,,,0,20,,4331,7,,,0,55,,4332,7,,,0,20,,4333,7,,,0,15,,4334,7,,,0,60,,4335,7,,,0,15,,4336,7,,,0,20,,4337,7,,,0,15,,4338,7,,,0,60,,4339,7,,,0,15,,4340,7,,,0,19,,4341,7,,,0,55,,4342,7,,,0,20,,4343,7,,,0,15,,4344,7,,,0,21,,4345,7,,,0,55,,4346,7,,,0,24,,4347,7,,,0,19,,4348,7,,,0,59,,4349,7,,,0,18,,4350,7,,,0,21,,4351,7,,,0,56,,4352,7,,,0,20,,4353,7,,,0,16,,4354,7,,,0,58,,4355,7,,,0,16,,4356,7,,,0,19,,4357,7,,,0,15,,4358,7,,,0,168,,4359,7,,,0,105,,4360,7,,,0,105,,4361,7,,,0,105,,4362,7,,,0
5000,'EventOn',641,,4410,7,,,0,65,,4409,7,,,0,16,,4365,7,,,0,15,,4366,7,,,0,22,,4367,7,,,0,58,,4368,7,,,0,17,,4369,7,,,0,18,,4370,7,,,0,56,,4371,7,,,0,15,,4372,7,,,0,20,,4373,7,,,0,15,,4374,7,,,0,59,,4375,7,,,0,15,,4376,7,,,0,20,,4377,7,,,0,55,,4378,7,,,0,20,,4379,7,,,0,15,,4380,7,,,0,60,,4381,7,,,0,15,,4382,7,,,0,20,,4383,7,,,0,15,,4384,7,,,0,60,,4385,7,,,0,15,,4386,7,,,0,19,,4387,7,,,0,55,,4388,7,,,0,20,,4389,7,,,0,15,,4390,7,,,0,21,,4391,7,,,0,55,,4392,7,,,0,24,,4393,7,,,0,19,,4394,7,,,0,59,,4395,7,,,0,18,,4396,7,,,0,21,,4397,7,,,0,56,,4398,7,,,0,20,,4399,7,,,0,16,,4400,7,,,0,58,,4401,7,,,0,16,,4402,7,,,0,19,,4403,7,,,0,15,,4404,7,,,0,168,,4405,7,,,0,105,,4406,7,,,0,105,,4407,7,,,0,105,,4408,7,,,0
5000,'KerOffPriveOff',641,,4456,7,,,0,65,,4455,7,,,0,16,,4411,7,,,0,15,,4412,7,,,0,22,,4413,7,,,0,58,,4414,7,,,0,17,,4415,7,,,0,18,,4416,7,,,0,56,,4417,7,,,0,15,,4418,7,,,0,20,,4419,7,,,0,15,,4420,7,,,0,59,,4421,7,,,0,15,,4422,7,,,0,20,,4423,7,,,0,55,,4424,7,,,0,20,,4425,7,,,0,15,,4426,7,,,0,60,,4427,7,,,0,15,,4428,7,,,0,20,,4429,7,,,0,15,,4430,7,,,0,60,,4431,7,,,0,15,,4432,7,,,0,19,,4433,7,,,0,55,,4434,7,,,0,20,,4435,7,,,0,15,,4436,7,,,0,21,,4437,7,,,0,55,,4438,7,,,0,24,,4439,7,,,0,19,,4440,7,,,0,59,,4441,7,,,0,18,,4442,7,,,0,21,,4443,7,,,0,56,,4444,7,,,0,20,,4445,7,,,0,16,,4446,7,,,0,58,,4447,7,,,0,16,,4448,7,,,0,19,,4449,7,,,0,15,,4450,7,,,0,168,,4451,7,,,0,105,,4452,7,,,0,105,,4453,7,,,0,105,,4454,7,,,0
5000,'Samedi',715,,4464,7,,,0,107,,4463,7,,,0,103,,4462,7,,,0,105,,4461,7,,,0,105,,4469,7,,,0,105,,4468,7,,,0,105,,4467,7,,,0,105,,4466,7,,,0,107,,4465,7,,,0,144,,4472,7,,,0,105,,4470,7,,,0,105,,4471,7,,,0,105,,4457,7,,,0,105,,4458,7,,,0,105,,4459,7,,,0,105,,4460,7,,,0
6001,'CsRoyOff',610,,4678,8,,,0,34,,4652,32,,,0,73,,4663,32,,,0,42,,4653,32,,,0,74,,4664,32,,,0,72,,4654,32,,,0,36,,4665,32,,,0,74,,4655,32,,,0,35,,4666,32,,,0,75,,4656,32,,,0,75,,4667,32,,,0,35,,4657,32,,,0,73,,4668,32,,,0,35,,4658,32,,,0,67,,4669,32,,,0,40,,4679,32,,,0,71,,4659,32,,,0,84,,4670,32,,,0,30,,4660,32,,,0,78,,4671,32,,,0,36,,4661,32,,,0,75,,4672,32,,,0,29,,4662,32,,,0,153,,4675,32,,,0,105,,4677,32,,,0,105,,4676,32,,,0,105,,4674,32,,,0,103,,4673,32,,,0
6001,'CsRoyOffKerOff',610,,4706,8,,,0,34,,4680,32,,,0,73,,4691,32,,,0,42,,4681,32,,,0,74,,4692,32,,,0,72,,4682,32,,,0,36,,4693,32,,,0,74,,4683,32,,,0,35,,4694,32,,,0,75,,4684,32,,,0,75,,4695,32,,,0,35,,4685,32,,,0,73,,4696,32,,,0,35,,4686,32,,,0,67,,4697,32,,,0,40,,4707,32,,,0,71,,4687,32,,,0,84,,4698,32,,,0,30,,4688,32,,,0,78,,4699,32,,,0,36,,4689,32,,,0,75,,4700,32,,,0,29,,4690,32,,,0,153,,4703,32,,,0,105,,4705,32,,,0,105,,4704,32,,,0,105,,4702,32,,,0,103,,4701,32,,,0
6001,'Dimanche',931,,4708,32,,,0,104,,4710,32,,,0,106,,4711,32,,,0,105,,4713,32,,,0,107,,4714,32,,,0,103,,4715,32,,,0,145,,4716,32,,,0,104,,4717,32,,,0,106,,4712,32,,,0,105,,4709,32,,,0
6001,'EventOff',610,,4744,8,,,0,34,,4718,32,,,0,73,,4729,32,,,0,42,,4719,32,,,0,74,,4730,32,,,0,72,,4720,32,,,0,36,,4731,32,,,0,74,,4721,32,,,0,35,,4732,32,,,0,75,,4722,32,,,0,75,,4733,32,,,0,35,,4723,32,,,0,73,,4734,32,,,0,35,,4724,32,,,0,67,,4735,32,,,0,40,,4745,32,,,0,71,,4725,32,,,0,84,,4736,32,,,0,30,,4726,32,,,0,78,,4737,32,,,0,36,,4727,32,,,0,75,,4738,32,,,0,29,,4728,32,,,0,153,,4741,32,,,0,105,,4743,32,,,0,105,,4742,32,,,0,105,,4740,32,,,0,103,,4739,32,,,0
6001,'EventOn',610,,4772,8,,,0,34,,4746,32,,,0,73,,4757,32,,,0,42,,4747,32,,,0,74,,4758,32,,,0,72,,4748,32,,,0,36,,4759,32,,,0,74,,4749,32,,,0,35,,4760,32,,,0,75,,4750,32,,,0,75,,4761,32,,,0,35,,4751,32,,,0,73,,4762,32,,,0,35,,4752,32,,,0,67,,4763,32,,,0,40,,4773,32,,,0,71,,4753,32,,,0,84,,4764,32,,,0,30,,4754,32,,,0,78,,4765,32,,,0,36,,4755,32,,,0,75,,4766,32,,,0,29,,4756,32,,,0,153,,4769,32,,,0,105,,4771,32,,,0,105,,4770,32,,,0,105,,4768,32,,,0,103,,4767,32,,,0
6001,'KerOffPriveOff',610,,4803,8,,,0,34,,4777,32,,,0,73,,4788,32,,,0,42,,4778,32,,,0,74,,4789,32,,,0,72,,4779,32,,,0,36,,4790,32,,,0,74,,4780,32,,,0,35,,4791,32,,,0,75,,4781,32,,,0,75,,4792,32,,,0,35,,4782,32,,,0,73,,4793,32,,,0,35,,4783,32,,,0,67,,4794,32,,,0,40,,4804,32,,,0,71,,4784,32,,,0,84,,4795,32,,,0,30,,4785,32,,,0,78,,4796,32,,,0,36,,4786,32,,,0,75,,4797,32,,,0,29,,4787,32,,,0,153,,4800,32,,,0,105,,4802,32,,,0,105,,4801,32,,,0,105,,4799,32,,,0,103,,4798,32,,,0
6001,'Samedi',701,,4813,32,,,0,105,,4819,32,,,0,105,,4808,32,,,0,105,,4814,32,,,0,106,,4820,32,,,0,105,,4809,32,,,0,106,,4815,32,,,0,105,,4821,32,,,0,105,,4810,32,,,0,103,,4816,32,,,0,105,,4822,32,,,0,105,,4811,32,,,0,145,,4817,32,,,0,105,,4823,32,,,0,105,,4812,32,,,0,105,,4818,32,,,0,105,,4824,32,,,0
111800501,'CsRoyOff',759,,4941,26,,,0
111800501,'EventOn',759,,4944,26,,,0
