2501,'CsRoyOff',617,,3731,4,,,0,34,,3733,4,,,0,78,,3732,4,,,0,77,,3734,4,,,0,35,,3752,4,,,0,74,,3735,4,,,0,35,,3736,4,,,0,75,,3737,4,,,0,75,,3738,4,,,0,35,,3739,4,,,0,75,,3740,4,,,0,35,,3741,4,,,0,75,,3742,4,,,0,35,,3743,4,,,0,75,,3744,4,,,0,78,,3745,4,,,0,38,,3746,4,,,0,78,,3747,4,,,0,77,,3748,4,,,0,35,,3749,4,,,0,75,,3750,4,,,0,33,,3751,4,,,0,75,,3753,4,,,0,104,,3754,4,,,0,105,,3755,4,,,0,105,,3756,4,,,0,105,,3757,4,,,0
2501,'CsRoyOffKerOff',617,,3759,4,,,0,34,,3761,4,,,0,78,,3760,4,,,0,77,,3762,4,,,0,35,,3780,4,,,0,74,,3763,4,,,0,35,,3764,4,,,0,75,,3765,4,,,0,75,,3766,4,,,0,35,,3767,4,,,0,75,,3768,4,,,0,35,,3769,4,,,0,75,,3770,4,,,0,35,,3771,4,,,0,75,,3772,4,,,0,78,,3773,4,,,0,38,,3774,4,,,0,78,,3775,4,,,0,77,,3776,4,,,0,35,,3777,4,,,0,75,,3778,4,,,0,33,,3779,4,,,0,75,,3781,4,,,0,104,,3782,4,,,0,105,,3783,4,,,0,105,,3784,4,,,0,105,,3785,4,,,0
2501,'Dimanche',843,,3788,4,,,0,105,,3789,4,,,0,105,,3790,4,,,0,105,,3791,4,,,0,145,,3792,4,,,0,105,,3793,4,,,0,105,,3794,4,,,0,105,,3795,4,,,0,105,,3787,4,,,0,105,,3786,4,,,0
2501,'EventOff',617,,3796,4,,,0,34,,3798,4,,,0,78,,3797,4,,,0,77,,3799,4,,,0,35,,3817,4,,,0,74,,3800,4,,,0,35,,3801,4,,,0,75,,3802,4,,,0,75,,3803,4,,,0,35,,3804,4,,,0,75,,3805,4,,,0,35,,3806,4,,,0,75,,3807,4,,,0,35,,3808,4,,,0,75,,3809,4,,,0,78,,3810,4,,,0,38,,3811,4,,,0,78,,3812,4,,,0,77,,3813,4,,,0,35,,3814,4,,,0,75,,3815,4,,,0,33,,3816,4,,,0,75,,3818,4,,,0,104,,3819,4,,,0,105,,3820,4,,,0,105,,3821,4,,,0,105,,3822,4,,,0
2501,'EventOn',617,,3823,4,,,0,34,,3825,4,,,0,71,,3850,4,0,9,0,7,,3824,4,,,0,12,,3851,4,0,10,0,65,,3826,4,,,0,35,,3844,4,,,0,74,,3827,4,,,0,35,,3828,4,,,0,75,,3829,4,,,0,75,,3830,4,,,0,35,,3831,4,,,0,75,,3832,4,,,0,35,,3833,4,,,0,75,,3834,4,,,0,35,,3835,4,,,0,75,,3836,4,,,0,78,,3837,4,,,0,38,,3838,4,,,0,78,,3839,4,,,0,77,,3840,4,,,0,35,,3841,4,,,0,75,,3842,4,,,0,33,,3843,4,,,0,75,,3845,4,,,0,104,,3846,4,,,0,105,,3847,4,,,0,105,,3848,4,,,0,105,,3849,4,,,0
2501,'KerOffPriveOff',617,,3853,4,,,0,34,,3855,4,,,0,71,,3880,4,0,9,0,7,,3854,4,,,0,12,,3881,4,0,10,0,65,,3856,4,,,0,35,,3874,4,,,0,74,,3857,4,,,0,35,,3858,4,,,0,75,,3859,4,,,0,75,,3860,4,,,0,35,,3861,4,,,0,75,,3862,4,,,0,35,,3863,4,,,0,75,,3864,4,,,0,35,,3865,4,,,0,75,,3866,4,,,0,78,,3867,4,,,0,38,,3868,4,,,0,78,,3869,4,,,0,77,,3870,4,,,0,35,,3871,4,,,0,75,,3872,4,,,0,33,,3873,4,,,0,75,,3875,4,,,0,104,,3876,4,,,0,105,,3877,4,,,0,105,,3878,4,,,0,105,,3879,4,,,0
2501,'Samedi',613,,3893,4,,,0,104,,3882,4,,,0,105,,3888,4,,,0,105,,3894,4,,,0,105,,3883,4,,,0,105,,3889,4,,,0,105,,3895,4,,,0,105,,3884,4,,,0,105,,3890,4,,,0,105,,3896,4,,,0,145,,3885,4,,,0,105,,3891,4,,,0,105,,3897,4,,,0,105,,3886,4,,,0,105,,3892,4,,,0,105,,3898,4,,,0,105,,3887,4,,,0
190300200,'CsRoyOff',732,,4950,4,,,0
190300200,'CsRoyOffKerOff',732,,4951,4,,,0
190300200,'EventOn',732,,4952,4,,,0
