801,'CsRoyOff',635,,1503,37,,,0,80,,1492,37,,,0,35,,1504,37,,,0,81,,1493,37,,,0,74,,1505,37,,,0,34,,1494,37,,,0,75,,1506,37,,,0,35,,1495,37,,,0,75,,1507,37,,,0,76,,1496,37,,,0,35,,1508,37,,,0,75,,1497,37,,,0,35,,1509,37,,,0,75,,1498,37,,,0,35,,1510,37,,,0,80,,1499,37,,,0,77,,1511,37,,,0,37,,1500,37,,,0,77,,1512,37,,,0,74,,1501,37,,,0,34,,1513,37,,,0,74,,1502,37,,,0,34,,1514,37,,,0,104,,1518,37,,,0,105,,1517,37,,,0,105,,1515,37,,,0,145,,1516,37,,,0
801,'CsRoyOffKerOff',635,,1530,37,,,0,80,,1519,37,,,0,35,,1531,37,,,0,81,,1520,37,,,0,74,,1532,37,,,0,34,,1521,37,,,0,75,,1533,37,,,0,35,,1522,37,,,0,75,,1534,37,,,0,76,,1523,37,,,0,35,,1535,37,,,0,75,,1524,37,,,0,35,,1536,37,,,0,75,,1525,37,,,0,35,,1537,37,,,0,80,,1526,37,,,0,77,,1538,37,,,0,37,,1527,37,,,0,77,,1539,37,,,0,74,,1528,37,,,0,34,,1540,37,,,0,74,,1529,37,,,0,34,,1541,37,,,0,104,,1545,37,,,0,105,,1544,37,,,0,105,,1542,37,,,0,145,,1543,37,,,0
801,'Dimanche',905,,1547,37,,,0,105,,1548,37,,,0,105,,1549,37,,,0,104,,1552,37,,,0,105,,1551,37,,,0,105,,1553,37,,,0,105,,1554,37,,,0,105,,1555,37,,,0,105,,1550,37,,,0,105,,1546,37,,,0
801,'EventOff',635,,1567,37,,,0,80,,1556,37,,,0,35,,1568,37,,,0,81,,1557,37,,,0,74,,1569,37,,,0,34,,1558,37,,,0,75,,1570,37,,,0,35,,1559,37,,,0,75,,1571,37,,,0,76,,1560,37,,,0,35,,1572,37,,,0,75,,1561,37,,,0,35,,1573,37,,,0,75,,1562,37,,,0,35,,1574,37,,,0,80,,1563,37,,,0,77,,1575,37,,,0,37,,1564,37,,,0,77,,1576,37,,,0,74,,1565,37,,,0,34,,1577,37,,,0,74,,1566,37,,,0,34,,1578,37,,,0,104,,1582,37,,,0,105,,1581,37,,,0,105,,1579,37,,,0,145,,1580,37,,,0
801,'EventOn',635,,1594,37,,,0,80,,1583,37,,,0,35,,1595,37,,,0,81,,1584,37,,,0,74,,1596,37,,,0,34,,1585,37,,,0,75,,1597,37,,,0,35,,1586,37,,,0,75,,1598,37,,,0,76,,1587,37,,,0,35,,1599,37,,,0,75,,1588,37,,,0,35,,1600,37,,,0,75,,1589,37,,,0,35,,1601,37,,,0,80,,1590,37,,,0,77,,1602,37,,,0,37,,1591,37,,,0,77,,1603,37,,,0,74,,1592,37,,,0,34,,1604,37,,,0,74,,1593,37,,,0,34,,1605,37,,,0,104,,1609,37,,,0,105,,1608,37,,,0,105,,1606,37,,,0,145,,1607,37,,,0
801,'KerOffPriveOff',635,,1621,37,,,0,80,,1610,37,,,0,35,,1622,37,,,0,81,,1611,37,,,0,74,,1623,37,,,0,34,,1612,37,,,0,75,,1624,37,,,0,35,,1613,37,,,0,75,,1625,37,,,0,76,,1614,37,,,0,35,,1626,37,,,0,75,,1615,37,,,0,35,,1627,37,,,0,75,,1616,37,,,0,35,,1628,37,,,0,80,,1617,37,,,0,77,,1629,37,,,0,37,,1618,37,,,0,77,,1630,37,,,0,74,,1619,37,,,0,34,,1631,37,,,0,74,,1620,37,,,0,34,,1632,37,,,0,104,,1636,37,,,0,105,,1635,37,,,0,105,,1633,37,,,0,145,,1634,37,,,0
801,'Samedi',634,,1637,37,,,0,105,,1638,37,,,0,106,,1639,37,,,0,105,,1640,37,,,0,106,,1641,37,,,0,144,,1642,37,,,0,105,,1643,37,,,0,105,,1644,37,,,0,104,,1645,37,,,0,106,,1646,37,,,0,105,,1647,37,,,0,105,,1648,37,,,0,105,,1649,37,,,0,106,,1650,37,,,0,105,,1651,37,,,0,105,,1652,37,,,0,103,,1653,37,,,0
1200,'CsRoyOff',654,,2509,9,,,0,155,,2510,9,,,0,110,,2511,9,,,0,110,,2512,9,,,0,110,,2513,9,,,0,110,,2514,9,,,0,110,,2515,9,,,0,155,,2516,9,,,0,118,,2517,9,,,0,107,,2518,9,,,0,110,,2519,9,,,0,105,,2523,9,,,0,105,,2522,9,,,0,145,,2521,9,,,0,105,,2520,9,,,0,105,,2524,9,,,0
1200,'CsRoyOffKerOff',654,,2526,9,,,0,155,,2527,9,,,0,110,,2528,9,,,0,110,,2529,9,,,0,110,,2530,9,,,0,110,,2531,9,,,0,110,,2532,9,,,0,155,,2533,9,,,0,118,,2534,9,,,0,107,,2535,9,,,0,110,,2536,9,,,0,105,,2540,9,,,0,105,,2539,9,,,0,145,,2538,9,,,0,105,,2537,9,,,0,105,,2541,9,,,0
1200,'Dimanche',919,,2544,9,,,0,105,,2546,9,,,0,105,,2547,9,,,0,105,,2548,9,,,0,105,,2549,9,,,0,105,,2550,9,,,0,105,,2551,9,,,0,105,,2552,9,,,0,105,,2545,9,,,0,145,,2543,9,,,0
1200,'EventOff',654,,2553,9,,,0,155,,2554,9,,,0,110,,2555,9,,,0,110,,2556,9,,,0,110,,2557,9,,,0,110,,2558,9,,,0,110,,2559,9,,,0,155,,2560,9,,,0,118,,2561,9,,,0,107,,2562,9,,,0,110,,2563,9,,,0,105,,2567,9,,,0,105,,2566,9,,,0,145,,2565,9,,,0,105,,2564,9,,,0,105,,2568,9,,,0
1200,'EventOn',654,,2569,9,,,0,155,,2570,9,,,0,110,,2571,9,,,0,110,,2572,9,,,0,110,,2573,9,,,0,110,,2574,9,,,0,110,,2575,9,,,0,155,,2576,9,,,0,118,,2577,9,,,0,107,,2578,9,,,0,110,,2579,9,,,0,105,,2583,9,,,0,105,,2582,9,,,0,145,,2581,9,,,0,105,,2580,9,,,0,105,,2584,9,,,0
1200,'KerOffPriveOff',654,,2586,9,,,0,155,,2587,9,,,0,110,,2588,9,,,0,110,,2589,9,,,0,110,,2590,9,,,0,110,,2591,9,,,0,110,,2592,9,,,0,155,,2593,9,,,0,118,,2594,9,,,0,107,,2595,9,,,0,110,,2596,9,,,0,105,,2600,9,,,0,105,,2599,9,,,0,145,,2598,9,,,0,105,,2597,9,,,0,105,,2601,9,,,0
1200,'Samedi',649,,2602,9,,,0,105,,2603,9,,,0,105,,2604,9,,,0,145,,2605,9,,,0,105,,2606,9,,,0,105,,2607,9,,,0,106,,2608,9,,,0,105,,2609,9,,,0,105,,2610,9,,,0,104,,2611,9,,,0,105,,2612,9,,,0,105,,2613,9,,,0,105,,2614,9,,,0,105,,2615,9,,,0,105,,2616,9,,,0,145,,2617,9,,,0,105,,2618,9,,,0
