2500,'CsRoyOff',609,,3573,6,,,0,29,,3548,33,,,0,72,,3575,6,0,21,0,3,,3546,33,,,0,40,,3549,33,,,0,75,,3547,33,,,0,76,,3550,33,,,0,34,,3551,33,,,0,75,,3552,33,,,0,35,,3553,33,,,0,75,,3554,33,,,0,35,,3555,33,,,0,75,,3556,33,,,0,75,,3557,33,,,0,35,,3558,33,,,0,75,,3559,33,,,0,35,,3560,33,,,0,81,,3561,33,,,0,22,,3576,6,,,0,56,,3562,33,,,0,36,,3563,33,,,0,75,,3564,33,,,0,35,,3565,33,,,0,75,,3566,33,,,0,75,,3567,33,,,0,105,,3568,33,,,0,105,,3569,33,,,0,105,,3570,33,,,0,105,,3571,33,,,0,105,,3572,33,,,0
2500,'CsRoyOffKerOff',609,,3604,6,,,0,29,,3579,33,,,0,72,,3605,6,0,21,0,3,,3577,33,,,0,40,,3580,33,,,0,75,,3578,33,,,0,76,,3581,33,,,0,34,,3582,33,,,0,75,,3583,33,,,0,35,,3584,33,,,0,75,,3585,33,,,0,35,,3586,33,,,0,75,,3587,33,,,0,75,,3588,33,,,0,35,,3589,33,,,0,75,,3590,33,,,0,35,,3591,33,,,0,81,,3592,33,,,0,22,,3606,6,,,0,56,,3593,33,,,0,36,,3594,33,,,0,75,,3595,33,,,0,35,,3596,33,,,0,75,,3597,33,,,0,75,,3598,33,,,0,105,,3599,33,,,0,105,,3600,33,,,0,105,,3601,33,,,0,105,,3602,33,,,0,105,,3603,33,,,0
2500,'Dimanche',834,,3617,6,,,0,104,,3610,33,,,0,105,,3611,33,,,0,105,,3612,33,,,0,105,,3613,33,,,0,105,,3614,33,,,0,145,,3615,33,,,0,105,,3616,33,,,0,105,,3608,33,,,0,105,,3609,33,,,0,105,,3607,33,,,0
2500,'EventOff',609,,3645,6,,,0,29,,3620,33,,,0,75,,3618,33,,,0,40,,3621,33,,,0,75,,3619,33,,,0,76,,3622,33,,,0,34,,3623,33,,,0,75,,3624,33,,,0,35,,3625,33,,,0,75,,3626,33,,,0,35,,3627,33,,,0,75,,3628,33,,,0,75,,3629,33,,,0,35,,3630,33,,,0,75,,3631,33,,,0,35,,3632,33,,,0,81,,3633,33,,,0,78,,3634,33,,,0,36,,3635,33,,,0,75,,3636,33,,,0,35,,3637,33,,,0,75,,3638,33,,,0,75,,3639,33,,,0,105,,3640,33,,,0,105,,3641,33,,,0,105,,3642,33,,,0,105,,3643,33,,,0,105,,3644,33,,,0
2500,'EventOn',609,,3673,6,,,0,29,,3648,33,,,0,72,,3677,6,0,21,0,2,,3674,6,0,9,0,1,,3646,33,,,0,10,,3676,6,0,10,0,30,,3649,33,,,0,75,,3647,33,,,0,76,,3650,33,,,0,34,,3651,33,,,0,75,,3652,33,,,0,35,,3653,33,,,0,75,,3654,33,,,0,35,,3655,33,,,0,75,,3656,33,,,0,75,,3657,33,,,0,35,,3658,33,,,0,75,,3659,33,,,0,35,,3660,33,,,0,81,,3661,33,,,0,19,,3680,7,,,0,3,,3679,6,,,0,45,,3678,25,,,0,11,,3662,33,,,0,36,,3663,33,,,0,75,,3664,33,,,0,35,,3665,33,,,0,75,,3666,33,,,0,75,,3667,33,,,0,105,,3668,33,,,0,105,,3669,33,,,0,105,,3670,33,,,0,105,,3671,33,,,0,105,,3672,33,,,0
2500,'KerOffPriveOff',609,,3708,6,,,0,29,,3683,33,,,0,74,,3709,6,0,9,0,1,,3681,33,,,0,10,,3710,6,0,10,0,30,,3684,33,,,0,75,,3682,33,,,0,76,,3685,33,,,0,34,,3686,33,,,0,75,,3687,33,,,0,35,,3688,33,,,0,75,,3689,33,,,0,35,,3690,33,,,0,75,,3691,33,,,0,75,,3692,33,,,0,35,,3693,33,,,0,75,,3694,33,,,0,35,,3695,33,,,0,81,,3696,33,,,0,19,,3712,7,,,0,48,,3711,25,,,0,11,,3697,33,,,0,36,,3698,33,,,0,75,,3699,33,,,0,35,,3700,33,,,0,75,,3701,33,,,0,75,,3702,33,,,0,105,,3703,33,,,0,105,,3704,33,,,0,105,,3705,33,,,0,105,,3706,33,,,0,105,,3707,33,,,0
2500,'Samedi',602,,3725,6,,,0,106,,3713,33,,,0,105,,3719,33,,,0,105,,3726,33,,,0,105,,3714,33,,,0,105,,3720,33,,,0,105,,3727,33,,,0,105,,3715,33,,,0,105,,3721,33,,,0,105,,3728,33,,,0,105,,3716,33,,,0,105,,3722,33,,,0,145,,3729,33,,,0,105,,3717,33,,,0,105,,3723,33,,,0,105,,3730,33,,,0,105,,3718,33,,,0,105,,3724,33,,,0
3080200000,'EventOn',757,,4974,6,,,0
3080200000,'KerOffPriveOff',757,,4975,6,,,0
3080200001,'EventOn',1601,,4976,8,,,0
3080200001,'KerOffPriveOff',1601,,4977,8,,,0
3080400000,'EventOn',806,,4982,26,,,0
3080400000,'KerOffPriveOff',806,,4983,26,,,0
3080400001,'EventOn',1600,,4984,7,,,0
3080400001,'KerOffPriveOff',1600,,4985,7,,,0
