1301,'CsRoyOff',627,,2899,26,,,0,80,,2905,26,,,0,32,,2894,26,,,0,81,,2910,26,,,0,34,,2900,26,,,0,74,,2906,26,,,0,74,,2895,26,,,0,35,,2911,26,,,0,77,,2901,26,,,0,34,,2907,26,,,0,75,,2896,26,,,0,35,,2912,26,,,0,74,,2902,26,,,0,75,,2908,26,,,0,38,,2897,26,,,0,79,,2913,26,,,0,26,,2920,28,0,7 8,0,51,,2903,26,,,0,38,,2909,26,,,0,77,,2898,26,,,0,35,,2914,26,,,0,74,,2904,26,,,0,107,,2915,26,,,0,104,,2919,26,,,0,105,,2918,26,,,0,105,,2917,26,,,0,105,,2916,26,,,0
1301,'CsRoyOffKerOff',627,,2926,26,,,0,80,,2932,26,,,0,32,,2921,26,,,0,81,,2937,26,,,0,34,,2927,26,,,0,74,,2933,26,,,0,74,,2922,26,,,0,35,,2938,26,,,0,77,,2928,26,,,0,34,,2934,26,,,0,75,,2923,26,,,0,35,,2939,26,,,0,74,,2929,26,,,0,75,,2935,26,,,0,38,,2924,26,,,0,79,,2940,26,,,0,77,,2930,26,,,0,38,,2936,26,,,0,77,,2925,26,,,0,35,,2941,26,,,0,74,,2931,26,,,0,107,,2942,26,,,0,104,,2946,26,,,0,105,,2945,26,,,0,105,,2944,26,,,0,105,,2943,26,,,0
1301,'Dimanche',854,,2948,26,,,0,105,,2949,26,,,0,146,,2950,26,,,0,106,,2953,26,,,0,105,,2952,26,,,0,105,,2954,26,,,0,104,,2955,26,,,0,105,,2956,26,,,0,105,,2951,26,,,0,105,,2947,26,,,0
1301,'EventOff',627,,2962,26,,,0,80,,2968,26,,,0,32,,2957,26,,,0,81,,2973,26,,,0,34,,2963,26,,,0,74,,2969,26,,,0,74,,2958,26,,,0,35,,2974,26,,,0,77,,2964,26,,,0,34,,2970,26,,,0,75,,2959,26,,,0,35,,2975,26,,,0,74,,2965,26,,,0,75,,2971,26,,,0,38,,2960,26,,,0,79,,2976,26,,,0,77,,2966,26,,,0,38,,2972,26,,,0,77,,2961,26,,,0,35,,2977,26,,,0,74,,2967,26,,,0,107,,2978,26,,,0,104,,2982,26,,,0,105,,2981,26,,,0,105,,2980,26,,,0,105,,2979,26,,,0
1301,'EventOn',627,,2988,26,,,0,80,,2994,26,,,0,32,,2983,26,,,0,81,,2999,26,,,0,34,,2989,26,,,0,74,,2995,26,,,0,74,,2984,26,,,0,35,,3000,26,,,0,77,,2990,26,,,0,34,,2996,26,,,0,75,,2985,26,,,0,35,,3001,26,,,0,74,,2991,26,,,0,75,,2997,26,,,0,38,,2986,26,,,0,79,,3002,26,,,0,26,,3011,28,0,7 8,0,51,,2992,26,,,0,38,,2998,26,,,0,77,,2987,26,,,0,35,,3003,26,,,0,74,,2993,26,,,0,107,,3004,26,,,0,104,,3008,26,,,0,105,,3007,26,,,0,105,,3006,26,,,0,105,,3005,26,,,0
1301,'KerOffPriveOff',627,,3017,26,,,0,80,,3023,26,,,0,32,,3012,26,,,0,81,,3028,26,,,0,34,,3018,26,,,0,74,,3024,26,,,0,74,,3013,26,,,0,35,,3029,26,,,0,77,,3019,26,,,0,34,,3025,26,,,0,75,,3014,26,,,0,35,,3030,26,,,0,74,,3020,26,,,0,75,,3026,26,,,0,38,,3015,26,,,0,79,,3031,26,,,0,77,,3021,26,,,0,38,,3027,26,,,0,77,,3016,26,,,0,35,,3032,26,,,0,74,,3022,26,,,0,107,,3033,26,,,0,104,,3037,26,,,0,105,,3036,26,,,0,105,,3035,26,,,0,105,,3034,26,,,0
1301,'Samedi',626,,3040,26,,,0,103,,3049,26,,,0,105,,3041,26,,,0,106,,3050,26,,,0,107,,3042,26,,,0,105,,3051,26,,,0,105,,3043,26,,,0,145,,3052,26,,,0,105,,3044,26,,,0,105,,3053,26,,,0,105,,3045,26,,,0,104,,3054,26,,,0,104,,3046,26,,,0,105,,3055,26,,,0,104,,3047,26,,,0,105,,3056,26,,,0,105,,3048,26,,,0
1401,'CsRoyOff',712,,3096,17,,,0,100,,3097,17,,,0,100,,3095,17,,,0,647,,3094,23,,,0,100,,3093,23,,,0,99,,3092,23,,,0
1401,'CsRoyOffKerOff',712,,3102,17,,,0,100,,3103,17,,,0,100,,3101,17,,,0,647,,3100,23,,,0,100,,3099,23,,,0,99,,3098,23,,,0
1401,'EventOff',712,,3108,17,,,0,100,,3109,17,,,0,100,,3107,17,,,0,647,,3106,23,,,0,100,,3105,23,,,0,99,,3104,23,,,0
1401,'EventOn',712,,3114,17,,,0,100,,3115,17,,,0,100,,3113,17,,,0,647,,3112,23,,,0,100,,3111,23,,,0,99,,3110,23,,,0
1401,'KerOffPriveOff',712,,3120,17,,,0,100,,3121,17,,,0,100,,3119,17,,,0,647,,3118,23,,,0,100,,3117,23,,,0,99,,3116,23,,,0
