600,'CsRoyOff',634,,1003,1,,,0,80,,995,1,,,0,19,,1015,1,0,6,0,16,,988,1,,,0,75,,999,1,,,0,33,,1005,1,,,0,75,,994,1,,,0,75,,996,1,,,0,35,,989,1,,,0,75,,1000,1,,,0,35,,1006,1,,,0,75,,992,1,,,0,75,,997,1,,,0,35,,990,1,,,0,76,,1001,1,,,0,35,,1007,1,,,0,80,,1004,1,,,0,76,,998,1,,,0,39,,991,1,,,0,75,,1002,1,,,0,35,,1008,1,,,0,74,,993,1,,,0,109,,1010,1,,,0,100,,1013,1,,,0,105,,1012,1,,,0,107,,1011,1,,,0,103,,1009,1,,,0
600,'CsRoyOffKerOff',634,,1031,1,,,0,80,,1023,1,,,0,35,,1016,1,,,0,75,,1027,1,,,0,33,,1033,1,,,0,75,,1022,1,,,0,75,,1024,1,,,0,35,,1017,1,,,0,75,,1028,1,,,0,35,,1034,1,,,0,75,,1020,1,,,0,75,,1025,1,,,0,35,,1018,1,,,0,76,,1029,1,,,0,35,,1035,1,,,0,80,,1032,1,,,0,76,,1026,1,,,0,39,,1019,1,,,0,75,,1030,1,,,0,35,,1036,1,,,0,74,,1021,1,,,0,109,,1038,1,,,0,100,,1041,1,,,0,105,,1040,1,,,0,107,,1039,1,,,0,103,,1037,1,,,0
600,'Dimanche',855,,1044,1,,,0,145,,1047,1,,,0,106,,1046,1,,,0,105,,1048,1,,,0,105,,1049,1,,,0,105,,1050,1,,,0,105,,1051,1,,,0,105,,1052,1,,,0,105,,1043,1,,,0,104,,1045,1,,,0
600,'EventOff',634,,1068,1,,,0,80,,1060,1,,,0,35,,1053,1,,,0,75,,1064,1,,,0,33,,1070,1,,,0,75,,1059,1,,,0,75,,1061,1,,,0,35,,1054,1,,,0,75,,1065,1,,,0,35,,1071,1,,,0,75,,1057,1,,,0,75,,1062,1,,,0,35,,1055,1,,,0,76,,1066,1,,,0,35,,1072,1,,,0,80,,1069,1,,,0,76,,1063,1,,,0,39,,1056,1,,,0,75,,1067,1,,,0,35,,1073,1,,,0,74,,1058,1,,,0,109,,1075,1,,,0,100,,1078,1,,,0,105,,1077,1,,,0,107,,1076,1,,,0,103,,1074,1,,,0
600,'EventOn',634,,1095,1,,,0,80,,1087,1,,,0,19,,1107,1,0,6,0,16,,1080,1,,,0,75,,1091,1,,,0,33,,1097,1,,,0,75,,1086,1,,,0,75,,1088,1,,,0,35,,1081,1,,,0,75,,1092,1,,,0,35,,1098,1,,,0,75,,1084,1,,,0,75,,1089,1,,,0,35,,1082,1,,,0,76,,1093,1,,,0,35,,1099,1,,,0,80,,1096,1,,,0,76,,1090,1,,,0,39,,1083,1,,,0,75,,1094,1,,,0,35,,1100,1,,,0,74,,1085,1,,,0,109,,1102,1,,,0,100,,1105,1,,,0,105,,1104,1,,,0,107,,1103,1,,,0,103,,1101,1,,,0
600,'KerOffPriveOff',634,,1124,1,,,0,80,,1116,1,,,0,35,,1109,1,,,0,75,,1120,1,,,0,33,,1126,1,,,0,75,,1115,1,,,0,75,,1117,1,,,0,35,,1110,1,,,0,75,,1121,1,,,0,35,,1127,1,,,0,75,,1113,1,,,0,75,,1118,1,,,0,35,,1111,1,,,0,76,,1122,1,,,0,35,,1128,1,,,0,80,,1125,1,,,0,76,,1119,1,,,0,39,,1112,1,,,0,75,,1123,1,,,0,35,,1129,1,,,0,74,,1114,1,,,0,109,,1131,1,,,0,100,,1134,1,,,0,105,,1133,1,,,0,107,,1132,1,,,0,103,,1130,1,,,0
600,'Samedi',628,,1137,1,,,0,103,,1146,1,,,0,105,,1138,1,,,0,106,,1147,1,,,0,105,,1139,1,,,0,105,,1148,1,,,0,105,,1140,1,,,0,144,,1149,1,,,0,104,,1141,1,,,0,106,,1150,1,,,0,106,,1142,1,,,0,104,,1151,1,,,0,105,,1143,1,,,0,105,,1152,1,,,0,105,,1144,1,,,0,105,,1153,1,,,0,105,,1145,1,,,0
601,'CsRoyOff',624,,1181,35,4,,0,35,,1159,41,4,,0,76,,1182,41,4,,0,6,,1154,41,4,,0,74,,1165,41,4,,0,36,,1171,41,4,,0,74,,1158,41,4,,0,75,,1160,41,4,,0,35,,1155,41,4,,0,75,,1166,41,4,,0,35,,1172,41,4,,0,75,,1164,41,4,,0,35,,1161,41,4,,0,75,,1156,41,4,,0,75,,1167,41,4,,0,35,,1173,41,4,,0,81,,1170,41,4,,0,31,,1183,26,4,,0,7,,1162,41,4,,0,77,,1157,41,4,,0,74,,1168,41,4,,0,34,,1174,41,4,,0,75,,1169,41,4,,0,35,,1163,41,4,,0,79,,1179,41,4,,0,100,,1178,41,4,,0,105,,1177,41,4,,0,105,,1176,41,4,,0,105,,1175,41,4,,0,100,,1180,41,4,,0
601,'CsRoyOffKerOff',624,,1211,35,4,,0,35,,1189,41,4,,0,76,,1212,41,4,,0,6,,1184,41,4,,0,74,,1195,41,4,,0,36,,1201,41,4,,0,74,,1188,41,4,,0,75,,1190,41,4,,0,35,,1185,41,4,,0,75,,1196,41,4,,0,35,,1202,41,4,,0,75,,1194,41,4,,0,35,,1191,41,4,,0,75,,1186,41,4,,0,75,,1197,41,4,,0,35,,1203,41,4,,0,81,,1200,41,4,,0,38,,1192,41,4,,0,77,,1187,41,4,,0,74,,1198,41,4,,0,34,,1204,41,4,,0,75,,1199,41,4,,0,35,,1193,41,4,,0,79,,1209,41,4,,0,100,,1208,41,4,,0,105,,1207,41,4,,0,105,,1206,41,4,,0,105,,1205,41,4,,0,100,,1210,41,4,,0
601,'Dimanche',851,,1215,41,4,,0,105,,1214,41,4,,0,146,,1219,41,4,,0,105,,1218,41,4,,0,105,,1220,41,4,,0,105,,1221,41,4,,0,105,,1222,41,4,,0,105,,1223,41,4,,0,105,,1217,41,4,,0,104,,1216,41,4,,0,101,,1213,41,4,,0
601,'EventOff',624,,1251,35,4,,0,35,,1229,41,4,,0,82,,1224,41,4,,0,74,,1235,41,4,,0,36,,1241,41,4,,0,74,,1228,41,4,,0,75,,1230,41,4,,0,35,,1225,41,4,,0,75,,1236,41,4,,0,35,,1242,41,4,,0,75,,1234,41,4,,0,35,,1231,41,4,,0,75,,1226,41,4,,0,75,,1237,41,4,,0,35,,1243,41,4,,0,81,,1240,41,4,,0,38,,1232,41,4,,0,77,,1227,41,4,,0,74,,1238,41,4,,0,34,,1244,41,4,,0,75,,1239,41,4,,0,35,,1233,41,4,,0,79,,1249,41,4,,0,100,,1248,41,4,,0,105,,1247,41,4,,0,105,,1246,41,4,,0,105,,1245,41,4,,0,100,,1250,41,4,,0
601,'EventOn',624,,1279,35,4,,0,35,,1257,41,4,,0,76,,1280,41,4,,0,6,,1252,41,4,,0,74,,1263,41,4,,0,36,,1269,41,4,,0,74,,1256,41,4,,0,75,,1258,41,4,,0,35,,1253,41,4,,0,75,,1264,41,4,,0,35,,1270,41,4,,0,75,,1262,41,4,,0,35,,1259,41,4,,0,75,,1254,41,4,,0,75,,1265,41,4,,0,35,,1271,41,4,,0,81,,1268,41,4,,0,31,,1281,26,4,,0,7,,1260,41,4,,0,58,,1282,41,4,,0,19,,1255,41,4,,0,74,,1266,41,4,,0,34,,1272,41,4,,0,75,,1267,41,4,,0,35,,1261,41,4,,0,79,,1277,41,4,,0,100,,1276,41,4,,0,105,,1275,41,4,,0,105,,1274,41,4,,0,105,,1273,41,4,,0,100,,1278,41,4,,0
601,'KerOffPriveOff',624,,1310,35,4,,0,35,,1288,41,4,,0,82,,1283,41,4,,0,74,,1294,41,4,,0,36,,1300,41,4,,0,74,,1287,41,4,,0,75,,1289,41,4,,0,35,,1284,41,4,,0,75,,1295,41,4,,0,35,,1301,41,4,,0,75,,1293,41,4,,0,35,,1290,41,4,,0,75,,1285,41,4,,0,75,,1296,41,4,,0,35,,1302,41,4,,0,81,,1299,41,4,,0,38,,1291,41,4,,0,58,,1311,41,4,,0,19,,1286,41,4,,0,74,,1297,41,4,,0,34,,1303,41,4,,0,75,,1298,41,4,,0,35,,1292,41,4,,0,79,,1308,41,4,,0,100,,1307,41,4,,0,105,,1306,41,4,,0,105,,1305,41,4,,0,105,,1304,41,4,,0,100,,1309,41,4,,0
601,'Samedi',622,,1328,35,4,,0,105,,1312,41,4,,0,105,,1320,41,4,,0,106,,1313,41,4,,0,105,,1321,41,4,,0,105,,1314,41,4,,0,105,,1322,41,4,,0,104,,1315,41,4,,0,145,,1323,41,4,,0,105,,1316,41,4,,0,106,,1324,41,4,,0,104,,1317,41,4,,0,105,,1325,41,4,,0,105,,1318,41,4,,0,105,,1326,41,4,,0,105,,1319,41,4,,0,105,,1327,41,4,,0,97,,1329,41,4,,0
1100,'CsRoyOff',627,3,2185,15,,,0,77,45,2169,15,,,0,41,4,2181,15,,,0,74,4,2165,15,,,0,36,4,2176,15,,,0,74,4,2173,15,,,0,75,4,2186,15,,,0,35,4,2170,15,,,0,75,4,2182,15,,,0,35,4,2166,15,,,0,75,4,2177,15,,,0,35,4,2174,15,,,0,75,4,2183,15,,,0,75,4,2167,15,,,0,35,4,2180,15,,,0,81,4,2171,15,,,0,23,,2192,9,,,0,55,44,2178,15,,,0,37,4,2175,15,,,0,75,4,2184,15,,,0,33,4,2168,15,,,0,75,4,2179,15,,,0,35,4,2172,15,,,0,145,44,2190,15,,,0,105,4,2191,15,,,0,105,4,2189,15,,,0,105,4,2188,15,,,0,101,,2187,15,,,0
1100,'CsRoyOffKerOff',627,3,2213,15,,,0,77,45,2197,15,,,0,41,4,2209,15,,,0,74,4,2193,15,,,0,36,4,2204,15,,,0,74,4,2201,15,,,0,75,4,2214,15,,,0,35,4,2198,15,,,0,75,4,2210,15,,,0,35,4,2194,15,,,0,75,4,2205,15,,,0,35,4,2202,15,,,0,75,4,2211,15,,,0,75,4,2195,15,,,0,35,4,2208,15,,,0,81,4,2199,15,,,0,23,,2220,9,,,0,55,44,2206,15,,,0,37,4,2203,15,,,0,75,4,2212,15,,,0,33,4,2196,15,,,0,75,4,2207,15,,,0,35,4,2200,15,,,0,145,44,2218,15,,,0,105,4,2219,15,,,0,105,4,2217,15,,,0,105,4,2216,15,,,0,101,,2215,15,,,0
1100,'Dimanche',925,,2224,15,,,0,105,,2226,15,,,0,105,,2225,15,,,0,105,,2227,15,,,0,105,,2228,15,,,0,105,,2229,15,,,0,105,,2230,15,,,0,145,41,2222,15,,,0,104,,2221,15,,,0,105,,2223,15,,,0
1100,'EventOff',627,3,2251,15,,,0,77,45,2235,15,,,0,41,4,2247,15,,,0,74,4,2231,15,,,0,36,4,2242,15,,,0,74,4,2239,15,,,0,75,4,2252,15,,,0,35,4,2236,15,,,0,75,4,2248,15,,,0,35,4,2232,15,,,0,75,4,2243,15,,,0,35,4,2240,15,,,0,75,4,2249,15,,,0,75,4,2233,15,,,0,35,4,2246,15,,,0,81,4,2237,15,,,0,78,44,2244,15,,,0,37,4,2241,15,,,0,75,4,2250,15,,,0,33,4,2234,15,,,0,75,4,2245,15,,,0,35,4,2238,15,,,0,145,44,2256,15,,,0,105,4,2257,15,,,0,105,4,2255,15,,,0,105,4,2254,15,,,0,101,,2253,15,,,0
1100,'EventOn',627,3,2278,15,,,0,77,45,2262,15,,,0,41,4,2274,15,,,0,74,4,2258,15,,,0,5,,2286,15,0,11 12 13,0,31,4,2269,15,,,0,74,4,2266,15,,,0,75,4,2279,15,,,0,35,4,2263,15,,,0,75,4,2275,15,,,0,35,4,2259,15,,,0,75,4,2270,15,,,0,35,4,2267,15,,,0,75,4,2276,15,,,0,75,4,2260,15,,,0,35,4,2273,15,,,0,81,4,2264,15,,,0,23,,2288,9,,,0,52,,2287,1,,,0,3,44,2271,15,,,0,37,4,2268,15,,,0,75,4,2277,15,,,0,33,4,2261,15,,,0,75,4,2272,15,,,0,35,4,2265,15,,,0,145,44,2283,15,,,0,105,4,2284,15,,,0,105,4,2282,15,,,0,105,4,2281,15,,,0,101,,2280,15,,,0
1100,'KerOffPriveOff',627,3,2309,15,,,0,77,45,2293,15,,,0,41,4,2305,15,,,0,74,4,2289,15,,,0,5,,2317,15,0,11 12 13,0,31,4,2300,15,,,0,74,4,2297,15,,,0,75,4,2310,15,,,0,35,4,2294,15,,,0,75,4,2306,15,,,0,35,4,2290,15,,,0,75,4,2301,15,,,0,35,4,2298,15,,,0,75,4,2307,15,,,0,75,4,2291,15,,,0,35,4,2304,15,,,0,81,4,2295,15,,,0,75,,2318,1,,,0,3,44,2302,15,,,0,37,4,2299,15,,,0,75,4,2308,15,,,0,33,4,2292,15,,,0,75,4,2303,15,,,0,35,4,2296,15,,,0,145,44,2314,15,,,0,105,4,2315,15,,,0,105,4,2313,15,,,0,105,4,2312,15,,,0,101,,2311,15,,,0
1100,'Samedi',655,,2319,15,,,0,146,,2328,15,,,0,105,,2320,15,,,0,105,,2329,15,,,0,104,,2321,15,,,0,105,,2330,15,,,0,105,,2322,15,,,0,105,,2331,15,,,0,105,,2323,15,,,0,105,,2332,15,,,0,105,,2324,15,,,0,104,,2333,15,,,0,105,,2325,15,,,0,105,,2334,15,,,0,145,,2326,15,,,0,105,,2335,15,,,0,105,,2327,15,,,0
1101,'CsRoyOff',634,3,2344,25,,,0,80,3,2355,25,,,0,17,,2364,25,4,,0,17,2,2363,25,,,0,1,3,2341,25,,,0,75,3,2351,25,,,0,33,3,2336,25,,,0,75,3,2348,25,,,0,75,3,2345,25,,,0,35,3,2356,25,,,0,75,3,2342,25,,,0,35,3,2352,25,,,0,75,3,2337,25,,,0,75,43,2349,25,,,0,35,3,2346,25,,,0,76,3,2353,25,,,0,35,3,2338,25,,,0,80,3,2340,25,,,0,76,4,2343,25,,,0,39,3,2350,25,,,0,75,3,2347,25,,,0,35,3,2354,25,,,0,74,3,2339,25,,,0,74,43,2361,25,,,0,35,3,2362,25,,,0,101,4,2360,25,,,0,105,4,2359,25,,,0,105,4,2358,25,,,0,104,3,2357,25,,,0
1101,'CsRoyOffKerOff',634,3,2373,25,,,0,80,3,2384,25,,,0,17,,2393,25,4,,0,17,2,2392,25,,,0,1,3,2370,25,,,0,75,3,2380,25,,,0,33,3,2365,25,,,0,75,3,2377,25,,,0,75,3,2374,25,,,0,35,3,2385,25,,,0,75,3,2371,25,,,0,35,3,2381,25,,,0,75,3,2366,25,,,0,75,43,2378,25,,,0,35,3,2375,25,,,0,76,3,2382,25,,,0,35,3,2367,25,,,0,80,3,2369,25,,,0,76,4,2372,25,,,0,39,3,2379,25,,,0,75,3,2376,25,,,0,35,3,2383,25,,,0,74,3,2368,25,,,0,74,43,2390,25,,,0,35,3,2391,25,,,0,101,4,2389,25,,,0,105,4,2388,25,,,0,105,4,2387,25,,,0,104,3,2386,25,,,0
1101,'Dimanche',856,3,2397,25,,,0,145,43,2396,25,,,0,106,3,2398,25,,,0,105,3,2399,25,,,0,105,3,2400,25,,,0,105,3,2401,25,,,0,105,3,2402,25,,,0,105,3,2403,25,,,0,105,3,2395,25,,,0,104,3,2394,25,,,0
1101,'EventOff',634,3,2412,25,,,0,80,3,2423,25,,,0,35,3,2409,25,,,0,75,3,2419,25,,,0,33,3,2404,25,,,0,75,3,2416,25,,,0,75,3,2413,25,,,0,35,3,2424,25,,,0,75,3,2410,25,,,0,35,3,2420,25,,,0,75,3,2405,25,,,0,75,43,2417,25,,,0,35,3,2414,25,,,0,76,3,2421,25,,,0,35,3,2406,25,,,0,80,3,2408,25,,,0,76,4,2411,25,,,0,39,3,2418,25,,,0,75,3,2415,25,,,0,35,3,2422,25,,,0,74,3,2407,25,,,0,74,43,2429,25,,,0,35,3,2430,25,,,0,101,4,2428,25,,,0,105,4,2427,25,,,0,105,4,2426,25,,,0,104,3,2425,25,,,0
1101,'EventOn',634,3,2439,25,,,0,80,3,2450,25,,,0,17,,2459,25,4,,0,17,2,2458,25,,,0,1,3,2436,25,,,0,75,3,2446,25,,,0,33,3,2431,25,,,0,75,3,2443,25,,,0,75,3,2440,25,,,0,35,3,2451,25,,,0,75,3,2437,25,,,0,35,3,2447,25,,,0,75,3,2432,25,,,0,75,43,2444,25,,,0,35,3,2441,25,,,0,76,3,2448,25,,,0,35,3,2433,25,,,0,80,3,2435,25,,,0,76,4,2438,25,,,0,39,3,2445,25,,,0,75,3,2442,25,,,0,35,3,2449,25,,,0,74,3,2434,25,,,0,74,43,2456,25,,,0,35,3,2457,25,,,0,101,4,2455,25,,,0,105,4,2454,25,,,0,105,4,2453,25,,,0,104,3,2452,25,,,0
1101,'KerOffPriveOff',634,3,2470,25,,,0,80,3,2481,25,,,0,17,,2489,25,4,,0,18,3,2467,25,,,0,75,3,2477,25,,,0,33,3,2462,25,,,0,75,3,2474,25,,,0,75,3,2471,25,,,0,35,3,2482,25,,,0,75,3,2468,25,,,0,35,3,2478,25,,,0,75,3,2463,25,,,0,75,43,2475,25,,,0,35,3,2472,25,,,0,76,3,2479,25,,,0,35,3,2464,25,,,0,80,3,2466,25,,,0,76,4,2469,25,,,0,39,3,2476,25,,,0,75,3,2473,25,,,0,35,3,2480,25,,,0,74,3,2465,25,,,0,74,43,2487,25,,,0,35,3,2488,25,,,0,101,4,2486,25,,,0,105,4,2485,25,,,0,105,4,2484,25,,,0,104,3,2483,25,,,0
1101,'Samedi',627,3,2500,25,,,0,105,3,2492,25,,,0,105,3,2501,25,,,0,106,3,2493,25,,,0,105,3,2502,25,,,0,105,3,2494,25,,,0,105,3,2503,25,,,0,144,43,2495,25,,,0,105,3,2504,25,,,0,105,3,2496,25,,,0,106,3,2505,25,,,0,104,3,2497,25,,,0,105,3,2506,25,,,0,105,3,2498,25,,,0,105,3,2507,25,,,0,105,3,2499,25,,,0,105,3,2508,25,,,0
8900,'CsRoyOff',1936,,4827,1,,,0,100,,4829,1,,,0,105,,4828,1,,,0,107,,4826,1,,,0,103,,4825,1,,,0
8900,'CsRoyOffKerOff',1936,,4832,1,,,0,100,,4834,1,,,0,105,,4833,1,,,0,107,,4831,1,,,0,103,,4830,1,,,0
8900,'Dimanche',855,,4836,1,,,0,145,,4838,1,,,0,106,,4839,1,,,0,105,,4840,1,,,0,105,,4842,1,,,0,105,,4841,1,,,0,105,,4843,1,,,0,105,,4844,1,,,0,105,,4835,1,,,0,104,,4837,1,,,0
8900,'EventOff',1936,,4847,1,,,0,100,,4849,1,,,0,105,,4848,1,,,0,107,,4846,1,,,0,103,,4845,1,,,0
8900,'EventOn',1936,,4852,1,,,0,100,,4854,1,,,0,105,,4853,1,,,0,107,,4851,1,,,0,103,,4850,1,,,0
8900,'KerOffPriveOff',1936,,4857,1,,,0,100,,4859,1,,,0,105,,4858,1,,,0,107,,4856,1,,,0,103,,4855,1,,,0
8900,'Samedi',628,,4876,1,,,0,103,,4860,1,,,0,105,,4868,1,,,0,106,,4861,1,,,0,105,,4869,1,,,0,105,,4862,1,,,0,105,,4870,1,,,0,144,,4863,1,,,0,104,,4871,1,,,0,106,,4864,1,,,0,106,,4872,1,,,0,104,,4865,1,,,0,105,,4873,1,,,0,105,,4866,1,,,0,105,,4874,1,,,0,105,,4867,1,,,0,105,,4875,1,,,0
8901,'CsRoyOff',2033,,4880,45,4,,0,105,,4879,45,4,,0,105,,4878,45,4,,0,105,,4877,45,4,,0
8901,'CsRoyOffKerOff',2033,,4884,45,4,,0,105,,4883,45,4,,0,105,,4882,45,4,,0,105,,4881,45,4,,0
8901,'Dimanche',851,,4886,45,4,,0,105,,4888,45,4,,0,146,,4890,45,4,,0,105,,4891,45,4,,0,105,,4892,45,4,,0,105,,4893,45,4,,0,105,,4894,45,4,,0,105,,4895,45,4,,0,105,,4885,45,4,,0,104,,4889,45,4,,0,101,,4887,45,4,,0
8901,'EventOff',2033,,4899,45,4,,0,105,,4898,45,4,,0,105,,4897,45,4,,0,105,,4896,45,4,,0
8901,'EventOn',2033,,4903,45,4,,0,105,,4902,45,4,,0,105,,4901,45,4,,0,105,,4900,45,4,,0
8901,'KerOffPriveOff',2033,,4907,45,4,,0,105,,4906,45,4,,0,105,,4905,45,4,,0,105,,4904,45,4,,0
8901,'Samedi',727,,4916,45,4,,0,105,,4908,45,4,,0,106,,4917,45,4,,0,105,,4909,45,4,,0,105,,4918,45,4,,0,105,,4910,45,4,,0,104,,4919,45,4,,0,145,,4911,45,4,,0,105,,4920,45,4,,0,106,,4912,45,4,,0,104,,4921,45,4,,0,105,,4913,45,4,,0,105,,4922,45,4,,0,105,,4914,45,4,,0,105,,4923,45,4,,0,105,,4915,45,4,,0
160900100,'EventOn',1559,,4946,25,4,,0
160900100,'KerOffPriveOff',1559,,4947,25,4,,0
160900101,'EventOn',732,,4948,1,,,0
160900101,'KerOffPriveOff',732,,4949,1,,,0
19200200000,'CsRoyOff',736,,5006,1,,,0
19200200000,'CsRoyOffKerOff',736,,5007,1,,,0
19200200000,'EventOn',736,,5008,1,,,0
