600,'CsRoyOff',635,,1003,4,,,0,80,,995,4,,,0,19,,1015,4,0,6,0,16,,988,4,,,0,75,,999,4,,,0,33,,1005,4,,,0,75,,994,4,,,0,75,,996,4,,,0,35,,989,4,,,0,75,,1000,4,,,0,35,,1006,4,,,0,75,,992,4,,,0,75,,997,4,,,0,35,,990,4,,,0,76,,1001,4,,,0,35,,1007,4,,,0,80,,1004,4,,,0,76,,998,4,,,0,39,,991,4,,,0,75,,1002,4,,,0,35,,1008,4,,,0,74,,993,4,,,0,109,,1010,4,,,0,100,,1013,4,,,0,105,,1012,4,,,0,107,,1011,4,,,0,103,,1009,4,,,0
600,'CsRoyOffKerOff',635,,1031,4,,,0,80,,1023,4,,,0,35,,1016,4,,,0,75,,1027,4,,,0,33,,1033,4,,,0,75,,1022,4,,,0,75,,1024,4,,,0,35,,1017,4,,,0,75,,1028,4,,,0,35,,1034,4,,,0,75,,1020,4,,,0,75,,1025,4,,,0,35,,1018,4,,,0,76,,1029,4,,,0,35,,1035,4,,,0,80,,1032,4,,,0,76,,1026,4,,,0,39,,1019,4,,,0,75,,1030,4,,,0,35,,1036,4,,,0,74,,1021,4,,,0,109,,1038,4,,,0,100,,1041,4,,,0,105,,1040,4,,,0,107,,1039,4,,,0,103,,1037,4,,,0
600,'Dimanche',856,,1044,4,,,0,145,,1047,4,,,0,106,,1046,4,,,0,105,,1048,4,,,0,105,,1049,4,,,0,105,,1050,4,,,0,105,,1051,4,,,0,105,,1052,4,,,0,105,,1043,4,,,0,104,,1045,4,,,0
600,'EventOff',635,,1068,4,,,0,80,,1060,4,,,0,35,,1053,4,,,0,75,,1064,4,,,0,33,,1070,4,,,0,75,,1059,4,,,0,75,,1061,4,,,0,35,,1054,4,,,0,75,,1065,4,,,0,35,,1071,4,,,0,75,,1057,4,,,0,75,,1062,4,,,0,35,,1055,4,,,0,76,,1066,4,,,0,35,,1072,4,,,0,80,,1069,4,,,0,76,,1063,4,,,0,39,,1056,4,,,0,75,,1067,4,,,0,35,,1073,4,,,0,74,,1058,4,,,0,109,,1075,4,,,0,100,,1078,4,,,0,105,,1077,4,,,0,107,,1076,4,,,0,103,,1074,4,,,0
600,'EventOn',635,,1095,4,,,0,80,,1087,4,,,0,19,,1107,4,0,6,0,16,,1080,4,,,0,75,,1091,4,,,0,33,,1097,4,,,0,75,,1086,4,,,0,75,,1088,4,,,0,35,,1081,4,,,0,75,,1092,4,,,0,35,,1098,4,,,0,75,,1084,4,,,0,75,,1089,4,,,0,35,,1082,4,,,0,76,,1093,4,,,0,35,,1099,4,,,0,80,,1096,4,,,0,76,,1090,4,,,0,39,,1083,4,,,0,75,,1094,4,,,0,35,,1100,4,,,0,74,,1085,4,,,0,109,,1102,4,,,0,100,,1105,4,,,0,105,,1104,4,,,0,107,,1103,4,,,0,103,,1101,4,,,0
600,'KerOffPriveOff',635,,1124,4,,,0,80,,1116,4,,,0,35,,1109,4,,,0,75,,1120,4,,,0,33,,1126,4,,,0,75,,1115,4,,,0,75,,1117,4,,,0,35,,1110,4,,,0,75,,1121,4,,,0,35,,1127,4,,,0,75,,1113,4,,,0,75,,1118,4,,,0,35,,1111,4,,,0,76,,1122,4,,,0,35,,1128,4,,,0,80,,1125,4,,,0,76,,1119,4,,,0,39,,1112,4,,,0,75,,1123,4,,,0,35,,1129,4,,,0,74,,1114,4,,,0,109,,1131,4,,,0,100,,1134,4,,,0,105,,1133,4,,,0,107,,1132,4,,,0,103,,1130,4,,,0
600,'Samedi',629,,1137,4,,,0,103,,1146,4,,,0,105,,1138,4,,,0,106,,1147,4,,,0,105,,1139,4,,,0,105,,1148,4,,,0,105,,1140,4,,,0,144,,1149,4,,,0,104,,1141,4,,,0,106,,1150,4,,,0,106,,1142,4,,,0,104,,1151,4,,,0,105,,1143,4,,,0,105,,1152,4,,,0,105,,1144,4,,,0,105,,1153,4,,,0,105,,1145,4,,,0
8900,'CsRoyOff',1937,,4827,4,,,0,100,,4829,4,,,0,105,,4828,4,,,0,107,,4826,4,,,0,103,,4825,4,,,0
8900,'CsRoyOffKerOff',1937,,4832,4,,,0,100,,4834,4,,,0,105,,4833,4,,,0,107,,4831,4,,,0,103,,4830,4,,,0
8900,'Dimanche',856,,4836,4,,,0,145,,4838,4,,,0,106,,4839,4,,,0,105,,4840,4,,,0,105,,4842,4,,,0,105,,4841,4,,,0,105,,4843,4,,,0,105,,4844,4,,,0,105,,4835,4,,,0,104,,4837,4,,,0
8900,'EventOff',1937,,4847,4,,,0,100,,4849,4,,,0,105,,4848,4,,,0,107,,4846,4,,,0,103,,4845,4,,,0
8900,'EventOn',1937,,4852,4,,,0,100,,4854,4,,,0,105,,4853,4,,,0,107,,4851,4,,,0,103,,4850,4,,,0
8900,'KerOffPriveOff',1937,,4857,4,,,0,100,,4859,4,,,0,105,,4858,4,,,0,107,,4856,4,,,0,103,,4855,4,,,0
8900,'Samedi',629,,4876,4,,,0,103,,4860,4,,,0,105,,4868,4,,,0,106,,4861,4,,,0,105,,4869,4,,,0,105,,4862,4,,,0,105,,4870,4,,,0,144,,4863,4,,,0,104,,4871,4,,,0,106,,4864,4,,,0,106,,4872,4,,,0,104,,4865,4,,,0,105,,4873,4,,,0,105,,4866,4,,,0,105,,4874,4,,,0,105,,4867,4,,,0,105,,4875,4,,,0
160900101,'EventOn',734,,4948,4,,,0
160900101,'KerOffPriveOff',734,,4949,4,,,0
