111800200,'CsRoyOff',1615,,4924,7,,,0
111800200,'EventOn',1615,,4925,7,,,0
111800201,'CsRoyOff',807,,4926,10,,,0
111800201,'EventOn',807,,4927,10,,,0
3080100000,'EventOn',815,,4970,5,,,0
3080100000,'KerOffPriveOff',815,,4971,5,,,0
3080100001,'EventOn',1614,,4972,7,,,0
3080100001,'KerOffPriveOff',1614,,4973,7,,,0
19200100000,'CsRoyOff',720,,4998,9,,,0
19200100000,'CsRoyOffKerOff',720,,4999,9,,,0
19200100000,'EventOn',720,,5000,9,,,0
19200100000,'KerOffPriveOff',720,,5001,9,,,0
19200100001,'CsRoyOff',1559,,5002,10,,,0
19200100001,'CsRoyOffKerOff',1559,,5003,10,,,0
19200100001,'EventOn',1559,,5004,10,,,0
19200100001,'KerOffPriveOff',1559,,5005,10,,,0
