111800200,'CsRoyOff',1620,,4924,17,4,,0
111800200,'EventOn',1620,,4925,17,4,,0
111800201,'CsRoyOff',803,,4926,4,,,0
111800201,'EventOn',803,,4927,4,,,0
3080200000,'EventOn',824,,4974,24,,,0
3080200000,'KerOffPriveOff',824,,4975,24,,,0
3080200001,'EventOn',1624,,4976,28,4,,0
3080200001,'KerOffPriveOff',1624,,4977,28,4,,0
19200100000,'CsRoyOff',729,,4998,19,,,0
19200100000,'CsRoyOffKerOff',729,,4999,19,,,0
19200100000,'EventOn',729,,5000,19,,,0
19200100000,'KerOffPriveOff',729,,5001,19,,,0
19200100001,'CsRoyOff',1555,,5002,4,,,0
19200100001,'CsRoyOffKerOff',1555,,5003,4,,,0
19200100001,'EventOn',1555,,5004,4,,,0
19200100001,'KerOffPriveOff',1555,,5005,4,,,0
