1100,'CsRoyOff',616,,2185,4,,,0,35,,2169,4,,,0,80,,2181,4,,,0,75,,2165,4,,,0,36,,2176,4,,,0,74,,2173,4,,,0,35,,2186,4,,,0,75,,2170,4,,,0,75,,2182,4,,,0,35,,2166,4,,,0,75,,2177,4,,,0,35,,2174,4,,,0,75,,2183,4,,,0,35,,2167,4,,,0,75,,2180,4,,,0,80,,2171,4,,,0,38,,2178,4,,,0,77,,2175,4,,,0,75,,2184,4,,,0,35,,2168,4,,,0,75,,2179,4,,,0,35,,2172,4,,,0,105,,2190,4,,,0,105,,2191,4,,,0,145,,2189,4,,,0,105,,2188,4,,,0,105,,2187,4,,,0
1100,'CsRoyOffKerOff',616,,2213,4,,,0,35,,2197,4,,,0,80,,2209,4,,,0,75,,2193,4,,,0,36,,2204,4,,,0,74,,2201,4,,,0,35,,2214,4,,,0,75,,2198,4,,,0,75,,2210,4,,,0,35,,2194,4,,,0,75,,2205,4,,,0,35,,2202,4,,,0,75,,2211,4,,,0,35,,2195,4,,,0,75,,2208,4,,,0,80,,2199,4,,,0,38,,2206,4,,,0,77,,2203,4,,,0,75,,2212,4,,,0,35,,2196,4,,,0,75,,2207,4,,,0,35,,2200,4,,,0,105,,2218,4,,,0,105,,2219,4,,,0,145,,2217,4,,,0,105,,2216,4,,,0,105,,2215,4,,,0
1100,'Dimanche',916,,2224,4,,,0,105,,2226,4,,,0,105,,2225,4,,,0,105,,2227,4,,,0,105,,2228,4,,,0,105,,2229,4,,,0,105,,2230,4,,,0,105,,2222,4,,,0,105,,2221,4,,,0,145,,2223,4,,,0
1100,'EventOff',616,,2251,4,,,0,35,,2235,4,,,0,80,,2247,4,,,0,75,,2231,4,,,0,36,,2242,4,,,0,74,,2239,4,,,0,35,,2252,4,,,0,75,,2236,4,,,0,75,,2248,4,,,0,35,,2232,4,,,0,75,,2243,4,,,0,35,,2240,4,,,0,75,,2249,4,,,0,35,,2233,4,,,0,75,,2246,4,,,0,80,,2237,4,,,0,38,,2244,4,,,0,77,,2241,4,,,0,75,,2250,4,,,0,35,,2234,4,,,0,75,,2245,4,,,0,35,,2238,4,,,0,105,,2256,4,,,0,105,,2257,4,,,0,145,,2255,4,,,0,105,,2254,4,,,0,105,,2253,4,,,0
1100,'EventOn',616,,2278,4,,,0,35,,2262,4,,,0,80,,2274,4,,,0,75,,2258,4,,,0,9,,2286,4,0,11 12 13,0,3,,2285,4,0,11 12 13,0,24,,2269,4,,,0,74,,2266,4,,,0,35,,2279,4,,,0,75,,2263,4,,,0,75,,2275,4,,,0,35,,2259,4,,,0,75,,2270,4,,,0,35,,2267,4,,,0,75,,2276,4,,,0,35,,2260,4,,,0,75,,2273,4,,,0,80,,2264,4,,,0,38,,2271,4,,,0,77,,2268,4,,,0,75,,2277,4,,,0,35,,2261,4,,,0,75,,2272,4,,,0,35,,2265,4,,,0,105,,2283,4,,,0,105,,2284,4,,,0,145,,2282,4,,,0,105,,2281,4,,,0,105,,2280,4,,,0
1100,'KerOffPriveOff',616,,2309,4,,,0,35,,2293,4,,,0,80,,2305,4,,,0,75,,2289,4,,,0,9,,2317,4,0,11 12 13,0,3,,2316,4,0,11 12 13,0,24,,2300,4,,,0,74,,2297,4,,,0,35,,2310,4,,,0,75,,2294,4,,,0,75,,2306,4,,,0,35,,2290,4,,,0,75,,2301,4,,,0,35,,2298,4,,,0,75,,2307,4,,,0,35,,2291,4,,,0,75,,2304,4,,,0,80,,2295,4,,,0,38,,2302,4,,,0,77,,2299,4,,,0,75,,2308,4,,,0,35,,2292,4,,,0,75,,2303,4,,,0,35,,2296,4,,,0,105,,2314,4,,,0,105,,2315,4,,,0,145,,2313,4,,,0,105,,2312,4,,,0,105,,2311,4,,,0
1100,'Samedi',646,,2319,4,,,0,105,,2328,4,,,0,105,,2320,4,,,0,145,,2329,4,,,0,105,,2321,4,,,0,105,,2330,4,,,0,105,,2322,4,,,0,105,,2331,4,,,0,105,,2323,4,,,0,105,,2332,4,,,0,105,,2324,4,,,0,105,,2333,4,,,0,105,,2325,4,,,0,105,,2334,4,,,0,105,,2326,4,,,0,145,,2335,4,,,0,105,,2327,4,,,0
190300301,'CsRoyOff',1536,,4959,3,,,0
190300301,'CsRoyOffKerOff',1536,,4960,3,,,0
190300301,'EventOn',1536,,4961,3,,,0
