900,'CsRoyOff',703,,1654,42,0,20,0,40,,1668,42,0,20,0,75,,1655,42,0,20,0,36,,1665,42,0,20,0,75,,1656,42,0,20,0,75,,1669,42,0,20,0,35,,1657,42,0,20,0,112,,1658,42,0,20,0,150,,1659,42,0,20,0,111,,1660,42,0,20,0,35,,1666,42,0,20,0,76,,1661,42,0,20,0,79,,1667,42,0,20,0,28,,1672,38,0,5,0,2,,1671,41,,,0,7,,1662,42,0,20,0,77,,1670,42,0,20,0,36,,1663,42,0,20,0,107,,1664,42,0,20,0
900,'CsRoyOffKerOff',703,,1673,42,0,20,0,40,,1687,42,0,20,0,75,,1674,42,0,20,0,36,,1684,42,0,20,0,75,,1675,42,0,20,0,75,,1688,42,0,20,0,35,,1676,42,0,20,0,112,,1677,42,0,20,0,150,,1678,42,0,20,0,111,,1679,42,0,20,0,35,,1685,42,0,20,0,76,,1680,42,0,20,0,79,,1686,42,0,20,0,28,,1690,38,0,5,0,9,,1681,42,0,20,0,77,,1689,42,0,20,0,36,,1682,42,0,20,0,107,,1683,42,0,20,0
900,'EventOff',703,,1691,42,0,20,0,40,,1705,42,0,20,0,75,,1692,42,0,20,0,36,,1702,42,0,20,0,75,,1693,42,0,20,0,75,,1706,42,0,20,0,35,,1694,42,0,20,0,112,,1695,42,0,20,0,150,,1696,42,0,20,0,111,,1697,42,0,20,0,35,,1703,42,0,20,0,76,,1698,42,0,20,0,79,,1704,42,0,20,0,37,,1699,42,0,20,0,77,,1707,42,0,20,0,36,,1700,42,0,20,0,107,,1701,42,0,20,0
900,'EventOn',703,,1708,42,0,20,0,40,,1722,42,0,20,0,75,,1709,42,0,20,0,36,,1719,42,0,20,0,75,,1710,42,0,20,0,75,,1723,42,0,20,0,35,,1711,42,0,20,0,112,,1712,42,0,20,0,150,,1713,42,0,20,0,111,,1714,42,0,20,0,35,,1720,42,0,20,0,76,,1715,42,0,20,0,79,,1721,42,0,20,0,28,,1726,38,0,5,0,2,,1725,41,,,0,7,,1716,42,0,20,0,77,,1724,42,0,20,0,36,,1717,42,0,20,0,107,,1718,42,0,20,0
900,'KerOffPriveOff',703,,1727,42,0,20,0,40,,1741,42,0,20,0,75,,1728,42,0,20,0,36,,1738,42,0,20,0,75,,1729,42,0,20,0,75,,1742,42,0,20,0,35,,1730,42,0,20,0,112,,1731,42,0,20,0,150,,1732,42,0,20,0,111,,1733,42,0,20,0,35,,1739,42,0,20,0,76,,1734,42,0,20,0,79,,1740,42,0,20,0,37,,1735,42,0,20,0,77,,1743,42,0,20,0,36,,1736,42,0,20,0,107,,1737,42,0,20,0
8900,'CsRoyOff',1958,,4827,43,,,0,100,,4829,43,,,0,145,,4828,43,,,0,107,,4826,43,,,0,103,,4825,43,,,0
8900,'CsRoyOffKerOff',1958,,4832,43,,,0,100,,4834,43,,,0,145,,4833,43,,,0,107,,4831,43,,,0,103,,4830,43,,,0
8900,'Dimanche',917,,4836,43,,,0,105,,4838,43,,,0,107,,4839,43,,,0,105,,4840,43,,,0,105,,4842,43,,,0,105,,4841,43,,,0,105,,4843,43,,,0,105,,4844,43,,,0,104,,4835,43,,,0,144,,4837,43,,,0
8900,'EventOff',1958,,4847,43,,,0,100,,4849,43,,,0,145,,4848,43,,,0,107,,4846,43,,,0,103,,4845,43,,,0
8900,'EventOn',1958,,4852,43,,,0,100,,4854,43,,,0,145,,4853,43,,,0,107,,4851,43,,,0,103,,4850,43,,,0
8900,'KerOffPriveOff',1958,,4857,43,,,0,100,,4859,43,,,0,145,,4858,43,,,0,107,,4856,43,,,0,103,,4855,43,,,0
8900,'Samedi',650,,4876,43,,,0,103,,4860,43,,,0,105,,4868,43,,,0,147,,4861,43,,,0,105,,4869,43,,,0,105,,4862,43,,,0,105,,4870,43,,,0,104,,4863,43,,,0,104,,4871,43,,,0,106,,4864,43,,,0,106,,4872,43,,,0,104,,4865,43,,,0,105,,4873,43,,,0,105,,4866,43,,,0,104,,4874,43,,,0,145,,4867,43,,,0,105,,4875,43,,,0
