6000,'CsRoyOff',611,,4473,2,,,0,27,,4484,21,,,0,81,,4474,21,,,0,33,,4485,21,,,0,79,,4475,21,,,0,75,,4486,21,,,0,33,,4476,21,,,0,76,,4487,21,,,0,34,,4477,21,,,0,76,,4488,21,,,0,33,,4478,21,,,0,76,,4489,21,,,0,75,,4479,21,,,0,28,,4490,21,,,0,78,,4501,21,,,0,25,,4480,21,,,0,80,,4491,21,,,0,80,,4481,21,,,0,39,,4492,21,,,0,73,,4482,21,,,0,34,,4493,21,,,0,75,,4483,21,,,0,35,,4494,21,,,0,78,,4495,21,,,0,105,,4500,21,,,0,105,,4499,21,,,0,105,,4498,21,,,0,105,,4496,21,,,0
6000,'CsRoyOffKerOff',611,,4502,2,,,0,27,,4513,21,,,0,81,,4503,21,,,0,33,,4514,21,,,0,79,,4504,21,,,0,75,,4515,21,,,0,33,,4505,21,,,0,76,,4516,21,,,0,34,,4506,21,,,0,76,,4517,21,,,0,33,,4507,21,,,0,76,,4518,21,,,0,75,,4508,21,,,0,28,,4519,21,,,0,78,,4530,21,,,0,25,,4509,21,,,0,80,,4520,21,,,0,80,,4510,21,,,0,39,,4521,21,,,0,73,,4511,21,,,0,34,,4522,21,,,0,75,,4512,21,,,0,35,,4523,21,,,0,78,,4524,21,,,0,105,,4529,21,,,0,105,,4528,21,,,0,105,,4527,21,,,0,105,,4525,21,,,0
6000,'Dimanche',901,,4531,21,,,0,105,,4532,21,,,0,104,,4534,21,,,0,105,,4536,21,,,0,104,,4537,21,,,0,105,,4538,21,,,0,105,,4539,21,,,0,105,,4540,21,,,0,106,,4535,21,,,0,104,,4533,21,,,0
6000,'EventOff',611,,4541,2,,,0,27,,4552,21,,,0,81,,4542,21,,,0,33,,4553,21,,,0,79,,4543,21,,,0,75,,4554,21,,,0,33,,4544,21,,,0,76,,4555,21,,,0,34,,4545,21,,,0,76,,4556,21,,,0,33,,4546,21,,,0,76,,4557,21,,,0,75,,4547,21,,,0,28,,4558,21,,,0,78,,4569,21,,,0,25,,4548,21,,,0,80,,4559,21,,,0,80,,4549,21,,,0,39,,4560,21,,,0,73,,4550,21,,,0,34,,4561,21,,,0,75,,4551,21,,,0,35,,4562,21,,,0,78,,4563,21,,,0,105,,4568,21,,,0,105,,4567,21,,,0,105,,4566,21,,,0,105,,4564,21,,,0
6000,'EventOn',611,,4570,2,,,0,27,,4581,21,,,0,81,,4571,21,,,0,33,,4582,21,,,0,79,,4572,21,,,0,75,,4583,21,,,0,33,,4573,21,,,0,76,,4584,21,,,0,34,,4574,21,,,0,76,,4585,21,,,0,33,,4575,21,,,0,76,,4586,21,,,0,75,,4576,21,,,0,28,,4587,21,,,0,78,,4598,21,,,0,25,,4577,21,,,0,80,,4588,21,,,0,80,,4578,21,,,0,39,,4589,21,,,0,73,,4579,21,,,0,34,,4590,21,,,0,75,,4580,21,,,0,35,,4591,21,,,0,78,,4592,21,,,0,105,,4597,21,,,0,105,,4596,21,,,0,105,,4595,21,,,0,105,,4593,21,,,0
6000,'KerOffPriveOff',611,,4602,2,,,0,27,,4613,21,,,0,81,,4603,21,,,0,33,,4614,21,,,0,79,,4604,21,,,0,75,,4615,21,,,0,33,,4605,21,,,0,76,,4616,21,,,0,34,,4606,21,,,0,76,,4617,21,,,0,33,,4607,21,,,0,76,,4618,21,,,0,75,,4608,21,,,0,28,,4619,21,,,0,78,,4630,21,,,0,25,,4609,21,,,0,80,,4620,21,,,0,80,,4610,21,,,0,39,,4621,21,,,0,73,,4611,21,,,0,34,,4622,21,,,0,75,,4612,21,,,0,35,,4623,21,,,0,78,,4624,21,,,0,105,,4629,21,,,0,105,,4628,21,,,0,105,,4627,21,,,0,105,,4625,21,,,0
6000,'Samedi',631,,4639,21,,,0,104,,4645,21,,,0,105,,4634,21,,,0,105,,4640,21,,,0,105,,4646,21,,,0,104,,4635,21,,,0,146,,4641,21,,,0,105,,4647,21,,,0,105,,4636,21,,,0,105,,4642,21,,,0,104,,4648,21,,,0,106,,4637,21,,,0,105,,4643,21,,,0,105,,4649,21,,,0,105,,4638,21,,,0,105,,4644,21,,,0,105,,4650,21,,,0
111800500,'CsRoyOff',719,,4936,2,,,0,840,,4937,19,,,0
111800500,'CsRoyOffKerOff',1559,,4938,19,,,0
111800500,'EventOn',719,,4939,2,,,0,840,,4940,19,,,0
19200300000,'CsRoyOff',724,,5009,2,0,11 18,0
19200300000,'CsRoyOffKerOff',724,,5011,2,0,11 18,0
19200300000,'EventOn',724,,5013,2,0,11 18,0
