901,'CsRoyOff',611,,1744,6,,,0,24,,1758,6,,,0,68,,1762,7,0,5,0,5,,1763,7,0,6,0,3,,1745,6,,,0,40,,1757,6,,,0,74,,1746,6,,,0,76,,1759,6,,,0,35,,1747,6,,,0,110,,1748,6,,,0,111,,1749,6,,,0,149,,1750,6,,,0,111,,1751,6,,,0,35,,1756,6,,,0,76,,1752,6,,,0,79,,1755,6,,,0,37,,1753,6,,,0,77,,1760,6,,,0,36,,1754,6,,,0,150,,1761,6,,,0
901,'CsRoyOffKerOff',611,,1764,6,,,0,24,,1778,6,,,0,68,,1782,7,0,5,0,8,,1765,6,,,0,40,,1777,6,,,0,74,,1766,6,,,0,76,,1779,6,,,0,35,,1767,6,,,0,110,,1768,6,,,0,111,,1769,6,,,0,149,,1770,6,,,0,111,,1771,6,,,0,35,,1776,6,,,0,76,,1772,6,,,0,79,,1775,6,,,0,37,,1773,6,,,0,77,,1780,6,,,0,36,,1774,6,,,0,150,,1781,6,,,0
901,'EventOff',611,,1783,6,,,0,24,,1797,6,,,0,76,,1784,6,,,0,40,,1796,6,,,0,74,,1785,6,,,0,76,,1798,6,,,0,35,,1786,6,,,0,110,,1787,6,,,0,111,,1788,6,,,0,149,,1789,6,,,0,111,,1790,6,,,0,35,,1795,6,,,0,76,,1791,6,,,0,79,,1794,6,,,0,37,,1792,6,,,0,77,,1799,6,,,0,36,,1793,6,,,0,150,,1800,6,,,0
901,'EventOn',611,,1801,6,,,0,24,,1815,6,,,0,68,,1819,7,0,5,0,5,,1820,7,0,6,0,3,,1802,6,,,0,40,,1814,6,,,0,74,,1803,6,,,0,76,,1816,6,,,0,35,,1804,6,,,0,110,,1805,6,,,0,111,,1806,6,,,0,149,,1807,6,,,0,111,,1808,6,,,0,35,,1813,6,,,0,76,,1809,6,,,0,79,,1812,6,,,0,37,,1810,6,,,0,77,,1817,6,,,0,36,,1811,6,,,0,150,,1818,6,,,0
901,'KerOffPriveOff',611,,1821,6,,,0,24,,1835,6,,,0,76,,1822,6,,,0,40,,1834,6,,,0,74,,1823,6,,,0,76,,1836,6,,,0,35,,1824,6,,,0,110,,1825,6,,,0,111,,1826,6,,,0,149,,1827,6,,,0,111,,1828,6,,,0,35,,1833,6,,,0,76,,1829,6,,,0,79,,1832,6,,,0,37,,1830,6,,,0,77,,1837,6,,,0,36,,1831,6,,,0,150,,1838,6,,,0
8901,'CsRoyOff',2012,,4880,6,,,0,105,,4879,6,,,0,105,,4878,6,,,0,105,,4877,6,,,0
8901,'CsRoyOffKerOff',2012,,4884,6,,,0,105,,4883,6,,,0,105,,4882,6,,,0,105,,4881,6,,,0
8901,'Dimanche',829,,4886,6,,,0,105,,4888,6,,,0,106,,4890,6,,,0,105,,4891,6,,,0,105,,4892,6,,,0,105,,4893,6,,,0,145,,4894,6,,,0,105,,4895,6,,,0,105,,4885,6,,,0,104,,4889,6,,,0,101,,4887,6,,,0
8901,'EventOff',2012,,4899,6,,,0,105,,4898,6,,,0,105,,4897,6,,,0,105,,4896,6,,,0
8901,'EventOn',2012,,4903,6,,,0,105,,4902,6,,,0,105,,4901,6,,,0,105,,4900,6,,,0
8901,'KerOffPriveOff',2012,,4907,6,,,0,105,,4906,6,,,0,105,,4905,6,,,0,105,,4904,6,,,0
8901,'Samedi',705,,4916,6,,,0,105,,4908,6,,,0,106,,4917,6,,,0,105,,4909,6,,,0,105,,4918,6,,,0,105,,4910,6,,,0,104,,4919,6,,,0,105,,4911,6,,,0,105,,4920,6,,,0,106,,4912,6,,,0,104,,4921,6,,,0,145,,4913,6,,,0,105,,4922,6,,,0,105,,4914,6,,,0,105,,4923,6,,,0,105,,4915,6,,,0
