800,'CsRoyOff',618,,1330,2,,,0,35,,1341,2,,,0,80,,1331,2,,,0,75,,1342,2,,,0,35,,1332,2,,,0,74,,1343,2,,,0,35,,1333,2,,,0,75,,1344,2,,,0,76,,1334,2,,,0,35,,1345,2,,,0,75,,1335,2,,,0,35,,1346,2,,,0,75,,1336,2,,,0,35,,1347,2,,,0,75,,1337,2,,,0,80,,1348,2,,,0,38,,1338,2,,,0,78,,1349,2,,,0,75,,1339,2,,,0,33,,1350,2,,,0,75,,1340,2,,,0,36,,1351,2,,,0,105,,1356,2,,,0,105,,1355,2,,,0,145,,1352,2,,,0,105,,1353,2,,,0,105,,1354,2,,,0
800,'CsRoyOffKerOff',618,,1357,2,,,0,35,,1368,2,,,0,80,,1358,2,,,0,75,,1369,2,,,0,35,,1359,2,,,0,74,,1370,2,,,0,35,,1360,2,,,0,75,,1371,2,,,0,76,,1361,2,,,0,35,,1372,2,,,0,75,,1362,2,,,0,35,,1373,2,,,0,75,,1363,2,,,0,35,,1374,2,,,0,75,,1364,2,,,0,80,,1375,2,,,0,38,,1365,2,,,0,78,,1376,2,,,0,75,,1366,2,,,0,33,,1377,2,,,0,75,,1367,2,,,0,36,,1378,2,,,0,105,,1383,2,,,0,105,,1382,2,,,0,145,,1379,2,,,0,105,,1380,2,,,0,105,,1381,2,,,0
800,'Dimanche',918,,1386,2,,,0,105,,1387,2,,,0,105,,1389,2,,,0,105,,1390,2,,,0,105,,1391,2,,,0,105,,1392,2,,,0,105,,1393,2,,,0,105,,1388,2,,,0,105,,1384,2,,,0,145,,1385,2,,,0
800,'EventOff',618,,1394,2,,,0,35,,1405,2,,,0,80,,1395,2,,,0,75,,1406,2,,,0,35,,1396,2,,,0,74,,1407,2,,,0,35,,1397,2,,,0,75,,1408,2,,,0,76,,1398,2,,,0,35,,1409,2,,,0,75,,1399,2,,,0,35,,1410,2,,,0,75,,1400,2,,,0,35,,1411,2,,,0,75,,1401,2,,,0,80,,1412,2,,,0,38,,1402,2,,,0,78,,1413,2,,,0,75,,1403,2,,,0,33,,1414,2,,,0,75,,1404,2,,,0,36,,1415,2,,,0,105,,1420,2,,,0,105,,1419,2,,,0,145,,1416,2,,,0,105,,1417,2,,,0,105,,1418,2,,,0
800,'EventOn',618,,1421,2,,,0,35,,1432,2,,,0,80,,1422,2,,,0,75,,1433,2,,,0,35,,1423,2,,,0,74,,1434,2,,,0,35,,1424,2,,,0,75,,1435,2,,,0,76,,1425,2,,,0,35,,1436,2,,,0,75,,1426,2,,,0,35,,1437,2,,,0,75,,1427,2,,,0,35,,1438,2,,,0,75,,1428,2,,,0,80,,1439,2,,,0,38,,1429,2,,,0,78,,1440,2,,,0,75,,1430,2,,,0,33,,1441,2,,,0,75,,1431,2,,,0,36,,1442,2,,,0,105,,1447,2,,,0,105,,1446,2,,,0,145,,1443,2,,,0,105,,1444,2,,,0,105,,1445,2,,,0
800,'KerOffPriveOff',618,,1448,2,,,0,35,,1459,2,,,0,80,,1449,2,,,0,75,,1460,2,,,0,35,,1450,2,,,0,74,,1461,2,,,0,35,,1451,2,,,0,75,,1462,2,,,0,76,,1452,2,,,0,35,,1463,2,,,0,75,,1453,2,,,0,35,,1464,2,,,0,75,,1454,2,,,0,35,,1465,2,,,0,75,,1455,2,,,0,80,,1466,2,,,0,38,,1456,2,,,0,78,,1467,2,,,0,75,,1457,2,,,0,33,,1468,2,,,0,75,,1458,2,,,0,36,,1469,2,,,0,105,,1474,2,,,0,105,,1473,2,,,0,145,,1470,2,,,0,105,,1471,2,,,0,105,,1472,2,,,0
800,'Samedi',647,,1475,2,,,0,105,,1476,2,,,0,105,,1477,2,,,0,146,,1478,2,,,0,104,,1479,2,,,0,105,,1480,2,,,0,105,,1481,2,,,0,105,,1482,2,,,0,105,,1483,2,,,0,105,,1484,2,,,0,105,,1485,2,,,0,106,,1486,2,,,0,105,,1487,2,,,0,105,,1488,2,,,0,104,,1489,2,,,0,145,,1490,2,,,0,105,,1491,2,,,0
1000,'CsRoyOff',623,,1850,6,,,0,36,,1857,6,,,0,79,,1855,6,,,0,77,,1845,6,,,0,34,,1839,6,,,0,76,,1851,6,,,0,33,,1858,6,,,0,77,,1849,6,,,0,73,,1846,6,,,0,37,,1840,6,,,0,73,,1852,6,,,0,37,,1859,6,,,0,73,,1843,6,,,0,76,,1847,6,,,0,35,,1841,6,,,0,81,,1853,6,,,0,80,,1860,6,,,0,39,,1856,6,,,0,73,,1848,6,,,0,34,,1842,6,,,0,74,,1854,6,,,0,35,,1861,6,,,0,145,,1866,6,,,0,105,,1865,6,,,0,105,,1862,6,,,0,105,,1863,6,,,0,105,,1864,6,,,0
1000,'CsRoyOffKerOff',623,,1878,6,,,0,36,,1885,6,,,0,79,,1883,6,,,0,77,,1873,6,,,0,34,,1867,6,,,0,76,,1879,6,,,0,33,,1886,6,,,0,77,,1877,6,,,0,73,,1874,6,,,0,37,,1868,6,,,0,73,,1880,6,,,0,37,,1887,6,,,0,73,,1871,6,,,0,76,,1875,6,,,0,35,,1869,6,,,0,81,,1881,6,,,0,80,,1888,6,,,0,39,,1884,6,,,0,73,,1876,6,,,0,34,,1870,6,,,0,74,,1882,6,,,0,35,,1889,6,,,0,145,,1894,6,,,0,105,,1893,6,,,0,105,,1890,6,,,0,105,,1891,6,,,0,105,,1892,6,,,0
1000,'Dimanche',925,,1896,6,,,0,104,,1898,6,,,0,106,,1899,6,,,0,104,,1901,6,,,0,105,,1902,6,,,0,105,,1903,6,,,0,106,,1904,6,,,0,145,,1900,6,,,0,105,,1897,6,,,0,105,,1895,6,,,0
1000,'EventOff',623,,1917,6,,,0,36,,1924,6,,,0,79,,1922,6,,,0,77,,1912,6,,,0,34,,1906,6,,,0,76,,1918,6,,,0,33,,1925,6,,,0,77,,1916,6,,,0,73,,1913,6,,,0,37,,1907,6,,,0,73,,1919,6,,,0,37,,1926,6,,,0,73,,1910,6,,,0,76,,1914,6,,,0,35,,1908,6,,,0,81,,1920,6,,,0,80,,1927,6,,,0,39,,1923,6,,,0,73,,1915,6,,,0,34,,1909,6,,,0,74,,1921,6,,,0,35,,1928,6,,,0,145,,1933,6,,,0,105,,1932,6,,,0,105,,1929,6,,,0,105,,1930,6,,,0,105,,1931,6,,,0
1000,'EventOn',623,,1945,6,,,0,36,,1952,6,,,0,79,,1950,6,,,0,77,,1940,6,,,0,34,,1934,6,,,0,76,,1946,6,,,0,33,,1953,6,,,0,77,,1944,6,,,0,73,,1941,6,,,0,37,,1935,6,,,0,73,,1947,6,,,0,37,,1954,6,,,0,73,,1938,6,,,0,76,,1942,6,,,0,35,,1936,6,,,0,81,,1948,6,,,0,80,,1955,6,,,0,39,,1951,6,,,0,73,,1943,6,,,0,34,,1937,6,,,0,74,,1949,6,,,0,35,,1956,6,,,0,145,,1961,6,,,0,105,,1960,6,,,0,105,,1957,6,,,0,105,,1958,6,,,0,105,,1959,6,,,0
1000,'KerOffPriveOff',623,,1973,6,,,0,36,,1980,6,,,0,79,,1978,6,,,0,77,,1968,6,,,0,34,,1962,6,,,0,76,,1974,6,,,0,33,,1981,6,,,0,77,,1972,6,,,0,73,,1969,6,,,0,37,,1963,6,,,0,73,,1975,6,,,0,37,,1982,6,,,0,73,,1966,6,,,0,76,,1970,6,,,0,35,,1964,6,,,0,81,,1976,6,,,0,80,,1983,6,,,0,39,,1979,6,,,0,73,,1971,6,,,0,34,,1965,6,,,0,74,,1977,6,,,0,35,,1984,6,,,0,145,,1989,6,,,0,105,,1988,6,,,0,105,,1985,6,,,0,105,,1986,6,,,0,105,,1987,6,,,0
1000,'Samedi',655,,1990,6,,,0,145,,1991,6,,,0,105,,1992,6,,,0,105,,1993,6,,,0,105,,1994,6,,,0,105,,1995,6,,,0,106,,1996,6,,,0,105,,1997,6,,,0,105,,1998,6,,,0,104,,1999,6,,,0,105,,2000,6,,,0,105,,2001,6,,,0,105,,2002,6,,,0,145,,2003,6,,,0,105,,2004,6,,,0,105,,2005,6,,,0,105,,2006,6,,,0
