900,'CsRoyOff',701,,1654,38,0,20,0,40,,1668,38,0,20,0,75,,1655,38,0,20,0,36,,1665,38,0,20,0,75,,1656,38,0,20,0,75,,1669,38,0,20,0,35,,1657,38,0,20,0,111,,1658,38,0,20,0,110,,1659,38,0,20,0,151,,1660,38,0,20,0,35,,1666,38,0,20,0,76,,1661,38,0,20,0,39,,1667,38,0,20,0,69,,1672,34,0,5,0,2,,1671,37,,,0,6,,1662,38,0,20,0,77,,1670,38,0,20,0,36,,1663,38,0,20,0,107,,1664,38,0,20,0
900,'CsRoyOffKerOff',701,,1673,38,0,20,0,40,,1687,38,0,20,0,75,,1674,38,0,20,0,36,,1684,38,0,20,0,75,,1675,38,0,20,0,75,,1688,38,0,20,0,35,,1676,38,0,20,0,111,,1677,38,0,20,0,110,,1678,38,0,20,0,151,,1679,38,0,20,0,35,,1685,38,0,20,0,76,,1680,38,0,20,0,39,,1686,38,0,20,0,69,,1690,34,0,5,0,8,,1681,38,0,20,0,77,,1689,38,0,20,0,36,,1682,38,0,20,0,107,,1683,38,0,20,0
900,'EventOff',701,,1691,38,0,20,0,40,,1705,38,0,20,0,75,,1692,38,0,20,0,36,,1702,38,0,20,0,75,,1693,38,0,20,0,75,,1706,38,0,20,0,35,,1694,38,0,20,0,111,,1695,38,0,20,0,110,,1696,38,0,20,0,151,,1697,38,0,20,0,35,,1703,38,0,20,0,76,,1698,38,0,20,0,39,,1704,38,0,20,0,77,,1699,38,0,20,0,77,,1707,38,0,20,0,36,,1700,38,0,20,0,107,,1701,38,0,20,0
900,'EventOn',701,,1708,38,0,20,0,40,,1722,38,0,20,0,75,,1709,38,0,20,0,36,,1719,38,0,20,0,75,,1710,38,0,20,0,75,,1723,38,0,20,0,35,,1711,38,0,20,0,111,,1712,38,0,20,0,110,,1713,38,0,20,0,151,,1714,38,0,20,0,35,,1720,38,0,20,0,76,,1715,38,0,20,0,39,,1721,38,0,20,0,69,,1726,34,0,5,0,2,,1725,37,,,0,6,,1716,38,0,20,0,77,,1724,38,0,20,0,36,,1717,38,0,20,0,107,,1718,38,0,20,0
900,'KerOffPriveOff',701,,1727,38,0,20,0,40,,1741,38,0,20,0,75,,1728,38,0,20,0,36,,1738,38,0,20,0,75,,1729,38,0,20,0,75,,1742,38,0,20,0,35,,1730,38,0,20,0,111,,1731,38,0,20,0,110,,1732,38,0,20,0,151,,1733,38,0,20,0,35,,1739,38,0,20,0,76,,1734,38,0,20,0,39,,1740,38,0,20,0,77,,1735,38,0,20,0,77,,1743,38,0,20,0,36,,1736,38,0,20,0,107,,1737,38,0,20,0
8900,'CsRoyOff',1955,,4827,39,,,0,100,,4829,39,,,0,145,,4828,39,,,0,107,,4826,39,,,0,103,,4825,39,,,0
8900,'CsRoyOffKerOff',1955,,4832,39,,,0,100,,4834,39,,,0,145,,4833,39,,,0,107,,4831,39,,,0,103,,4830,39,,,0
8900,'Dimanche',915,,4836,39,,,0,105,,4838,39,,,0,107,,4839,39,,,0,105,,4840,39,,,0,105,,4842,39,,,0,105,,4841,39,,,0,105,,4843,39,,,0,105,,4844,39,,,0,104,,4835,39,,,0,144,,4837,39,,,0
8900,'EventOff',1955,,4847,39,,,0,100,,4849,39,,,0,145,,4848,39,,,0,107,,4846,39,,,0,103,,4845,39,,,0
8900,'EventOn',1955,,4852,39,,,0,100,,4854,39,,,0,145,,4853,39,,,0,107,,4851,39,,,0,103,,4850,39,,,0
8900,'KerOffPriveOff',1955,,4857,39,,,0,100,,4859,39,,,0,145,,4858,39,,,0,107,,4856,39,,,0,103,,4855,39,,,0
8900,'Samedi',647,,4876,39,,,0,103,,4860,39,,,0,105,,4868,39,,,0,147,,4861,39,,,0,105,,4869,39,,,0,105,,4862,39,,,0,105,,4870,39,,,0,104,,4863,39,,,0,104,,4871,39,,,0,106,,4864,39,,,0,106,,4872,39,,,0,104,,4865,39,,,0,105,,4873,39,,,0,105,,4866,39,,,0,104,,4874,39,,,0,145,,4867,39,,,0,105,,4875,39,,,0
