6000,'CsRoyOff',616,,4473,11,,,0,27,,4484,30,,,0,81,,4474,30,,,0,33,,4485,30,,,0,79,,4475,30,,,0,75,,4486,30,,,0,33,,4476,30,,,0,76,,4487,30,,,0,34,,4477,30,,,0,76,,4488,30,,,0,73,,4478,30,,,0,36,,4489,30,,,0,75,,4479,30,,,0,28,,4490,30,,,0,78,,4501,30,,,0,25,,4480,30,,,0,80,,4491,30,,,0,81,,4481,30,,,0,39,,4492,30,,,0,71,,4482,30,,,0,34,,4493,30,,,0,75,,4483,30,,,0,75,,4494,30,,,0,38,,4495,30,,,0,105,,4500,30,,,0,105,,4499,30,,,0,105,,4498,30,,,0,105,,4496,30,,,0
6000,'CsRoyOffKerOff',616,,4502,11,,,0,27,,4513,30,,,0,81,,4503,30,,,0,33,,4514,30,,,0,79,,4504,30,,,0,75,,4515,30,,,0,33,,4505,30,,,0,76,,4516,30,,,0,34,,4506,30,,,0,76,,4517,30,,,0,73,,4507,30,,,0,36,,4518,30,,,0,75,,4508,30,,,0,28,,4519,30,,,0,78,,4530,30,,,0,25,,4509,30,,,0,80,,4520,30,,,0,81,,4510,30,,,0,39,,4521,30,,,0,71,,4511,30,,,0,34,,4522,30,,,0,75,,4512,30,,,0,75,,4523,30,,,0,38,,4524,30,,,0,105,,4529,30,,,0,105,,4528,30,,,0,105,,4527,30,,,0,105,,4525,30,,,0
6000,'Dimanche',905,,4531,30,,,0,105,,4532,30,,,0,104,,4534,30,,,0,105,,4536,30,,,0,105,,4537,30,,,0,105,,4538,30,,,0,105,,4539,30,,,0,105,,4540,30,,,0,106,,4535,30,,,0,103,,4533,30,,,0
6000,'EventOff',616,,4541,11,,,0,27,,4552,30,,,0,81,,4542,30,,,0,33,,4553,30,,,0,79,,4543,30,,,0,75,,4554,30,,,0,33,,4544,30,,,0,76,,4555,30,,,0,34,,4545,30,,,0,76,,4556,30,,,0,73,,4546,30,,,0,36,,4557,30,,,0,75,,4547,30,,,0,28,,4558,30,,,0,78,,4569,30,,,0,25,,4548,30,,,0,80,,4559,30,,,0,81,,4549,30,,,0,39,,4560,30,,,0,71,,4550,30,,,0,34,,4561,30,,,0,75,,4551,30,,,0,75,,4562,30,,,0,38,,4563,30,,,0,105,,4568,30,,,0,105,,4567,30,,,0,105,,4566,30,,,0,105,,4564,30,,,0
6000,'EventOn',616,,4570,11,,,0,27,,4581,30,,,0,81,,4571,30,,,0,33,,4582,30,,,0,79,,4572,30,,,0,75,,4583,30,,,0,33,,4573,30,,,0,76,,4584,30,,,0,34,,4574,30,,,0,76,,4585,30,,,0,73,,4575,30,,,0,36,,4586,30,,,0,75,,4576,30,,,0,28,,4587,30,,,0,78,,4598,30,,,0,25,,4577,30,,,0,80,,4588,30,,,0,81,,4578,30,,,0,39,,4589,30,,,0,71,,4579,30,,,0,34,,4590,30,,,0,75,,4580,30,,,0,75,,4591,30,,,0,38,,4592,30,,,0,105,,4597,30,,,0,105,,4596,30,,,0,105,,4595,30,,,0,105,,4593,30,,,0
6000,'KerOffPriveOff',616,,4602,11,,,0,27,,4613,30,,,0,81,,4603,30,,,0,33,,4614,30,,,0,79,,4604,30,,,0,75,,4615,30,,,0,33,,4605,30,,,0,76,,4616,30,,,0,34,,4606,30,,,0,76,,4617,30,,,0,73,,4607,30,,,0,36,,4618,30,,,0,75,,4608,30,,,0,28,,4619,30,,,0,78,,4630,30,,,0,25,,4609,30,,,0,80,,4620,30,,,0,81,,4610,30,,,0,39,,4621,30,,,0,71,,4611,30,,,0,34,,4622,30,,,0,75,,4612,30,,,0,75,,4623,30,,,0,38,,4624,30,,,0,105,,4629,30,,,0,105,,4628,30,,,0,105,,4627,30,,,0,105,,4625,30,,,0
6000,'Samedi',635,,4639,30,,,0,104,,4645,30,,,0,105,,4634,30,,,0,105,,4640,30,,,0,105,,4646,30,,,0,105,,4635,30,,,0,146,,4641,30,,,0,105,,4647,30,,,0,105,,4636,30,,,0,105,,4642,30,,,0,104,,4648,30,,,0,105,,4637,30,,,0,105,,4643,30,,,0,105,,4649,30,,,0,105,,4638,30,,,0,105,,4644,30,,,0,105,,4650,30,,,0
19200300000,'CsRoyOff',729,,5009,11,0,11 18,0
19200300000,'CsRoyOffKerOff',729,,5011,11,0,11 18,0
19200300000,'EventOn',729,,5013,11,0,11 18,0
