901,'CsRoyOff',618,,1744,21,,,0,24,,1758,21,,,0,70,,1762,27,0,5,0,7,,1745,21,,,0,2,,1763,27,0,6,0,37,,1757,21,,,0,74,,1746,21,,,0,76,,1759,21,,,0,35,,1747,21,,,0,110,,1748,21,,,0,151,,1749,21,,,0,109,,1750,21,,,0,111,,1751,21,,,0,76,,1756,21,,,0,36,,1752,21,,,0,79,,1755,21,,,0,37,,1753,21,,,0,77,,1760,21,,,0,75,,1754,21,,,0,110,,1761,21,,,0
901,'CsRoyOffKerOff',618,,1764,21,,,0,24,,1778,21,,,0,70,,1782,27,0,5,0,7,,1765,21,,,0,39,,1777,21,,,0,74,,1766,21,,,0,76,,1779,21,,,0,35,,1767,21,,,0,110,,1768,21,,,0,151,,1769,21,,,0,109,,1770,21,,,0,111,,1771,21,,,0,76,,1776,21,,,0,36,,1772,21,,,0,79,,1775,21,,,0,37,,1773,21,,,0,77,,1780,21,,,0,75,,1774,21,,,0,110,,1781,21,,,0
901,'EventOff',618,,1783,21,,,0,24,,1797,21,,,0,77,,1784,21,,,0,39,,1796,21,,,0,74,,1785,21,,,0,76,,1798,21,,,0,35,,1786,21,,,0,110,,1787,21,,,0,151,,1788,21,,,0,109,,1789,21,,,0,111,,1790,21,,,0,76,,1795,21,,,0,36,,1791,21,,,0,79,,1794,21,,,0,37,,1792,21,,,0,77,,1799,21,,,0,75,,1793,21,,,0,110,,1800,21,,,0
901,'EventOn',618,,1801,21,,,0,24,,1815,21,,,0,70,,1819,27,0,5,0,7,,1802,21,,,0,2,,1820,27,0,6,0,37,,1814,21,,,0,74,,1803,21,,,0,76,,1816,21,,,0,35,,1804,21,,,0,110,,1805,21,,,0,151,,1806,21,,,0,109,,1807,21,,,0,111,,1808,21,,,0,76,,1813,21,,,0,36,,1809,21,,,0,79,,1812,21,,,0,37,,1810,21,,,0,77,,1817,21,,,0,75,,1811,21,,,0,110,,1818,21,,,0
901,'KerOffPriveOff',618,,1821,21,,,0,24,,1835,21,,,0,77,,1822,21,,,0,39,,1834,21,,,0,74,,1823,21,,,0,76,,1836,21,,,0,35,,1824,21,,,0,110,,1825,21,,,0,151,,1826,21,,,0,109,,1827,21,,,0,111,,1828,21,,,0,76,,1833,21,,,0,36,,1829,21,,,0,79,,1832,21,,,0,37,,1830,21,,,0,77,,1837,21,,,0,75,,1831,21,,,0,110,,1838,21,,,0
8901,'CsRoyOff',2019,,4880,21,,,0,105,,4879,21,,,0,105,,4878,21,,,0,105,,4877,21,,,0
8901,'CsRoyOffKerOff',2019,,4884,21,,,0,105,,4883,21,,,0,105,,4882,21,,,0,105,,4881,21,,,0
8901,'Dimanche',837,,4886,21,,,0,105,,4888,21,,,0,106,,4890,21,,,0,105,,4891,21,,,0,105,,4892,21,,,0,145,,4893,21,,,0,105,,4894,21,,,0,105,,4895,21,,,0,105,,4885,21,,,0,104,,4889,21,,,0,101,,4887,21,,,0
8901,'EventOff',2019,,4899,21,,,0,105,,4898,21,,,0,105,,4897,21,,,0,105,,4896,21,,,0
8901,'EventOn',2019,,4903,21,,,0,105,,4902,21,,,0,105,,4901,21,,,0,105,,4900,21,,,0
8901,'KerOffPriveOff',2019,,4907,21,,,0,105,,4906,21,,,0,105,,4905,21,,,0,105,,4904,21,,,0
8901,'Samedi',712,,4916,21,,,0,105,,4908,21,,,0,106,,4917,21,,,0,105,,4909,21,,,0,105,,4918,21,,,0,105,,4910,21,,,0,104,,4919,21,,,0,105,,4911,21,,,0,105,,4920,21,,,0,106,,4912,21,,,0,144,,4921,21,,,0,105,,4913,21,,,0,105,,4922,21,,,0,105,,4914,21,,,0,105,,4923,21,,,0,105,,4915,21,,,0
