401,'CsRoyOff',643,,496,38,,,0,81,,509,38,,,0,35,,493,38,,,0,76,,504,38,,,0,75,,500,38,,,0,35,,512,38,,,0,74,,497,38,,,0,36,,510,38,,,0,75,,494,38,,,0,75,,505,38,,,0,35,,501,38,,,0,75,,513,38,,,0,34,,498,38,,,0,75,,506,38,,,0,76,,502,38,,,0,37,,511,38,,,0,79,,495,38,,,0,39,,508,38,,,0,76,,499,38,,,0,74,,507,38,,,0,34,,503,38,,,0,107,,515,38,,,0,105,,518,38,,,0,105,,517,38,,,0,145,,516,38,,,0,105,,514,38,,,0
401,'CsRoyOffKerOff',643,,523,38,,,0,81,,536,38,,,0,35,,520,38,,,0,76,,531,38,,,0,75,,527,38,,,0,35,,539,38,,,0,74,,524,38,,,0,36,,537,38,,,0,75,,521,38,,,0,75,,532,38,,,0,35,,528,38,,,0,75,,540,38,,,0,34,,525,38,,,0,75,,533,38,,,0,76,,529,38,,,0,37,,538,38,,,0,79,,522,38,,,0,39,,535,38,,,0,76,,526,38,,,0,74,,534,38,,,0,34,,530,38,,,0,107,,542,38,,,0,105,,545,38,,,0,105,,544,38,,,0,145,,543,38,,,0,105,,541,38,,,0
401,'Dimanche',909,,549,38,,,0,106,,550,38,,,0,105,,551,38,,,0,105,,552,38,,,0,105,,553,38,,,0,105,,554,38,,,0,106,,555,38,,,0,104,,556,38,,,0,105,,548,38,,,0,104,,547,38,,,0
401,'EventOff',643,,560,38,,,0,81,,573,38,,,0,35,,557,38,,,0,76,,568,38,,,0,75,,564,38,,,0,35,,576,38,,,0,74,,561,38,,,0,36,,574,38,,,0,75,,558,38,,,0,75,,569,38,,,0,35,,565,38,,,0,75,,577,38,,,0,34,,562,38,,,0,75,,570,38,,,0,76,,566,38,,,0,37,,575,38,,,0,79,,559,38,,,0,39,,572,38,,,0,76,,563,38,,,0,74,,571,38,,,0,34,,567,38,,,0,107,,579,38,,,0,105,,582,38,,,0,105,,581,38,,,0,145,,580,38,,,0,105,,578,38,,,0
401,'EventOn',643,,586,38,,,0,81,,599,38,,,0,35,,583,38,,,0,76,,594,38,,,0,75,,590,38,,,0,35,,602,38,,,0,74,,587,38,,,0,36,,600,38,,,0,75,,584,38,,,0,75,,595,38,,,0,35,,591,38,,,0,75,,603,38,,,0,34,,588,38,,,0,75,,596,38,,,0,76,,592,38,,,0,37,,601,38,,,0,79,,585,38,,,0,39,,598,38,,,0,76,,589,38,,,0,74,,597,38,,,0,34,,593,38,,,0,107,,605,38,,,0,105,,608,38,,,0,105,,607,38,,,0,145,,606,38,,,0,105,,604,38,,,0
401,'KerOffPriveOff',643,,613,38,,,0,81,,626,38,,,0,35,,610,38,,,0,76,,621,38,,,0,75,,617,38,,,0,35,,629,38,,,0,74,,614,38,,,0,36,,627,38,,,0,75,,611,38,,,0,75,,622,38,,,0,35,,618,38,,,0,75,,630,38,,,0,34,,615,38,,,0,75,,623,38,,,0,76,,619,38,,,0,37,,628,38,,,0,79,,612,38,,,0,39,,625,38,,,0,76,,616,38,,,0,74,,624,38,,,0,34,,620,38,,,0,107,,632,38,,,0,105,,635,38,,,0,105,,634,38,,,0,145,,633,38,,,0,105,,631,38,,,0
401,'Samedi',638,,637,38,,,0,105,,638,38,,,0,105,,639,38,,,0,105,,640,38,,,0,105,,641,38,,,0,145,,642,38,,,0,105,,643,38,,,0,105,,644,38,,,0,105,,645,38,,,0,105,,646,38,,,0,105,,647,38,,,0,105,,648,38,,,0,105,,649,38,,,0,105,,650,38,,,0,105,,651,38,,,0,105,,652,38,,,0,105,,653,38,,,0
1001,'CsRoyOff',645,,2008,25,,,0,72,,2017,25,,,0,41,,2025,25,,,0,74,,2022,25,,,0,73,,2013,25,,,0,36,,2009,25,,,0,74,,2018,25,,,0,35,,2026,25,,,0,77,,2021,25,,,0,73,,2014,25,,,0,36,,2010,25,,,0,73,,2019,25,,,0,35,,2027,25,,,0,67,,2024,25,,,0,40,,2015,25,,,0,71,,2011,25,,,0,83,,2020,25,,,0,38,,2028,25,,,0,80,,2023,25,,,0,34,,2016,25,,,0,78,,2012,25,,,0,104,,2029,25,,,0,105,,2033,25,,,0,105,,2032,25,,,0,105,,2030,25,,,0,105,,2031,25,,,0
1001,'CsRoyOffKerOff',645,,2034,25,,,0,72,,2043,25,,,0,41,,2051,25,,,0,74,,2048,25,,,0,73,,2039,25,,,0,36,,2035,25,,,0,74,,2044,25,,,0,35,,2052,25,,,0,77,,2047,25,,,0,73,,2040,25,,,0,36,,2036,25,,,0,73,,2045,25,,,0,35,,2053,25,,,0,67,,2050,25,,,0,40,,2041,25,,,0,71,,2037,25,,,0,83,,2046,25,,,0,38,,2054,25,,,0,80,,2049,25,,,0,34,,2042,25,,,0,78,,2038,25,,,0,104,,2055,25,,,0,105,,2059,25,,,0,105,,2058,25,,,0,105,,2056,25,,,0,105,,2057,25,,,0
1001,'Dimanche',906,,2062,25,,,0,106,,2063,25,,,0,104,,2064,25,,,0,105,,2065,25,,,0,105,,2066,25,,,0,105,,2067,25,,,0,104,,2068,25,,,0,104,,2069,25,,,0,106,,2061,25,,,0,104,,2060,25,,,0
1001,'EventOff',645,,2070,25,,,0,72,,2079,25,,,0,41,,2087,25,,,0,74,,2084,25,,,0,73,,2075,25,,,0,36,,2071,25,,,0,74,,2080,25,,,0,35,,2088,25,,,0,77,,2083,25,,,0,73,,2076,25,,,0,36,,2072,25,,,0,73,,2081,25,,,0,35,,2089,25,,,0,67,,2086,25,,,0,40,,2077,25,,,0,71,,2073,25,,,0,83,,2082,25,,,0,38,,2090,25,,,0,80,,2085,25,,,0,34,,2078,25,,,0,78,,2074,25,,,0,104,,2091,25,,,0,105,,2095,25,,,0,105,,2094,25,,,0,105,,2092,25,,,0,105,,2093,25,,,0
1001,'EventOn',645,,2096,25,,,0,72,,2105,25,,,0,41,,2113,25,,,0,74,,2110,25,,,0,73,,2101,25,,,0,36,,2097,25,,,0,74,,2106,25,,,0,35,,2114,25,,,0,77,,2109,25,,,0,73,,2102,25,,,0,36,,2098,25,,,0,73,,2107,25,,,0,35,,2115,25,,,0,67,,2112,25,,,0,40,,2103,25,,,0,71,,2099,25,,,0,83,,2108,25,,,0,38,,2116,25,,,0,80,,2111,25,,,0,34,,2104,25,,,0,78,,2100,25,,,0,104,,2117,25,,,0,105,,2121,25,,,0,105,,2120,25,,,0,105,,2118,25,,,0,105,,2119,25,,,0
1001,'KerOffPriveOff',645,,2122,25,,,0,72,,2131,25,,,0,41,,2139,25,,,0,74,,2136,25,,,0,73,,2127,25,,,0,36,,2123,25,,,0,74,,2132,25,,,0,35,,2140,25,,,0,77,,2135,25,,,0,73,,2128,25,,,0,36,,2124,25,,,0,73,,2133,25,,,0,35,,2141,25,,,0,67,,2138,25,,,0,40,,2129,25,,,0,71,,2125,25,,,0,83,,2134,25,,,0,38,,2142,25,,,0,80,,2137,25,,,0,34,,2130,25,,,0,78,,2126,25,,,0,104,,2143,25,,,0,105,,2147,25,,,0,105,,2146,25,,,0,105,,2144,25,,,0,105,,2145,25,,,0
1001,'Samedi',636,,2148,25,,,0,104,,2149,25,,,0,105,,2150,25,,,0,106,,2151,25,,,0,105,,2152,25,,,0,144,,2153,25,,,0,106,,2154,25,,,0,105,,2155,25,,,0,105,,2156,25,,,0,104,,2157,25,,,0,104,,2158,25,,,0,106,,2159,25,,,0,105,,2160,25,,,0,105,,2161,25,,,0,105,,2162,25,,,0,105,,2163,25,,,0,105,,2164,25,,,0
2601,'CsRoyOff',641,,4063,8,,,0,80,,4064,8,,,0,35,,4065,8,,,0,75,,4066,8,,,0,75,,4067,8,,,0,35,,4068,8,,,0,75,,4069,8,,,0,35,,4070,8,,,0,75,,4071,8,,,0,75,,4072,8,,,0,35,,4073,8,,,0,72,,4074,8,,,0,38,,4075,8,,,0,75,,4076,8,,,0,80,,4077,8,,,0,35,,4078,8,,,0,78,,4079,8,,,0,37,,4080,8,,,0,75,,4081,8,,,0,75,,4082,8,,,0,35,,4083,8,,,0,75,,4084,8,,,0,130,,4088,8,,,0,105,,4087,8,,,0,105,,4086,8,,,0,105,,4085,8,,,0
2601,'CsRoyOffKerOff',641,,4089,8,,,0,80,,4090,8,,,0,35,,4091,8,,,0,75,,4092,8,,,0,75,,4093,8,,,0,35,,4094,8,,,0,75,,4095,8,,,0,35,,4096,8,,,0,75,,4097,8,,,0,75,,4098,8,,,0,35,,4099,8,,,0,72,,4100,8,,,0,38,,4101,8,,,0,75,,4102,8,,,0,80,,4103,8,,,0,35,,4104,8,,,0,78,,4105,8,,,0,37,,4106,8,,,0,75,,4107,8,,,0,75,,4108,8,,,0,35,,4109,8,,,0,75,,4110,8,,,0,130,,4114,8,,,0,105,,4113,8,,,0,105,,4112,8,,,0,105,,4111,8,,,0
2601,'Dimanche',1006,,4117,8,,,0,105,,4119,8,,,0,105,,4120,8,,,0,105,,4118,8,,,0,105,,4121,8,,,0,105,,4122,8,,,0,105,,4123,8,,,0,105,,4116,8,,,0,105,,4115,8,,,0
2601,'EventOff',641,,4124,8,,,0,80,,4125,8,,,0,35,,4126,8,,,0,75,,4127,8,,,0,75,,4128,8,,,0,35,,4129,8,,,0,75,,4130,8,,,0,35,,4131,8,,,0,75,,4132,8,,,0,75,,4133,8,,,0,35,,4134,8,,,0,72,,4135,8,,,0,38,,4136,8,,,0,75,,4137,8,,,0,80,,4138,8,,,0,35,,4139,8,,,0,78,,4140,8,,,0,37,,4141,8,,,0,75,,4142,8,,,0,75,,4143,8,,,0,35,,4144,8,,,0,75,,4145,8,,,0,130,,4149,8,,,0,105,,4148,8,,,0,105,,4147,8,,,0,105,,4146,8,,,0
2601,'EventOn',641,,4150,8,,,0,80,,4151,8,,,0,35,,4152,8,,,0,75,,4153,8,,,0,75,,4154,8,,,0,35,,4155,8,,,0,75,,4156,8,,,0,35,,4157,8,,,0,75,,4158,8,,,0,75,,4159,8,,,0,35,,4160,8,,,0,72,,4161,8,,,0,38,,4162,8,,,0,75,,4163,8,,,0,80,,4164,8,,,0,35,,4165,8,,,0,78,,4166,8,,,0,37,,4167,8,,,0,75,,4168,8,,,0,75,,4169,8,,,0,35,,4170,8,,,0,75,,4171,8,,,0,130,,4175,8,,,0,105,,4174,8,,,0,105,,4173,8,,,0,105,,4172,8,,,0
2601,'KerOffPriveOff',641,,4176,8,,,0,80,,4177,8,,,0,35,,4178,8,,,0,75,,4179,8,,,0,75,,4180,8,,,0,35,,4181,8,,,0,75,,4182,8,,,0,35,,4183,8,,,0,75,,4184,8,,,0,75,,4185,8,,,0,35,,4186,8,,,0,72,,4187,8,,,0,38,,4188,8,,,0,75,,4189,8,,,0,80,,4190,8,,,0,35,,4191,8,,,0,78,,4192,8,,,0,37,,4193,8,,,0,75,,4194,8,,,0,75,,4195,8,,,0,35,,4196,8,,,0,75,,4197,8,,,0,130,,4201,8,,,0,105,,4200,8,,,0,105,,4199,8,,,0,105,,4198,8,,,0
2601,'Samedi',736,,4209,8,,,0,105,,4208,8,,,0,105,,4207,8,,,0,105,,4206,8,,,0,105,,4214,8,,,0,145,,4213,8,,,0,105,,4212,8,,,0,105,,4211,8,,,0,105,,4210,8,,,0,105,,4215,8,,,0,105,,4216,8,,,0,105,,4217,8,,,0,105,,4202,8,,,0,105,,4203,8,,,0,105,,4204,8,,,0,105,,4205,8,,,0
