501,'CsRoyOff',626,,840,11,,,0,79,,837,11,,,0,35,,827,11,,,0,77,,823,11,,,0,35,,833,11,,,0,76,,841,11,,,0,74,,831,11,,,0,35,,828,11,,,0,74,,824,11,,,0,35,,834,11,,,0,75,,842,11,,,0,35,,832,11,,,0,75,,829,11,,,0,75,,825,11,,,0,34,,835,11,,,0,76,,843,11,,,0,38,,839,11,,,0,78,,830,11,,,0,80,,826,11,,,0,35,,836,11,,,0,75,,844,11,,,0,35,,838,11,,,0,75,,849,11,,,0,97,,848,11,,,0,105,,847,11,,,0,105,,846,11,,,0,105,,845,11,,,0
501,'CsRoyOffKerOff',626,,868,11,,,0,79,,865,11,,,0,35,,855,11,,,0,77,,851,11,,,0,35,,861,11,,,0,76,,869,11,,,0,74,,859,11,,,0,35,,856,11,,,0,74,,852,11,,,0,35,,862,11,,,0,75,,870,11,,,0,35,,860,11,,,0,75,,857,11,,,0,75,,853,11,,,0,34,,863,11,,,0,76,,871,11,,,0,38,,867,11,,,0,78,,858,11,,,0,80,,854,11,,,0,35,,864,11,,,0,75,,872,11,,,0,35,,866,11,,,0,75,,877,11,,,0,97,,876,11,,,0,105,,875,11,,,0,105,,874,11,,,0,105,,873,11,,,0
501,'Dimanche',849,,882,11,,,0,105,,881,11,,,0,105,,883,11,,,0,145,,885,11,,,0,105,,884,11,,,0,106,,886,11,,,0,105,,887,11,,,0,105,,888,11,,,0,105,,879,11,,,0,105,,880,11,,,0
501,'EventOff',626,,906,11,,,0,79,,903,11,,,0,35,,893,11,,,0,77,,889,11,,,0,35,,899,11,,,0,76,,907,11,,,0,74,,897,11,,,0,35,,894,11,,,0,74,,890,11,,,0,35,,900,11,,,0,75,,908,11,,,0,35,,898,11,,,0,75,,895,11,,,0,75,,891,11,,,0,34,,901,11,,,0,76,,909,11,,,0,38,,905,11,,,0,78,,896,11,,,0,80,,892,11,,,0,35,,902,11,,,0,75,,910,11,,,0,35,,904,11,,,0,75,,915,11,,,0,97,,914,11,,,0,105,,913,11,,,0,105,,912,11,,,0,105,,911,11,,,0
501,'EventOn',626,,933,11,,,0,79,,930,11,,,0,35,,920,11,,,0,77,,916,11,,,0,35,,926,11,,,0,76,,934,11,,,0,74,,924,11,,,0,35,,921,11,,,0,74,,917,11,,,0,35,,927,11,,,0,75,,935,11,,,0,35,,925,11,,,0,75,,922,11,,,0,75,,918,11,,,0,34,,928,11,,,0,76,,936,11,,,0,38,,932,11,,,0,78,,923,11,,,0,80,,919,11,,,0,35,,929,11,,,0,75,,937,11,,,0,35,,931,11,,,0,75,,942,11,,,0,97,,941,11,,,0,105,,940,11,,,0,105,,939,11,,,0,105,,938,11,,,0
501,'KerOffPriveOff',626,,961,11,,,0,79,,958,11,,,0,35,,948,11,,,0,77,,944,11,,,0,35,,954,11,,,0,76,,962,11,,,0,74,,952,11,,,0,35,,949,11,,,0,74,,945,11,,,0,35,,955,11,,,0,75,,963,11,,,0,35,,953,11,,,0,75,,950,11,,,0,75,,946,11,,,0,34,,956,11,,,0,76,,964,11,,,0,38,,960,11,,,0,78,,951,11,,,0,80,,947,11,,,0,35,,957,11,,,0,75,,965,11,,,0,35,,959,11,,,0,75,,970,11,,,0,97,,969,11,,,0,105,,968,11,,,0,105,,967,11,,,0,105,,966,11,,,0
501,'Samedi',619,,971,11,,,0,105,,977,11,,,0,105,,983,11,,,0,105,,972,11,,,0,105,,978,11,,,0,105,,984,11,,,0,105,,973,11,,,0,106,,979,11,,,0,145,,985,11,,,0,105,,974,11,,,0,105,,980,11,,,0,105,,986,11,,,0,104,,975,11,,,0,105,,981,11,,,0,105,,987,11,,,0,105,,976,11,,,0,105,,982,11,,,0
2501,'CsRoyOff',637,,3731,34,,,0,74,,3733,34,,,0,41,,3732,34,,,0,77,,3734,34,,,0,73,,3752,34,,,0,33,,3735,34,,,0,75,,3736,34,,,0,35,,3737,34,,,0,75,,3738,34,,,0,35,,3739,34,,,0,75,,3740,34,,,0,75,,3741,34,,,0,35,,3742,34,,,0,75,,3743,34,,,0,35,,3744,34,,,0,78,,3745,34,,,0,80,,3746,34,,,0,38,,3747,34,,,0,75,,3748,34,,,0,35,,3749,34,,,0,75,,3750,34,,,0,73,,3751,34,,,0,35,,3753,34,,,0,104,,3754,34,,,0,105,,3755,34,,,0,105,,3756,34,,,0,105,,3757,34,,,0
2501,'CsRoyOffKerOff',637,,3759,34,,,0,74,,3761,34,,,0,41,,3760,34,,,0,77,,3762,34,,,0,73,,3780,34,,,0,33,,3763,34,,,0,75,,3764,34,,,0,35,,3765,34,,,0,75,,3766,34,,,0,35,,3767,34,,,0,75,,3768,34,,,0,75,,3769,34,,,0,35,,3770,34,,,0,75,,3771,34,,,0,35,,3772,34,,,0,78,,3773,34,,,0,80,,3774,34,,,0,38,,3775,34,,,0,75,,3776,34,,,0,35,,3777,34,,,0,75,,3778,34,,,0,73,,3779,34,,,0,35,,3781,34,,,0,104,,3782,34,,,0,105,,3783,34,,,0,105,,3784,34,,,0,105,,3785,34,,,0
2501,'Dimanche',903,,3788,34,,,0,105,,3789,34,,,0,105,,3790,34,,,0,105,,3791,34,,,0,105,,3792,34,,,0,105,,3793,34,,,0,105,,3794,34,,,0,105,,3795,34,,,0,105,,3787,34,,,0,105,,3786,34,,,0
2501,'EventOff',637,,3796,34,,,0,74,,3798,34,,,0,41,,3797,34,,,0,77,,3799,34,,,0,73,,3817,34,,,0,33,,3800,34,,,0,75,,3801,34,,,0,35,,3802,34,,,0,75,,3803,34,,,0,35,,3804,34,,,0,75,,3805,34,,,0,75,,3806,34,,,0,35,,3807,34,,,0,75,,3808,34,,,0,35,,3809,34,,,0,78,,3810,34,,,0,80,,3811,34,,,0,38,,3812,34,,,0,75,,3813,34,,,0,35,,3814,34,,,0,75,,3815,34,,,0,73,,3816,34,,,0,35,,3818,34,,,0,104,,3819,34,,,0,105,,3820,34,,,0,105,,3821,34,,,0,105,,3822,34,,,0
2501,'EventOn',637,,3823,34,,,0,74,,3825,34,,,0,41,,3824,34,,,0,52,,3851,34,0,10,0,25,,3826,34,,,0,73,,3844,34,,,0,33,,3827,34,,,0,75,,3828,34,,,0,35,,3829,34,,,0,75,,3830,34,,,0,35,,3831,34,,,0,75,,3832,34,,,0,75,,3833,34,,,0,35,,3834,34,,,0,75,,3835,34,,,0,35,,3836,34,,,0,78,,3837,34,,,0,80,,3838,34,,,0,38,,3839,34,,,0,75,,3840,34,,,0,35,,3841,34,,,0,75,,3842,34,,,0,73,,3843,34,,,0,35,,3845,34,,,0,104,,3846,34,,,0,105,,3847,34,,,0,105,,3848,34,,,0,105,,3849,34,,,0
2501,'KerOffPriveOff',637,,3853,34,,,0,74,,3855,34,,,0,41,,3854,34,,,0,52,,3881,34,0,10,0,25,,3856,34,,,0,73,,3874,34,,,0,33,,3857,34,,,0,75,,3858,34,,,0,35,,3859,34,,,0,75,,3860,34,,,0,35,,3861,34,,,0,75,,3862,34,,,0,75,,3863,34,,,0,35,,3864,34,,,0,75,,3865,34,,,0,35,,3866,34,,,0,78,,3867,34,,,0,80,,3868,34,,,0,38,,3869,34,,,0,75,,3870,34,,,0,35,,3871,34,,,0,75,,3872,34,,,0,73,,3873,34,,,0,35,,3875,34,,,0,104,,3876,34,,,0,105,,3877,34,,,0,105,,3878,34,,,0,105,,3879,34,,,0
2501,'Samedi',633,,3893,34,,,0,104,,3882,34,,,0,105,,3888,34,,,0,105,,3894,34,,,0,105,,3883,34,,,0,105,,3889,34,,,0,145,,3895,34,,,0,106,,3884,34,,,0,105,,3890,34,,,0,105,,3896,34,,,0,105,,3885,34,,,0,104,,3891,34,,,0,105,,3897,34,,,0,105,,3886,34,,,0,105,,3892,34,,,0,105,,3898,34,,,0,105,,3887,34,,,0
