600,'CsRoyOff',631,,1014,30,,,0,27,,1003,40,,,0,81,,995,40,,,0,75,,988,40,,,0,32,,999,40,,,0,73,,1005,40,,,0,35,,994,40,,,0,76,,996,40,,,0,75,,989,40,,,0,35,,1000,40,,,0,75,,1006,40,,,0,35,,992,40,,,0,75,,997,40,,,0,75,,990,40,,,0,36,,1001,40,,,0,76,,1007,40,,,0,40,,1004,40,,,0,76,,998,40,,,0,79,,991,40,,,0,34,,1002,40,,,0,75,,1008,40,,,0,34,,993,40,,,0,106,,1010,40,,,0,102,,1013,40,,,0,145,,1012,40,,,0,107,,1011,40,,,0,103,,1009,40,,,0
600,'CsRoyOffKerOff',631,,1042,30,,,0,27,,1031,40,,,0,81,,1023,40,,,0,75,,1016,40,,,0,32,,1027,40,,,0,73,,1033,40,,,0,35,,1022,40,,,0,76,,1024,40,,,0,75,,1017,40,,,0,35,,1028,40,,,0,75,,1034,40,,,0,35,,1020,40,,,0,75,,1025,40,,,0,75,,1018,40,,,0,36,,1029,40,,,0,76,,1035,40,,,0,40,,1032,40,,,0,76,,1026,40,,,0,79,,1019,40,,,0,34,,1030,40,,,0,75,,1036,40,,,0,34,,1021,40,,,0,106,,1038,40,,,0,102,,1041,40,,,0,145,,1040,40,,,0,107,,1039,40,,,0,103,,1037,40,,,0
600,'Dimanche',917,,1044,40,,,0,105,,1047,40,,,0,106,,1046,40,,,0,106,,1048,40,,,0,105,,1049,40,,,0,105,,1050,40,,,0,105,,1051,40,,,0,105,,1052,40,,,0,105,,1043,40,,,0,143,,1045,40,,,0
600,'EventOff',631,,1079,30,,,0,27,,1068,40,,,0,81,,1060,40,,,0,75,,1053,40,,,0,32,,1064,40,,,0,73,,1070,40,,,0,35,,1059,40,,,0,76,,1061,40,,,0,75,,1054,40,,,0,35,,1065,40,,,0,75,,1071,40,,,0,35,,1057,40,,,0,75,,1062,40,,,0,75,,1055,40,,,0,36,,1066,40,,,0,76,,1072,40,,,0,40,,1069,40,,,0,76,,1063,40,,,0,79,,1056,40,,,0,34,,1067,40,,,0,75,,1073,40,,,0,34,,1058,40,,,0,106,,1075,40,,,0,102,,1078,40,,,0,145,,1077,40,,,0,107,,1076,40,,,0,103,,1074,40,,,0
600,'EventOn',631,,1106,30,,,0,27,,1095,40,,,0,81,,1087,40,,,0,75,,1108,30,,,0,32,,1091,40,,,0,73,,1097,40,,,0,35,,1086,40,,,0,76,,1088,40,,,0,75,,1081,40,,,0,35,,1092,40,,,0,75,,1098,40,,,0,35,,1084,40,,,0,75,,1089,40,,,0,75,,1082,40,,,0,36,,1093,40,,,0,76,,1099,40,,,0,40,,1096,40,,,0,76,,1090,40,,,0,79,,1083,40,,,0,34,,1094,40,,,0,75,,1100,40,,,0,34,,1085,40,,,0,106,,1102,40,,,0,102,,1105,40,,,0,145,,1104,40,,,0,107,,1103,40,,,0,103,,1101,40,,,0
600,'KerOffPriveOff',631,,1135,30,,,0,27,,1124,40,,,0,81,,1116,40,,,0,75,,1136,30,,,0,32,,1120,40,,,0,73,,1126,40,,,0,35,,1115,40,,,0,76,,1117,40,,,0,75,,1110,40,,,0,35,,1121,40,,,0,75,,1127,40,,,0,35,,1113,40,,,0,75,,1118,40,,,0,75,,1111,40,,,0,36,,1122,40,,,0,76,,1128,40,,,0,40,,1125,40,,,0,76,,1119,40,,,0,79,,1112,40,,,0,34,,1123,40,,,0,75,,1129,40,,,0,34,,1114,40,,,0,106,,1131,40,,,0,102,,1134,40,,,0,145,,1133,40,,,0,107,,1132,40,,,0,103,,1130,40,,,0
600,'Samedi',650,,1137,40,,,0,103,,1146,40,,,0,105,,1138,40,,,0,147,,1147,40,,,0,105,,1139,40,,,0,105,,1148,40,,,0,105,,1140,40,,,0,104,,1149,40,,,0,105,,1141,40,,,0,105,,1150,40,,,0,106,,1142,40,,,0,104,,1151,40,,,0,104,,1143,40,,,0,105,,1152,40,,,0,105,,1144,40,,,0,145,,1153,40,,,0,105,,1145,40,,,0
901,'CsRoyOff',631,,1744,43,,,0,25,,1758,43,,,0,78,,1745,43,,,0,79,,1757,43,,,0,34,,1746,43,,,0,75,,1759,43,,,0,35,,1747,43,,,0,150,,1748,43,,,0,111,,1749,43,,,0,109,,1750,43,,,0,113,,1751,43,,,0,76,,1756,43,,,0,36,,1752,43,,,0,79,,1755,43,,,0,77,,1753,43,,,0,37,,1760,43,,,0,74,,1754,43,,,0,110,,1761,43,,,0
901,'CsRoyOffKerOff',631,,1764,43,,,0,25,,1778,43,,,0,78,,1765,43,,,0,79,,1777,43,,,0,34,,1766,43,,,0,75,,1779,43,,,0,35,,1767,43,,,0,150,,1768,43,,,0,111,,1769,43,,,0,109,,1770,43,,,0,113,,1771,43,,,0,76,,1776,43,,,0,36,,1772,43,,,0,79,,1775,43,,,0,77,,1773,43,,,0,37,,1780,43,,,0,74,,1774,43,,,0,110,,1781,43,,,0
901,'EventOff',631,,1783,43,,,0,25,,1797,43,,,0,78,,1784,43,,,0,79,,1796,43,,,0,34,,1785,43,,,0,75,,1798,43,,,0,35,,1786,43,,,0,150,,1787,43,,,0,111,,1788,43,,,0,109,,1789,43,,,0,113,,1790,43,,,0,76,,1795,43,,,0,36,,1791,43,,,0,79,,1794,43,,,0,77,,1792,43,,,0,37,,1799,43,,,0,74,,1793,43,,,0,110,,1800,43,,,0
901,'EventOn',631,,1801,43,,,0,25,,1815,43,,,0,78,,1802,43,,,0,79,,1814,43,,,0,34,,1803,43,,,0,75,,1816,43,,,0,35,,1804,43,,,0,150,,1805,43,,,0,111,,1806,43,,,0,109,,1807,43,,,0,113,,1808,43,,,0,76,,1813,43,,,0,36,,1809,43,,,0,79,,1812,43,,,0,77,,1810,43,,,0,37,,1817,43,,,0,74,,1811,43,,,0,110,,1818,43,,,0
901,'KerOffPriveOff',631,,1821,43,,,0,25,,1835,43,,,0,78,,1822,43,,,0,79,,1834,43,,,0,34,,1823,43,,,0,75,,1836,43,,,0,35,,1824,43,,,0,150,,1825,43,,,0,111,,1826,43,,,0,109,,1827,43,,,0,113,,1828,43,,,0,76,,1833,43,,,0,36,,1829,43,,,0,79,,1832,43,,,0,77,,1830,43,,,0,37,,1837,43,,,0,74,,1831,43,,,0,110,,1838,43,,,0
160900101,'EventOn',749,,4948,21,,,0
160900101,'KerOffPriveOff',749,,4949,21,,,0
