400,'CsRoyOff',616,,341,4,,,0,35,,325,4,,,0,81,,337,4,,,0,75,,333,4,,,0,36,,345,4,,,0,74,,330,4,,,0,35,,342,4,,,0,75,,326,4,,,0,75,,338,4,,,0,35,,334,4,,,0,75,,346,4,,,0,35,,331,4,,,0,75,,339,4,,,0,35,,335,4,,,0,75,,343,4,,,0,80,,327,4,,,0,38,,329,4,,,0,77,,332,4,,,0,75,,340,4,,,0,35,,336,4,,,0,75,,344,4,,,0,35,,328,4,,,0,105,,351,4,,,0,105,,350,4,,,0,145,,349,4,,,0,105,,348,4,,,0,105,,347,4,,,0
400,'CsRoyOffKerOff',616,,369,4,,,0,35,,353,4,,,0,81,,365,4,,,0,75,,361,4,,,0,36,,373,4,,,0,74,,358,4,,,0,35,,370,4,,,0,75,,354,4,,,0,75,,366,4,,,0,35,,362,4,,,0,75,,374,4,,,0,35,,359,4,,,0,75,,367,4,,,0,35,,363,4,,,0,75,,371,4,,,0,80,,355,4,,,0,38,,357,4,,,0,77,,360,4,,,0,75,,368,4,,,0,35,,364,4,,,0,75,,372,4,,,0,35,,356,4,,,0,105,,379,4,,,0,105,,378,4,,,0,145,,377,4,,,0,105,,376,4,,,0,105,,375,4,,,0
400,'Dimanche',917,,384,4,,,0,105,,385,4,,,0,105,,386,4,,,0,105,,387,4,,,0,105,,388,4,,,0,105,,389,4,,,0,105,,390,4,,,0,105,,381,4,,,0,105,,383,4,,,0,145,,382,4,,,0
400,'EventOff',616,,407,4,,,0,35,,391,4,,,0,81,,403,4,,,0,75,,399,4,,,0,36,,411,4,,,0,74,,396,4,,,0,35,,408,4,,,0,75,,392,4,,,0,75,,404,4,,,0,35,,400,4,,,0,75,,412,4,,,0,35,,397,4,,,0,75,,405,4,,,0,35,,401,4,,,0,75,,409,4,,,0,80,,393,4,,,0,38,,395,4,,,0,77,,398,4,,,0,75,,406,4,,,0,35,,402,4,,,0,75,,410,4,,,0,35,,394,4,,,0,105,,417,4,,,0,105,,416,4,,,0,145,,415,4,,,0,105,,414,4,,,0,105,,413,4,,,0
400,'EventOn',616,,434,4,,,0,35,,418,4,,,0,81,,430,4,,,0,75,,426,4,,,0,36,,438,4,,,0,74,,423,4,,,0,35,,435,4,,,0,75,,419,4,,,0,75,,431,4,,,0,35,,427,4,,,0,75,,439,4,,,0,35,,424,4,,,0,75,,432,4,,,0,35,,428,4,,,0,75,,436,4,,,0,80,,420,4,,,0,38,,422,4,,,0,77,,425,4,,,0,75,,433,4,,,0,35,,429,4,,,0,75,,437,4,,,0,35,,421,4,,,0,105,,444,4,,,0,105,,443,4,,,0,145,,442,4,,,0,105,,441,4,,,0,105,,440,4,,,0
400,'KerOffPriveOff',616,,463,4,,,0,35,,447,4,,,0,81,,459,4,,,0,75,,455,4,,,0,36,,467,4,,,0,74,,452,4,,,0,35,,464,4,,,0,75,,448,4,,,0,75,,460,4,,,0,35,,456,4,,,0,75,,468,4,,,0,35,,453,4,,,0,75,,461,4,,,0,35,,457,4,,,0,75,,465,4,,,0,80,,449,4,,,0,38,,451,4,,,0,77,,454,4,,,0,75,,462,4,,,0,35,,458,4,,,0,75,,466,4,,,0,35,,450,4,,,0,105,,473,4,,,0,105,,472,4,,,0,145,,471,4,,,0,105,,470,4,,,0,105,,469,4,,,0
400,'Samedi',647,,476,4,,,0,105,,477,4,,,0,105,,478,4,,,0,145,,479,4,,,0,105,,480,4,,,0,105,,481,4,,,0,105,,482,4,,,0,105,,483,4,,,0,105,,484,4,,,0,105,,485,4,,,0,105,,486,4,,,0,105,,487,4,,,0,105,,488,4,,,0,105,,489,4,,,0,105,,490,4,,,0,145,,491,4,,,0,105,,492,4,,,0
2500,'CsRoyOff',618,,3548,4,,,0,35,,3546,4,,,0,80,,3549,4,,,0,75,,3547,4,,,0,36,,3550,4,,,0,74,,3551,4,,,0,35,,3552,4,,,0,75,,3553,4,,,0,75,,3554,4,,,0,35,,3555,4,,,0,75,,3556,4,,,0,35,,3557,4,,,0,75,,3558,4,,,0,35,,3559,4,,,0,75,,3560,4,,,0,80,,3561,4,,,0,38,,3562,4,,,0,77,,3563,4,,,0,75,,3564,4,,,0,35,,3565,4,,,0,75,,3566,4,,,0,35,,3567,4,,,0,105,,3568,4,,,0,105,,3569,4,,,0,145,,3570,4,,,0,105,,3571,4,,,0,105,,3572,4,,,0
2500,'CsRoyOffKerOff',618,,3579,4,,,0,35,,3577,4,,,0,80,,3580,4,,,0,75,,3578,4,,,0,36,,3581,4,,,0,74,,3582,4,,,0,35,,3583,4,,,0,75,,3584,4,,,0,75,,3585,4,,,0,35,,3586,4,,,0,75,,3587,4,,,0,35,,3588,4,,,0,75,,3589,4,,,0,35,,3590,4,,,0,75,,3591,4,,,0,80,,3592,4,,,0,38,,3593,4,,,0,77,,3594,4,,,0,75,,3595,4,,,0,35,,3596,4,,,0,75,,3597,4,,,0,35,,3598,4,,,0,105,,3599,4,,,0,105,,3600,4,,,0,145,,3601,4,,,0,105,,3602,4,,,0,105,,3603,4,,,0
2500,'Dimanche',918,,3610,4,,,0,105,,3611,4,,,0,105,,3612,4,,,0,105,,3613,4,,,0,105,,3614,4,,,0,105,,3615,4,,,0,105,,3616,4,,,0,105,,3608,4,,,0,105,,3609,4,,,0,145,,3607,4,,,0
2500,'EventOff',618,,3620,4,,,0,35,,3618,4,,,0,80,,3621,4,,,0,75,,3619,4,,,0,36,,3622,4,,,0,74,,3623,4,,,0,35,,3624,4,,,0,75,,3625,4,,,0,75,,3626,4,,,0,35,,3627,4,,,0,75,,3628,4,,,0,35,,3629,4,,,0,75,,3630,4,,,0,35,,3631,4,,,0,75,,3632,4,,,0,80,,3633,4,,,0,38,,3634,4,,,0,77,,3635,4,,,0,75,,3636,4,,,0,35,,3637,4,,,0,75,,3638,4,,,0,35,,3639,4,,,0,105,,3640,4,,,0,105,,3641,4,,,0,145,,3642,4,,,0,105,,3643,4,,,0,105,,3644,4,,,0
2500,'EventOn',618,,3648,4,,,0,35,,3646,4,,,0,80,,3649,4,,,0,75,,3647,4,,,0,36,,3650,4,,,0,74,,3651,4,,,0,35,,3652,4,,,0,75,,3653,4,,,0,75,,3654,4,,,0,35,,3655,4,,,0,75,,3656,4,,,0,35,,3657,4,,,0,75,,3658,4,,,0,35,,3659,4,,,0,75,,3660,4,,,0,80,,3661,4,,,0,38,,3662,4,,,0,77,,3663,4,,,0,75,,3664,4,,,0,35,,3665,4,,,0,75,,3666,4,,,0,35,,3667,4,,,0,105,,3668,4,,,0,105,,3669,4,,,0,145,,3670,4,,,0,105,,3671,4,,,0,105,,3672,4,,,0
2500,'KerOffPriveOff',618,,3683,4,,,0,35,,3681,4,,,0,80,,3684,4,,,0,75,,3682,4,,,0,36,,3685,4,,,0,74,,3686,4,,,0,35,,3687,4,,,0,75,,3688,4,,,0,75,,3689,4,,,0,35,,3690,4,,,0,75,,3691,4,,,0,35,,3692,4,,,0,75,,3693,4,,,0,35,,3694,4,,,0,75,,3695,4,,,0,80,,3696,4,,,0,38,,3697,4,,,0,77,,3698,4,,,0,75,,3699,4,,,0,35,,3700,4,,,0,75,,3701,4,,,0,35,,3702,4,,,0,105,,3703,4,,,0,105,,3704,4,,,0,145,,3705,4,,,0,105,,3706,4,,,0,105,,3707,4,,,0
2500,'Samedi',648,,3713,4,,,0,105,,3719,4,,,0,105,,3726,4,,,0,145,,3714,4,,,0,105,,3720,4,,,0,105,,3727,4,,,0,105,,3715,4,,,0,105,,3721,4,,,0,105,,3728,4,,,0,105,,3716,4,,,0,105,,3722,4,,,0,105,,3729,4,,,0,105,,3717,4,,,0,105,,3723,4,,,0,105,,3730,4,,,0,145,,3718,4,,,0,105,,3724,4,,,0
