901,'CsRoyOff',613,,1744,8,,,0,24,,1758,8,,,0,68,,1762,9,0,5,0,5,,1763,9,0,6,0,3,,1745,8,,,0,40,,1757,8,,,0,74,,1746,8,,,0,76,,1759,8,,,0,35,,1747,8,,,0,110,,1748,8,,,0,111,,1749,8,,,0,149,,1750,8,,,0,111,,1751,8,,,0,35,,1756,8,,,0,76,,1752,8,,,0,79,,1755,8,,,0,37,,1753,8,,,0,77,,1760,8,,,0,36,,1754,8,,,0,150,,1761,8,,,0
901,'CsRoyOffKerOff',613,,1764,8,,,0,24,,1778,8,,,0,68,,1782,9,0,5,0,8,,1765,8,,,0,40,,1777,8,,,0,74,,1766,8,,,0,76,,1779,8,,,0,35,,1767,8,,,0,110,,1768,8,,,0,111,,1769,8,,,0,149,,1770,8,,,0,111,,1771,8,,,0,35,,1776,8,,,0,76,,1772,8,,,0,79,,1775,8,,,0,37,,1773,8,,,0,77,,1780,8,,,0,36,,1774,8,,,0,150,,1781,8,,,0
901,'EventOff',613,,1783,8,,,0,24,,1797,8,,,0,76,,1784,8,,,0,40,,1796,8,,,0,74,,1785,8,,,0,76,,1798,8,,,0,35,,1786,8,,,0,110,,1787,8,,,0,111,,1788,8,,,0,149,,1789,8,,,0,111,,1790,8,,,0,35,,1795,8,,,0,76,,1791,8,,,0,79,,1794,8,,,0,37,,1792,8,,,0,77,,1799,8,,,0,36,,1793,8,,,0,150,,1800,8,,,0
901,'EventOn',613,,1801,8,,,0,24,,1815,8,,,0,68,,1819,9,0,5,0,5,,1820,9,0,6,0,3,,1802,8,,,0,40,,1814,8,,,0,74,,1803,8,,,0,76,,1816,8,,,0,35,,1804,8,,,0,110,,1805,8,,,0,111,,1806,8,,,0,149,,1807,8,,,0,111,,1808,8,,,0,35,,1813,8,,,0,76,,1809,8,,,0,79,,1812,8,,,0,37,,1810,8,,,0,77,,1817,8,,,0,36,,1811,8,,,0,150,,1818,8,,,0
901,'KerOffPriveOff',613,,1821,8,,,0,24,,1835,8,,,0,76,,1822,8,,,0,40,,1834,8,,,0,74,,1823,8,,,0,76,,1836,8,,,0,35,,1824,8,,,0,110,,1825,8,,,0,111,,1826,8,,,0,149,,1827,8,,,0,111,,1828,8,,,0,35,,1833,8,,,0,76,,1829,8,,,0,79,,1832,8,,,0,37,,1830,8,,,0,77,,1837,8,,,0,36,,1831,8,,,0,150,,1838,8,,,0
8901,'CsRoyOff',2014,,4880,8,,,0,105,,4879,8,,,0,105,,4878,8,,,0,105,,4877,8,,,0
8901,'CsRoyOffKerOff',2014,,4884,8,,,0,105,,4883,8,,,0,105,,4882,8,,,0,105,,4881,8,,,0
8901,'Dimanche',831,,4886,8,,,0,105,,4888,8,,,0,106,,4890,8,,,0,105,,4891,8,,,0,105,,4892,8,,,0,105,,4893,8,,,0,145,,4894,8,,,0,105,,4895,8,,,0,105,,4885,8,,,0,104,,4889,8,,,0,101,,4887,8,,,0
8901,'EventOff',2014,,4899,8,,,0,105,,4898,8,,,0,105,,4897,8,,,0,105,,4896,8,,,0
8901,'EventOn',2014,,4903,8,,,0,105,,4902,8,,,0,105,,4901,8,,,0,105,,4900,8,,,0
8901,'KerOffPriveOff',2014,,4907,8,,,0,105,,4906,8,,,0,105,,4905,8,,,0,105,,4904,8,,,0
8901,'Samedi',707,,4916,8,,,0,105,,4908,8,,,0,106,,4917,8,,,0,105,,4909,8,,,0,105,,4918,8,,,0,105,,4910,8,,,0,104,,4919,8,,,0,105,,4911,8,,,0,105,,4920,8,,,0,106,,4912,8,,,0,104,,4921,8,,,0,145,,4913,8,,,0,105,,4922,8,,,0,105,,4914,8,,,0,105,,4923,8,,,0,105,,4915,8,,,0
