601,'CsRoyOff',619,,1181,27,,,0,35,,1159,33,,,0,76,,1182,33,,,0,6,,1154,33,,,0,74,,1165,33,,,0,36,,1171,33,,,0,74,,1158,33,,,0,35,,1160,33,,,0,75,,1155,33,,,0,75,,1166,33,,,0,35,,1172,33,,,0,75,,1164,33,,,0,35,,1161,33,,,0,75,,1156,33,,,0,75,,1167,33,,,0,35,,1173,33,,,0,81,,1170,33,,,0,30,,1183,18,,,0,7,,1162,33,,,0,77,,1157,33,,,0,75,,1168,33,,,0,34,,1174,33,,,0,75,,1169,33,,,0,35,,1163,33,,,0,79,,1179,33,,,0,100,,1178,33,,,0,105,,1177,33,,,0,105,,1176,33,,,0,105,,1175,33,,,0,100,,1180,33,,,0
601,'CsRoyOffKerOff',619,,1211,27,,,0,35,,1189,33,,,0,76,,1212,33,,,0,6,,1184,33,,,0,74,,1195,33,,,0,36,,1201,33,,,0,74,,1188,33,,,0,35,,1190,33,,,0,75,,1185,33,,,0,75,,1196,33,,,0,35,,1202,33,,,0,75,,1194,33,,,0,35,,1191,33,,,0,75,,1186,33,,,0,75,,1197,33,,,0,35,,1203,33,,,0,81,,1200,33,,,0,37,,1192,33,,,0,77,,1187,33,,,0,75,,1198,33,,,0,34,,1204,33,,,0,75,,1199,33,,,0,35,,1193,33,,,0,79,,1209,33,,,0,100,,1208,33,,,0,105,,1207,33,,,0,105,,1206,33,,,0,105,,1205,33,,,0,100,,1210,33,,,0
601,'Dimanche',846,,1215,33,,,0,105,,1214,33,,,0,106,,1219,33,,,0,145,,1218,33,,,0,105,,1220,33,,,0,105,,1221,33,,,0,105,,1222,33,,,0,105,,1223,33,,,0,105,,1217,33,,,0,104,,1216,33,,,0,102,,1213,33,,,0
601,'EventOff',619,,1251,27,,,0,35,,1229,33,,,0,82,,1224,33,,,0,74,,1235,33,,,0,36,,1241,33,,,0,74,,1228,33,,,0,35,,1230,33,,,0,75,,1225,33,,,0,75,,1236,33,,,0,35,,1242,33,,,0,75,,1234,33,,,0,35,,1231,33,,,0,75,,1226,33,,,0,75,,1237,33,,,0,35,,1243,33,,,0,81,,1240,33,,,0,37,,1232,33,,,0,77,,1227,33,,,0,75,,1238,33,,,0,34,,1244,33,,,0,75,,1239,33,,,0,35,,1233,33,,,0,79,,1249,33,,,0,100,,1248,33,,,0,105,,1247,33,,,0,105,,1246,33,,,0,105,,1245,33,,,0,100,,1250,33,,,0
601,'EventOn',619,,1279,27,,,0,35,,1257,33,,,0,76,,1280,33,,,0,6,,1252,33,,,0,74,,1263,33,,,0,36,,1269,33,,,0,74,,1256,33,,,0,35,,1258,33,,,0,75,,1253,33,,,0,75,,1264,33,,,0,35,,1270,33,,,0,75,,1262,33,,,0,35,,1259,33,,,0,75,,1254,33,,,0,75,,1265,33,,,0,35,,1271,33,,,0,81,,1268,33,,,0,30,,1281,18,,,0,7,,1260,33,,,0,58,,1282,33,,,0,19,,1255,33,,,0,75,,1266,33,,,0,34,,1272,33,,,0,75,,1267,33,,,0,35,,1261,33,,,0,79,,1277,33,,,0,100,,1276,33,,,0,105,,1275,33,,,0,105,,1274,33,,,0,105,,1273,33,,,0,100,,1278,33,,,0
601,'KerOffPriveOff',619,,1310,27,,,0,35,,1288,33,,,0,82,,1283,33,,,0,74,,1294,33,,,0,36,,1300,33,,,0,74,,1287,33,,,0,35,,1289,33,,,0,75,,1284,33,,,0,75,,1295,33,,,0,35,,1301,33,,,0,75,,1293,33,,,0,35,,1290,33,,,0,75,,1285,33,,,0,75,,1296,33,,,0,35,,1302,33,,,0,81,,1299,33,,,0,37,,1291,33,,,0,58,,1311,33,,,0,19,,1286,33,,,0,75,,1297,33,,,0,34,,1303,33,,,0,75,,1298,33,,,0,35,,1292,33,,,0,79,,1308,33,,,0,100,,1307,33,,,0,105,,1306,33,,,0,105,,1305,33,,,0,105,,1304,33,,,0,100,,1309,33,,,0
601,'Samedi',617,,1328,27,,,0,105,,1312,33,,,0,105,,1320,33,,,0,106,,1313,33,,,0,105,,1321,33,,,0,105,,1314,33,,,0,105,,1322,33,,,0,104,,1315,33,,,0,104,,1323,33,,,0,145,,1316,33,,,0,106,,1324,33,,,0,105,,1317,33,,,0,105,,1325,33,,,0,105,,1318,33,,,0,105,,1326,33,,,0,105,,1319,33,,,0,105,,1327,33,,,0,97,,1329,33,,,0
901,'CsRoyOff',626,,1744,37,,,0,25,,1758,37,,,0,77,,1745,37,,,0,79,,1757,37,,,0,34,,1746,37,,,0,76,,1759,37,,,0,35,,1747,37,,,0,150,,1748,37,,,0,111,,1749,37,,,0,109,,1750,37,,,0,111,,1751,37,,,0,76,,1756,37,,,0,36,,1752,37,,,0,79,,1755,37,,,0,77,,1753,37,,,0,37,,1760,37,,,0,75,,1754,37,,,0,110,,1761,37,,,0
901,'CsRoyOffKerOff',626,,1764,37,,,0,25,,1778,37,,,0,77,,1765,37,,,0,79,,1777,37,,,0,34,,1766,37,,,0,76,,1779,37,,,0,35,,1767,37,,,0,150,,1768,37,,,0,111,,1769,37,,,0,109,,1770,37,,,0,111,,1771,37,,,0,76,,1776,37,,,0,36,,1772,37,,,0,79,,1775,37,,,0,77,,1773,37,,,0,37,,1780,37,,,0,75,,1774,37,,,0,110,,1781,37,,,0
901,'EventOff',626,,1783,37,,,0,25,,1797,37,,,0,77,,1784,37,,,0,79,,1796,37,,,0,34,,1785,37,,,0,76,,1798,37,,,0,35,,1786,37,,,0,150,,1787,37,,,0,111,,1788,37,,,0,109,,1789,37,,,0,111,,1790,37,,,0,76,,1795,37,,,0,36,,1791,37,,,0,79,,1794,37,,,0,77,,1792,37,,,0,37,,1799,37,,,0,75,,1793,37,,,0,110,,1800,37,,,0
901,'EventOn',626,,1801,37,,,0,25,,1815,37,,,0,77,,1802,37,,,0,79,,1814,37,,,0,34,,1803,37,,,0,76,,1816,37,,,0,35,,1804,37,,,0,150,,1805,37,,,0,111,,1806,37,,,0,109,,1807,37,,,0,111,,1808,37,,,0,76,,1813,37,,,0,36,,1809,37,,,0,79,,1812,37,,,0,77,,1810,37,,,0,37,,1817,37,,,0,75,,1811,37,,,0,110,,1818,37,,,0
901,'KerOffPriveOff',626,,1821,37,,,0,25,,1835,37,,,0,77,,1822,37,,,0,79,,1834,37,,,0,34,,1823,37,,,0,76,,1836,37,,,0,35,,1824,37,,,0,150,,1825,37,,,0,111,,1826,37,,,0,109,,1827,37,,,0,111,,1828,37,,,0,76,,1833,37,,,0,36,,1829,37,,,0,79,,1832,37,,,0,77,,1830,37,,,0,37,,1837,37,,,0,75,,1831,37,,,0,110,,1838,37,,,0
8901,'CsRoyOff',2027,,4880,37,,,0,105,,4879,37,,,0,105,,4878,37,,,0,105,,4877,37,,,0
8901,'CsRoyOffKerOff',2027,,4884,37,,,0,105,,4883,37,,,0,105,,4882,37,,,0,105,,4881,37,,,0
8901,'Dimanche',846,,4886,37,,,0,105,,4888,37,,,0,106,,4890,37,,,0,145,,4891,37,,,0,105,,4892,37,,,0,105,,4893,37,,,0,105,,4894,37,,,0,105,,4895,37,,,0,105,,4885,37,,,0,104,,4889,37,,,0,101,,4887,37,,,0
8901,'EventOff',2027,,4899,37,,,0,105,,4898,37,,,0,105,,4897,37,,,0,105,,4896,37,,,0
8901,'EventOn',2027,,4903,37,,,0,105,,4902,37,,,0,105,,4901,37,,,0,105,,4900,37,,,0
8901,'KerOffPriveOff',2027,,4907,37,,,0,105,,4906,37,,,0,105,,4905,37,,,0,105,,4904,37,,,0
8901,'Samedi',722,,4916,37,,,0,105,,4908,37,,,0,106,,4917,37,,,0,105,,4909,37,,,0,105,,4918,37,,,0,105,,4910,37,,,0,104,,4919,37,,,0,105,,4911,37,,,0,145,,4920,37,,,0,106,,4912,37,,,0,104,,4921,37,,,0,105,,4913,37,,,0,105,,4922,37,,,0,105,,4914,37,,,0,105,,4923,37,,,0,105,,4915,37,,,0
111800400,'CsRoyOff',738,,4932,2,,,0
111800400,'EventOn',738,,4933,2,,,0
160900100,'EventOn',1552,,4946,17,,,0
160900100,'KerOffPriveOff',1552,,4947,17,,,0
