6000,'CsRoyOff',628,,4484,14,,,0,82,,4474,14,,,0,31,,4485,14,,,0,80,,4475,14,,,0,35,,4486,14,,,0,74,,4476,14,,,0,76,,4487,14,,,0,34,,4477,14,,,0,75,,4488,14,,,0,33,,4478,14,,,0,76,,4489,14,,,0,35,,4479,14,,,0,68,,4490,14,,,0,77,,4501,14,,,0,25,,4480,14,,,0,80,,4491,14,,,0,38,,4481,14,,,0,78,,4492,14,,,0,34,,4482,14,,,0,76,,4493,14,,,0,75,,4483,14,,,0,35,,4494,14,,,0,78,,4495,14,,,0,105,,4500,14,,,0,105,,4499,14,,,0,105,,4498,14,,,0,105,,4496,14,,,0,101,,4497,14,0,14 15,0
6000,'CsRoyOffKerOff',628,,4513,14,,,0,82,,4503,14,,,0,31,,4514,14,,,0,80,,4504,14,,,0,35,,4515,14,,,0,74,,4505,14,,,0,76,,4516,14,,,0,34,,4506,14,,,0,75,,4517,14,,,0,33,,4507,14,,,0,76,,4518,14,,,0,35,,4508,14,,,0,68,,4519,14,,,0,77,,4530,14,,,0,25,,4509,14,,,0,80,,4520,14,,,0,38,,4510,14,,,0,78,,4521,14,,,0,34,,4511,14,,,0,76,,4522,14,,,0,75,,4512,14,,,0,35,,4523,14,,,0,78,,4524,14,,,0,105,,4529,14,,,0,105,,4528,14,,,0,105,,4527,14,,,0,105,,4525,14,,,0,101,,4526,14,0,14 15,0
6000,'Dimanche',850,,4531,14,,,0,105,,4532,14,,,0,104,,4534,14,,,0,147,,4536,14,,,0,104,,4537,14,,,0,104,,4538,14,,,0,105,,4539,14,,,0,104,,4540,14,,,0,106,,4535,14,,,0,105,,4533,14,,,0
6000,'EventOff',628,,4552,14,,,0,82,,4542,14,,,0,31,,4553,14,,,0,80,,4543,14,,,0,35,,4554,14,,,0,74,,4544,14,,,0,76,,4555,14,,,0,34,,4545,14,,,0,75,,4556,14,,,0,33,,4546,14,,,0,76,,4557,14,,,0,35,,4547,14,,,0,68,,4558,14,,,0,77,,4569,14,,,0,25,,4548,14,,,0,80,,4559,14,,,0,38,,4549,14,,,0,78,,4560,14,,,0,34,,4550,14,,,0,76,,4561,14,,,0,75,,4551,14,,,0,35,,4562,14,,,0,78,,4563,14,,,0,105,,4568,14,,,0,105,,4567,14,,,0,105,,4566,14,,,0,105,,4564,14,,,0,101,,4565,14,0,14 15,0
6000,'EventOn',628,,4581,14,,,0,82,,4571,14,,,0,31,,4582,14,,,0,80,,4572,14,,,0,35,,4583,14,,,0,74,,4573,14,,,0,76,,4584,14,,,0,34,,4574,14,,,0,75,,4585,14,,,0,33,,4575,14,,,0,76,,4586,14,,,0,35,,4576,14,,,0,68,,4587,14,,,0,77,,4598,14,,,0,25,,4577,14,,,0,80,,4588,14,,,0,38,,4578,14,,,0,78,,4589,14,,,0,34,,4579,14,,,0,76,,4590,14,,,0,75,,4580,14,,,0,35,,4591,14,,,0,78,,4592,14,,,0,105,,4597,14,,,0,105,,4596,14,,,0,105,,4595,14,,,0,105,,4593,14,,,0,101,,4594,14,0,14 15,0
6000,'KerOffPriveOff',628,,4613,14,,,0,82,,4603,14,,,0,31,,4614,14,,,0,80,,4604,14,,,0,35,,4615,14,,,0,74,,4605,14,,,0,76,,4616,14,,,0,34,,4606,14,,,0,75,,4617,14,,,0,33,,4607,14,,,0,76,,4618,14,,,0,35,,4608,14,,,0,68,,4619,14,,,0,77,,4630,14,,,0,25,,4609,14,,,0,80,,4620,14,,,0,38,,4610,14,,,0,78,,4621,14,,,0,34,,4611,14,,,0,76,,4622,14,,,0,75,,4612,14,,,0,35,,4623,14,,,0,78,,4624,14,,,0,105,,4629,14,,,0,105,,4628,14,,,0,105,,4627,14,,,0,105,,4625,14,,,0,101,,4626,14,0,14 15,0
6000,'Samedi',620,,4639,14,,,0,104,,4645,14,,,0,105,,4634,14,,,0,105,,4640,14,,,0,106,,4646,14,,,0,105,,4635,14,,,0,105,,4641,14,,,0,106,,4647,14,,,0,144,,4636,14,,,0,105,,4642,14,,,0,104,,4648,14,,,0,105,,4637,14,,,0,105,,4643,14,,,0,105,,4649,14,,,0,105,,4638,14,,,0,105,,4644,14,,,0,105,,4650,14,,,0,100,,4651,14,0,14 15,0
111800500,'CsRoyOff',1550,,4937,12,,,0
111800500,'CsRoyOffKerOff',1550,,4938,12,,,0
111800500,'EventOn',1550,,4940,12,,,0
