1201,'CsRoyOff',634,,2619,35,,,0,113,,2620,35,,,0,108,,2621,35,,,0,150,,2622,35,,,0,110,,2623,35,,,0,110,,2624,35,,,0,109,,2625,35,,,0,107,,2626,35,,,0,115,,2627,35,,,0,158,,2628,35,,,0,112,,2629,35,,,0,103,,2630,35,,,0,105,,2633,35,,,0,105,,2632,35,,,0,105,,2631,35,,,0,105,,2634,35,,,0
1201,'CsRoyOffKerOff',634,,2635,35,,,0,113,,2636,35,,,0,108,,2637,35,,,0,150,,2638,35,,,0,110,,2639,35,,,0,110,,2640,35,,,0,109,,2641,35,,,0,107,,2642,35,,,0,115,,2643,35,,,0,158,,2644,35,,,0,112,,2645,35,,,0,103,,2646,35,,,0,105,,2649,35,,,0,105,,2648,35,,,0,105,,2647,35,,,0,105,,2650,35,,,0
1201,'Dimanche',855,,2652,35,,,0,145,,2653,35,,,0,104,,2655,35,,,0,106,,2656,35,,,0,104,,2657,35,,,0,105,,2658,35,,,0,105,,2659,35,,,0,104,,2660,35,,,0,106,,2651,35,,,0,105,,2654,35,,,0
1201,'EventOff',634,,2661,35,,,0,113,,2662,35,,,0,108,,2663,35,,,0,150,,2664,35,,,0,110,,2665,35,,,0,110,,2666,35,,,0,109,,2667,35,,,0,107,,2668,35,,,0,115,,2669,35,,,0,158,,2670,35,,,0,112,,2671,35,,,0,103,,2672,35,,,0,105,,2675,35,,,0,105,,2674,35,,,0,105,,2673,35,,,0,105,,2676,35,,,0
1201,'EventOn',634,,2677,35,,,0,113,,2678,35,,,0,108,,2679,35,,,0,150,,2680,35,,,0,110,,2681,35,,,0,110,,2682,35,,,0,109,,2683,35,,,0,107,,2684,35,,,0,115,,2685,35,,,0,158,,2686,35,,,0,112,,2687,35,,,0,103,,2688,35,,,0,105,,2691,35,,,0,105,,2690,35,,,0,105,,2689,35,,,0,105,,2692,35,,,0
1201,'KerOffPriveOff',634,,2693,35,,,0,113,,2694,35,,,0,108,,2695,35,,,0,150,,2696,35,,,0,110,,2697,35,,,0,110,,2698,35,,,0,109,,2699,35,,,0,107,,2700,35,,,0,115,,2701,35,,,0,158,,2702,35,,,0,112,,2703,35,,,0,103,,2704,35,,,0,105,,2707,35,,,0,105,,2706,35,,,0,105,,2705,35,,,0,105,,2708,35,,,0
1201,'Samedi',626,,2709,35,,,0,104,,2710,35,,,0,105,,2711,35,,,0,105,,2712,35,,,0,106,,2713,35,,,0,104,,2714,35,,,0,105,,2715,35,,,0,146,,2716,35,,,0,105,,2717,35,,,0,105,,2718,35,,,0,104,,2719,35,,,0,105,,2720,35,,,0,105,,2721,35,,,0,105,,2722,35,,,0,105,,2723,35,,,0,105,,2724,35,,,0,105,,2725,35,,,0
1700,'CsRoyOff',641,,3336,14,,,0,80,,3337,14,,,0,37,,3338,14,,,0,79,,3339,14,,,0,74,,3340,14,,,0,35,,3341,14,,,0,75,,3342,14,,,0,35,,3343,14,,,0,75,,3344,14,,,0,76,,3345,14,,,0,35,,3346,14,,,0,75,,3347,14,,,0,35,,3348,14,,,0,75,,3349,14,,,0,77,,3350,14,,,0,41,,3351,14,,,0,77,,3352,14,,,0,35,,3353,14,,,0,69,,3354,14,,,0,79,,3355,14,,,0,33,,3356,14,,,0
1700,'CsRoyOffKerOff',641,,3357,14,,,0,80,,3358,14,,,0,37,,3359,14,,,0,79,,3360,14,,,0,74,,3361,14,,,0,35,,3362,14,,,0,75,,3363,14,,,0,35,,3364,14,,,0,75,,3365,14,,,0,76,,3366,14,,,0,35,,3367,14,,,0,75,,3368,14,,,0,35,,3369,14,,,0,75,,3370,14,,,0,77,,3371,14,,,0,41,,3372,14,,,0,77,,3373,14,,,0,35,,3374,14,,,0,69,,3375,14,,,0,79,,3376,14,,,0,33,,3377,14,,,0
1700,'EventOff',641,,3378,14,,,0,80,,3379,14,,,0,37,,3380,14,,,0,79,,3381,14,,,0,74,,3382,14,,,0,35,,3383,14,,,0,75,,3384,14,,,0,35,,3385,14,,,0,75,,3386,14,,,0,76,,3387,14,,,0,35,,3388,14,,,0,75,,3389,14,,,0,35,,3390,14,,,0,75,,3391,14,,,0,77,,3392,14,,,0,41,,3393,14,,,0,77,,3394,14,,,0,35,,3395,14,,,0,69,,3396,14,,,0,79,,3397,14,,,0,33,,3398,14,,,0
1700,'EventOn',641,,3399,14,,,0,80,,3400,14,,,0,37,,3401,14,,,0,79,,3402,14,,,0,74,,3403,14,,,0,35,,3404,14,,,0,75,,3405,14,,,0,35,,3406,14,,,0,75,,3407,14,,,0,76,,3408,14,,,0,35,,3409,14,,,0,75,,3410,14,,,0,35,,3411,14,,,0,75,,3412,14,,,0,77,,3413,14,,,0,41,,3414,14,,,0,77,,3415,14,,,0,35,,3416,14,,,0,69,,3417,14,,,0,79,,3418,14,,,0,33,,3419,14,,,0
1700,'KerOffPriveOff',641,,3420,14,,,0,80,,3421,14,,,0,37,,3422,14,,,0,79,,3423,14,,,0,74,,3424,14,,,0,35,,3425,14,,,0,75,,3426,14,,,0,35,,3427,14,,,0,75,,3428,14,,,0,76,,3429,14,,,0,35,,3430,14,,,0,75,,3431,14,,,0,35,,3432,14,,,0,75,,3433,14,,,0,77,,3434,14,,,0,41,,3435,14,,,0,77,,3436,14,,,0,35,,3437,14,,,0,69,,3438,14,,,0,79,,3439,14,,,0,33,,3440,14,,,0
111800501,'CsRoyOff',746,,4941,17,,,0,880,,4942,17,0,14 15,0
111800501,'CsRoyOffKerOff',1626,,4943,17,0,14 15,0
111800501,'EventOn',746,,4944,17,,,0,880,,4945,17,0,14 15,0
19200300001,'CsRoyOff',746,,5015,18,0,11 18,0
19200300001,'CsRoyOffKerOff',746,,5016,18,0,11 18,0
19200300001,'EventOn',746,,5017,18,0,11 18,0
