1000,'CsRoyOff',619,,1844,16,4,,0,22,,1850,34,4,,0,78,,1857,34,4,,0,39,,1855,34,4,,0,75,,1845,34,4,,0,74,,1839,34,4,,0,36,,1851,34,4,,0,73,,1858,34,4,,0,37,,1849,34,4,,0,73,,1846,34,4,,0,77,,1840,34,4,,0,33,,1852,34,4,,0,77,,1859,34,4,,0,33,,1843,34,4,,0,76,,1847,34,4,,0,35,,1841,34,4,,0,82,,1853,34,4,,0,81,,1860,34,4,,0,38,,1856,34,4,,0,73,,1848,34,4,,0,73,,1842,34,4,,0,33,,1854,34,4,,0,75,,1861,34,4,,0,105,,1866,34,4,,0,105,,1865,34,4,,0,104,,1862,34,4,,0,105,,1863,34,4,,0,104,,1864,34,4,,0
1000,'CsRoyOffKerOff',619,,1872,16,4,,0,22,,1878,34,4,,0,78,,1885,34,4,,0,39,,1883,34,4,,0,75,,1873,34,4,,0,74,,1867,34,4,,0,36,,1879,34,4,,0,73,,1886,34,4,,0,37,,1877,34,4,,0,73,,1874,34,4,,0,77,,1868,34,4,,0,33,,1880,34,4,,0,77,,1887,34,4,,0,33,,1871,34,4,,0,76,,1875,34,4,,0,35,,1869,34,4,,0,82,,1881,34,4,,0,81,,1888,34,4,,0,38,,1884,34,4,,0,73,,1876,34,4,,0,73,,1870,34,4,,0,33,,1882,34,4,,0,75,,1889,34,4,,0,105,,1894,34,4,,0,105,,1893,34,4,,0,104,,1890,34,4,,0,105,,1891,34,4,,0,104,,1892,34,4,,0
1000,'Dimanche',840,,1905,16,4,,0,103,,1896,34,4,,0,104,,1898,34,4,,0,106,,1899,34,4,,0,104,,1901,34,4,,0,145,,1902,34,4,,0,105,,1903,34,4,,0,106,,1904,34,4,,0,105,,1900,34,4,,0,105,,1897,34,4,,0,105,,1895,34,4,,0
1000,'EventOff',619,,1911,16,4,,0,22,,1917,34,4,,0,78,,1924,34,4,,0,39,,1922,34,4,,0,75,,1912,34,4,,0,74,,1906,34,4,,0,36,,1918,34,4,,0,73,,1925,34,4,,0,37,,1916,34,4,,0,73,,1913,34,4,,0,77,,1907,34,4,,0,33,,1919,34,4,,0,77,,1926,34,4,,0,33,,1910,34,4,,0,76,,1914,34,4,,0,35,,1908,34,4,,0,82,,1920,34,4,,0,81,,1927,34,4,,0,38,,1923,34,4,,0,73,,1915,34,4,,0,73,,1909,34,4,,0,33,,1921,34,4,,0,75,,1928,34,4,,0,105,,1933,34,4,,0,105,,1932,34,4,,0,104,,1929,34,4,,0,105,,1930,34,4,,0,104,,1931,34,4,,0
1000,'EventOn',619,,1939,16,4,,0,22,,1945,34,4,,0,78,,1952,34,4,,0,39,,1950,34,4,,0,75,,1940,34,4,,0,74,,1934,34,4,,0,36,,1946,34,4,,0,73,,1953,34,4,,0,37,,1944,34,4,,0,73,,1941,34,4,,0,77,,1935,34,4,,0,33,,1947,34,4,,0,77,,1954,34,4,,0,33,,1938,34,4,,0,76,,1942,34,4,,0,35,,1936,34,4,,0,82,,1948,34,4,,0,81,,1955,34,4,,0,38,,1951,34,4,,0,73,,1943,34,4,,0,73,,1937,34,4,,0,33,,1949,34,4,,0,75,,1956,34,4,,0,105,,1961,34,4,,0,105,,1960,34,4,,0,104,,1957,34,4,,0,105,,1958,34,4,,0,104,,1959,34,4,,0
1000,'KerOffPriveOff',619,,1967,16,4,,0,22,,1973,34,4,,0,78,,1980,34,4,,0,39,,1978,34,4,,0,75,,1968,34,4,,0,74,,1962,34,4,,0,36,,1974,34,4,,0,73,,1981,34,4,,0,37,,1972,34,4,,0,73,,1969,34,4,,0,77,,1963,34,4,,0,33,,1975,34,4,,0,77,,1982,34,4,,0,33,,1966,34,4,,0,76,,1970,34,4,,0,35,,1964,34,4,,0,82,,1976,34,4,,0,81,,1983,34,4,,0,38,,1979,34,4,,0,73,,1971,34,4,,0,73,,1965,34,4,,0,33,,1977,34,4,,0,75,,1984,34,4,,0,105,,1989,34,4,,0,105,,1988,34,4,,0,104,,1985,34,4,,0,105,,1986,34,4,,0,104,,1987,34,4,,0
1000,'Samedi',614,,2007,16,4,,0,99,,1990,34,4,,0,105,,1991,34,4,,0,105,,1992,34,4,,0,106,,1993,34,4,,0,105,,1994,34,4,,0,105,,1995,34,4,,0,106,,1996,34,4,,0,105,,1997,34,4,,0,105,,1998,34,4,,0,104,,1999,34,4,,0,145,,2000,34,4,,0,105,,2001,34,4,,0,104,,2002,34,4,,0,105,,2003,34,4,,0,104,,2004,34,4,,0,105,,2005,34,4,,0,104,,2006,34,4,,0
1001,'CsRoyOff',620,,2008,1,,,0,31,,2017,1,,,0,80,,2025,1,,,0,75,,2022,1,,,0,35,,2013,1,,,0,76,,2009,1,,,0,34,,2018,1,,,0,75,,2026,1,,,0,75,,2021,1,,,0,35,,2014,1,,,0,75,,2010,1,,,0,34,,2019,1,,,0,75,,2027,1,,,0,27,,2024,1,,,0,80,,2015,1,,,0,31,,2011,1,,,0,83,,2020,1,,,0,81,,2028,1,,,0,79,,2023,1,,,0,35,,2016,1,,,0,77,,2012,1,,,0,103,,2029,1,,,0,105,,2033,1,,,0,105,,2032,1,,,0,106,,2030,1,,,0,105,,2031,1,,,0
1001,'CsRoyOffKerOff',620,,2034,1,,,0,31,,2043,1,,,0,80,,2051,1,,,0,75,,2048,1,,,0,35,,2039,1,,,0,76,,2035,1,,,0,34,,2044,1,,,0,75,,2052,1,,,0,75,,2047,1,,,0,35,,2040,1,,,0,75,,2036,1,,,0,34,,2045,1,,,0,75,,2053,1,,,0,27,,2050,1,,,0,80,,2041,1,,,0,31,,2037,1,,,0,83,,2046,1,,,0,81,,2054,1,,,0,79,,2049,1,,,0,35,,2042,1,,,0,77,,2038,1,,,0,103,,2055,1,,,0,105,,2059,1,,,0,105,,2058,1,,,0,106,,2056,1,,,0,105,,2057,1,,,0
1001,'Dimanche',841,,2062,1,,,0,105,,2063,1,,,0,104,,2064,1,,,0,106,,2065,1,,,0,144,,2066,1,,,0,105,,2067,1,,,0,105,,2068,1,,,0,105,,2069,1,,,0,106,,2061,1,,,0,105,,2060,1,,,0
1001,'EventOff',620,,2070,1,,,0,31,,2079,1,,,0,80,,2087,1,,,0,75,,2084,1,,,0,35,,2075,1,,,0,76,,2071,1,,,0,34,,2080,1,,,0,75,,2088,1,,,0,75,,2083,1,,,0,35,,2076,1,,,0,75,,2072,1,,,0,34,,2081,1,,,0,75,,2089,1,,,0,27,,2086,1,,,0,80,,2077,1,,,0,31,,2073,1,,,0,83,,2082,1,,,0,81,,2090,1,,,0,79,,2085,1,,,0,35,,2078,1,,,0,77,,2074,1,,,0,103,,2091,1,,,0,105,,2095,1,,,0,105,,2094,1,,,0,106,,2092,1,,,0,105,,2093,1,,,0
1001,'EventOn',620,,2096,1,,,0,31,,2105,1,,,0,80,,2113,1,,,0,75,,2110,1,,,0,35,,2101,1,,,0,76,,2097,1,,,0,34,,2106,1,,,0,75,,2114,1,,,0,75,,2109,1,,,0,35,,2102,1,,,0,75,,2098,1,,,0,34,,2107,1,,,0,75,,2115,1,,,0,27,,2112,1,,,0,80,,2103,1,,,0,31,,2099,1,,,0,83,,2108,1,,,0,81,,2116,1,,,0,79,,2111,1,,,0,35,,2104,1,,,0,77,,2100,1,,,0,103,,2117,1,,,0,105,,2121,1,,,0,105,,2120,1,,,0,106,,2118,1,,,0,105,,2119,1,,,0
1001,'KerOffPriveOff',620,,2122,1,,,0,31,,2131,1,,,0,80,,2139,1,,,0,75,,2136,1,,,0,35,,2127,1,,,0,76,,2123,1,,,0,34,,2132,1,,,0,75,,2140,1,,,0,75,,2135,1,,,0,35,,2128,1,,,0,75,,2124,1,,,0,34,,2133,1,,,0,75,,2141,1,,,0,27,,2138,1,,,0,80,,2129,1,,,0,31,,2125,1,,,0,83,,2134,1,,,0,81,,2142,1,,,0,79,,2137,1,,,0,35,,2130,1,,,0,77,,2126,1,,,0,103,,2143,1,,,0,105,,2147,1,,,0,105,,2146,1,,,0,106,,2144,1,,,0,105,,2145,1,,,0
1001,'Samedi',614,,2148,1,,,0,103,,2149,1,,,0,105,,2150,1,,,0,105,,2151,1,,,0,105,,2152,1,,,0,104,,2153,1,,,0,105,,2154,1,,,0,106,,2155,1,,,0,105,,2156,1,,,0,105,,2157,1,,,0,144,,2158,1,,,0,105,,2159,1,,,0,106,,2160,1,,,0,105,,2161,1,,,0,105,,2162,1,,,0,105,,2163,1,,,0,105,,2164,1,,,0
