900,'CsRoyOff',648,,1654,11,0,20,0,79,,1668,11,0,20,0,75,,1655,11,0,20,0,36,,1665,11,0,20,0,75,,1656,11,0,20,0,35,,1669,11,0,20,0,75,,1657,11,0,20,0,111,,1658,11,0,20,0,110,,1659,11,0,20,0,111,,1660,11,0,20,0,75,,1666,11,0,20,0,76,,1661,11,0,20,0,39,,1667,11,0,20,0,65,,1671,2,,,0,12,,1662,11,0,20,0,37,,1670,11,0,20,0,76,,1663,11,0,20,0,107,,1664,11,0,20,0
900,'CsRoyOffKerOff',648,,1673,11,0,20,0,79,,1687,11,0,20,0,75,,1674,11,0,20,0,36,,1684,11,0,20,0,75,,1675,11,0,20,0,35,,1688,11,0,20,0,75,,1676,11,0,20,0,111,,1677,11,0,20,0,110,,1678,11,0,20,0,111,,1679,11,0,20,0,75,,1685,11,0,20,0,76,,1680,11,0,20,0,39,,1686,11,0,20,0,77,,1681,11,0,20,0,37,,1689,11,0,20,0,76,,1682,11,0,20,0,107,,1683,11,0,20,0
900,'EventOff',648,,1691,11,0,20,0,79,,1705,11,0,20,0,75,,1692,11,0,20,0,36,,1702,11,0,20,0,75,,1693,11,0,20,0,35,,1706,11,0,20,0,75,,1694,11,0,20,0,111,,1695,11,0,20,0,110,,1696,11,0,20,0,111,,1697,11,0,20,0,75,,1703,11,0,20,0,76,,1698,11,0,20,0,39,,1704,11,0,20,0,77,,1699,11,0,20,0,37,,1707,11,0,20,0,76,,1700,11,0,20,0,107,,1701,11,0,20,0
900,'EventOn',648,,1708,11,0,20,0,79,,1722,11,0,20,0,75,,1709,11,0,20,0,36,,1719,11,0,20,0,75,,1710,11,0,20,0,35,,1723,11,0,20,0,75,,1711,11,0,20,0,111,,1712,11,0,20,0,110,,1713,11,0,20,0,111,,1714,11,0,20,0,75,,1720,11,0,20,0,76,,1715,11,0,20,0,39,,1721,11,0,20,0,65,,1725,2,,,0,12,,1716,11,0,20,0,37,,1724,11,0,20,0,76,,1717,11,0,20,0,107,,1718,11,0,20,0
900,'KerOffPriveOff',648,,1727,11,0,20,0,79,,1741,11,0,20,0,75,,1728,11,0,20,0,36,,1738,11,0,20,0,75,,1729,11,0,20,0,35,,1742,11,0,20,0,75,,1730,11,0,20,0,111,,1731,11,0,20,0,110,,1732,11,0,20,0,111,,1733,11,0,20,0,75,,1739,11,0,20,0,76,,1734,11,0,20,0,39,,1740,11,0,20,0,77,,1735,11,0,20,0,37,,1743,11,0,20,0,76,,1736,11,0,20,0,107,,1737,11,0,20,0
1600,'CsRoyOff',720,,3122,25,,,0,110,,3123,25,,,0,110,,3124,25,,,0,110,,3125,25,,,0,150,,3126,25,,,0,110,,3127,25,,,0,110,,3128,25,,,0,116,,3129,25,,,0,114,,3130,25,,,0,150,,3131,25,,,0,110,,3132,25,,,0,100,,3133,25,,,0,106,,3134,25,,,0,104,,3135,25,,,0,106,,3136,25,,,0,102,,3137,25,,,0
1600,'CsRoyOffKerOff',720,,3138,25,,,0,110,,3139,25,,,0,110,,3140,25,,,0,110,,3141,25,,,0,150,,3142,25,,,0,110,,3143,25,,,0,110,,3144,25,,,0,116,,3145,25,,,0,114,,3146,25,,,0,150,,3147,25,,,0,110,,3148,25,,,0,100,,3149,25,,,0,106,,3150,25,,,0,104,,3151,25,,,0,106,,3152,25,,,0,102,,3153,25,,,0
1600,'Dimanche',936,,3155,25,,,0,105,,3156,25,,,0,105,,3157,25,,,0,105,,3158,25,,,0,104,,3159,25,,,0,145,,3160,25,,,0,105,,3161,25,,,0,105,,3154,25,,,0,105,,3162,25,,,0,105,,3163,25,,,0
1600,'EventOff',720,,3164,25,,,0,110,,3165,25,,,0,110,,3166,25,,,0,110,,3167,25,,,0,150,,3168,25,,,0,110,,3169,25,,,0,110,,3170,25,,,0,116,,3171,25,,,0,114,,3172,25,,,0,150,,3173,25,,,0,110,,3174,25,,,0,100,,3175,25,,,0,106,,3176,25,,,0,104,,3177,25,,,0,106,,3178,25,,,0,102,,3179,25,,,0
1600,'EventOn',720,,3180,25,,,0,110,,3181,25,,,0,110,,3182,25,,,0,110,,3183,25,,,0,150,,3184,25,,,0,110,,3185,25,,,0,110,,3186,25,,,0,116,,3187,25,,,0,114,,3188,25,,,0,150,,3189,25,,,0,110,,3190,25,,,0,100,,3191,25,,,0,106,,3192,25,,,0,104,,3193,25,,,0,106,,3194,25,,,0,102,,3195,25,,,0
1600,'KerOffPriveOff',720,,3196,25,,,0,110,,3197,25,,,0,110,,3198,25,,,0,110,,3199,25,,,0,150,,3200,25,,,0,110,,3201,25,,,0,110,,3202,25,,,0,116,,3203,25,,,0,114,,3204,25,,,0,150,,3205,25,,,0,110,,3206,25,,,0,100,,3207,25,,,0,106,,3208,25,,,0,104,,3209,25,,,0,106,,3210,25,,,0,102,,3211,25,,,0
1600,'Samedi',705,,3227,25,,,0,105,,3228,25,,,0,105,,3212,25,,,0,105,,3213,25,,,0,105,,3214,25,,,0,105,,3215,25,,,0,105,,3216,25,,,0,105,,3217,25,,,0,105,,3218,25,,,0,105,,3219,25,,,0,105,,3221,25,,,0,145,,3222,25,,,0,105,,3223,25,,,0,105,,3224,25,,,0,105,,3225,25,,,0,105,,3226,25,,,0,105,,3220,25,,,0
8900,'CsRoyOff',1942,,4827,12,,,0,100,,4829,12,,,0,105,,4828,12,,,0,107,,4826,12,,,0,103,,4825,12,,,0
8900,'CsRoyOffKerOff',1942,,4832,12,,,0,100,,4834,12,,,0,105,,4833,12,,,0,107,,4831,12,,,0,103,,4830,12,,,0
8900,'Dimanche',901,,4836,12,,,0,105,,4838,12,,,0,106,,4839,12,,,0,105,,4840,12,,,0,105,,4842,12,,,0,105,,4841,12,,,0,105,,4843,12,,,0,105,,4844,12,,,0,105,,4835,12,,,0,104,,4837,12,,,0
8900,'EventOff',1942,,4847,12,,,0,100,,4849,12,,,0,105,,4848,12,,,0,107,,4846,12,,,0,103,,4845,12,,,0
8900,'EventOn',1942,,4852,12,,,0,100,,4854,12,,,0,105,,4853,12,,,0,107,,4851,12,,,0,103,,4850,12,,,0
8900,'KerOffPriveOff',1942,,4857,12,,,0,100,,4859,12,,,0,105,,4858,12,,,0,107,,4856,12,,,0,103,,4855,12,,,0
8900,'Samedi',634,,4876,12,,,0,103,,4860,12,,,0,105,,4868,12,,,0,106,,4861,12,,,0,105,,4869,12,,,0,105,,4862,12,,,0,145,,4870,12,,,0,104,,4863,12,,,0,104,,4871,12,,,0,106,,4864,12,,,0,106,,4872,12,,,0,104,,4865,12,,,0,105,,4873,12,,,0,105,,4866,12,,,0,105,,4874,12,,,0,105,,4867,12,,,0,105,,4875,12,,,0
