201,'CsRoyOff',627,,163,23,,,0,80,,179,23,,,0,36,,169,23,,,0,80,,174,23,,,0,34,,164,23,,,0,74,,180,23,,,0,75,,170,23,,,0,35,,175,23,,,0,75,,165,23,,,0,36,,181,23,,,0,75,,171,23,,,0,75,,176,23,,,0,35,,166,23,,,0,75,,182,23,,,0,35,,172,23,,,0,80,,177,23,,,0,77,,167,23,,,0,37,,183,23,,,0,78,,173,23,,,0,33,,178,23,,,0,74,,168,23,,,0,74,,189,23,,,0,34,,185,23,,,0,105,,188,23,,,0,105,,187,23,,,0,105,,186,23,,,0,105,,184,23,,,0
201,'CsRoyOffKerOff',627,,190,23,,,0,80,,206,23,,,0,36,,196,23,,,0,80,,201,23,,,0,34,,191,23,,,0,74,,207,23,,,0,75,,197,23,,,0,35,,202,23,,,0,75,,192,23,,,0,36,,208,23,,,0,75,,198,23,,,0,75,,203,23,,,0,35,,193,23,,,0,75,,209,23,,,0,35,,199,23,,,0,80,,204,23,,,0,77,,194,23,,,0,37,,210,23,,,0,78,,200,23,,,0,33,,205,23,,,0,74,,195,23,,,0,74,,216,23,,,0,34,,212,23,,,0,105,,215,23,,,0,105,,214,23,,,0,105,,213,23,,,0,105,,211,23,,,0
201,'Dimanche',858,,219,23,,,0,145,,220,23,,,0,105,,221,23,,,0,105,,222,23,,,0,105,,223,23,,,0,105,,224,23,,,0,104,,225,23,,,0,105,,226,23,,,0,105,,218,23,,,0,105,,217,23,,,0
201,'EventOff',627,,227,23,,,0,80,,243,23,,,0,36,,233,23,,,0,80,,238,23,,,0,34,,228,23,,,0,74,,244,23,,,0,75,,234,23,,,0,35,,239,23,,,0,75,,229,23,,,0,36,,245,23,,,0,75,,235,23,,,0,75,,240,23,,,0,35,,230,23,,,0,75,,246,23,,,0,35,,236,23,,,0,80,,241,23,,,0,77,,231,23,,,0,37,,247,23,,,0,78,,237,23,,,0,33,,242,23,,,0,74,,232,23,,,0,74,,253,23,,,0,34,,249,23,,,0,105,,252,23,,,0,105,,251,23,,,0,105,,250,23,,,0,105,,248,23,,,0
201,'EventOn',627,,254,23,,,0,80,,270,23,,,0,36,,260,23,,,0,80,,265,23,,,0,34,,255,23,,,0,74,,271,23,,,0,75,,261,23,,,0,35,,266,23,,,0,75,,256,23,,,0,36,,272,23,,,0,75,,262,23,,,0,75,,267,23,,,0,35,,257,23,,,0,75,,273,23,,,0,35,,263,23,,,0,80,,268,23,,,0,77,,258,23,,,0,37,,274,23,,,0,78,,264,23,,,0,33,,269,23,,,0,74,,259,23,,,0,74,,280,23,,,0,34,,276,23,,,0,105,,279,23,,,0,105,,278,23,,,0,105,,277,23,,,0,105,,275,23,,,0
201,'KerOffPriveOff',627,,281,23,,,0,80,,297,23,,,0,36,,287,23,,,0,80,,292,23,,,0,34,,282,23,,,0,74,,298,23,,,0,75,,288,23,,,0,35,,293,23,,,0,75,,283,23,,,0,36,,299,23,,,0,75,,289,23,,,0,75,,294,23,,,0,35,,284,23,,,0,75,,300,23,,,0,35,,290,23,,,0,80,,295,23,,,0,77,,285,23,,,0,37,,301,23,,,0,78,,291,23,,,0,33,,296,23,,,0,74,,286,23,,,0,74,,307,23,,,0,34,,303,23,,,0,105,,306,23,,,0,105,,305,23,,,0,105,,304,23,,,0,105,,302,23,,,0
201,'Samedi',627,,308,23,,,0,105,,309,23,,,0,106,,310,23,,,0,106,,311,23,,,0,106,,312,23,,,0,105,,313,23,,,0,145,,314,23,,,0,105,,315,23,,,0,104,,316,23,,,0,105,,317,23,,,0,105,,318,23,,,0,105,,319,23,,,0,105,,320,23,,,0,105,,321,23,,,0,105,,322,23,,,0,104,,323,23,,,0,104,,324,23,,,0
801,'CsRoyOff',627,,1503,28,,,0,80,,1492,28,,,0,36,,1504,28,,,0,80,,1493,28,,,0,34,,1505,28,,,0,74,,1494,28,,,0,75,,1506,28,,,0,35,,1495,28,,,0,75,,1507,28,,,0,36,,1496,28,,,0,75,,1508,28,,,0,75,,1497,28,,,0,35,,1509,28,,,0,75,,1498,28,,,0,35,,1510,28,,,0,80,,1499,28,,,0,77,,1511,28,,,0,37,,1500,28,,,0,78,,1512,28,,,0,33,,1501,28,,,0,74,,1513,28,,,0,74,,1502,28,,,0,34,,1514,28,,,0,105,,1518,28,,,0,105,,1517,28,,,0,105,,1515,28,,,0,105,,1516,28,,,0
801,'CsRoyOffKerOff',627,,1530,28,,,0,80,,1519,28,,,0,36,,1531,28,,,0,80,,1520,28,,,0,34,,1532,28,,,0,74,,1521,28,,,0,75,,1533,28,,,0,35,,1522,28,,,0,75,,1534,28,,,0,36,,1523,28,,,0,75,,1535,28,,,0,75,,1524,28,,,0,35,,1536,28,,,0,75,,1525,28,,,0,35,,1537,28,,,0,80,,1526,28,,,0,77,,1538,28,,,0,37,,1527,28,,,0,78,,1539,28,,,0,33,,1528,28,,,0,74,,1540,28,,,0,74,,1529,28,,,0,34,,1541,28,,,0,105,,1545,28,,,0,105,,1544,28,,,0,105,,1542,28,,,0,105,,1543,28,,,0
801,'Dimanche',858,,1547,28,,,0,145,,1548,28,,,0,105,,1549,28,,,0,105,,1552,28,,,0,105,,1551,28,,,0,105,,1553,28,,,0,104,,1554,28,,,0,105,,1555,28,,,0,105,,1550,28,,,0,105,,1546,28,,,0
801,'EventOff',627,,1567,28,,,0,80,,1556,28,,,0,36,,1568,28,,,0,80,,1557,28,,,0,34,,1569,28,,,0,74,,1558,28,,,0,75,,1570,28,,,0,35,,1559,28,,,0,75,,1571,28,,,0,36,,1560,28,,,0,75,,1572,28,,,0,75,,1561,28,,,0,35,,1573,28,,,0,75,,1562,28,,,0,35,,1574,28,,,0,80,,1563,28,,,0,77,,1575,28,,,0,37,,1564,28,,,0,78,,1576,28,,,0,33,,1565,28,,,0,74,,1577,28,,,0,74,,1566,28,,,0,34,,1578,28,,,0,105,,1582,28,,,0,105,,1581,28,,,0,105,,1579,28,,,0,105,,1580,28,,,0
801,'EventOn',627,,1594,28,,,0,80,,1583,28,,,0,36,,1595,28,,,0,80,,1584,28,,,0,34,,1596,28,,,0,74,,1585,28,,,0,75,,1597,28,,,0,35,,1586,28,,,0,75,,1598,28,,,0,36,,1587,28,,,0,75,,1599,28,,,0,75,,1588,28,,,0,35,,1600,28,,,0,75,,1589,28,,,0,35,,1601,28,,,0,80,,1590,28,,,0,77,,1602,28,,,0,37,,1591,28,,,0,78,,1603,28,,,0,33,,1592,28,,,0,74,,1604,28,,,0,74,,1593,28,,,0,34,,1605,28,,,0,105,,1609,28,,,0,105,,1608,28,,,0,105,,1606,28,,,0,105,,1607,28,,,0
801,'KerOffPriveOff',627,,1621,28,,,0,80,,1610,28,,,0,36,,1622,28,,,0,80,,1611,28,,,0,34,,1623,28,,,0,74,,1612,28,,,0,75,,1624,28,,,0,35,,1613,28,,,0,75,,1625,28,,,0,36,,1614,28,,,0,75,,1626,28,,,0,75,,1615,28,,,0,35,,1627,28,,,0,75,,1616,28,,,0,35,,1628,28,,,0,80,,1617,28,,,0,77,,1629,28,,,0,37,,1618,28,,,0,78,,1630,28,,,0,33,,1619,28,,,0,74,,1631,28,,,0,74,,1620,28,,,0,34,,1632,28,,,0,105,,1636,28,,,0,105,,1635,28,,,0,105,,1633,28,,,0,105,,1634,28,,,0
801,'Samedi',627,,1637,28,,,0,105,,1638,28,,,0,106,,1639,28,,,0,106,,1640,28,,,0,106,,1641,28,,,0,105,,1642,28,,,0,145,,1643,28,,,0,105,,1644,28,,,0,104,,1645,28,,,0,105,,1646,28,,,0,105,,1647,28,,,0,105,,1648,28,,,0,105,,1649,28,,,0,105,,1650,28,,,0,105,,1651,28,,,0,104,,1652,28,,,0,104,,1653,28,,,0
1141500000,'EventOn',1606,,4968,10,,,0
1141500000,'KerOffPriveOff',1606,,4969,10,,,0
