1601,'CsRoyOff',630,,3244,21,,,0,115,,3229,21,,,0,110,,3230,21,,,0,150,,3231,21,,,0,110,,3232,21,,,0,110,,3233,21,,,0,110,,3234,21,,,0,110,,3235,21,,,0,156,,3236,21,,,0,116,,3237,21,,,0,109,,3238,21,,,0,108,,3239,21,,,0,100,,3240,21,,,0,105,,3241,21,,,0,105,,3243,21,,,0,105,,3242,21,,,0
1601,'CsRoyOffKerOff',630,,3260,21,,,0,115,,3245,21,,,0,110,,3246,21,,,0,150,,3247,21,,,0,110,,3248,21,,,0,110,,3249,21,,,0,110,,3250,21,,,0,110,,3251,21,,,0,156,,3252,21,,,0,116,,3253,21,,,0,109,,3254,21,,,0,108,,3255,21,,,0,100,,3256,21,,,0,105,,3257,21,,,0,105,,3259,21,,,0,105,,3258,21,,,0
1601,'Dimanche',854,,3269,21,,,0,105,,3262,21,,,0,145,,3263,21,,,0,105,,3264,21,,,0,105,,3265,21,,,0,105,,3266,21,,,0,106,,3267,21,,,0,105,,3268,21,,,0,104,,3261,21,,,0,105,,3270,21,,,0
1601,'EventOff',630,,3286,21,,,0,115,,3271,21,,,0,110,,3272,21,,,0,150,,3273,21,,,0,110,,3274,21,,,0,110,,3275,21,,,0,110,,3276,21,,,0,110,,3277,21,,,0,156,,3278,21,,,0,116,,3279,21,,,0,109,,3280,21,,,0,108,,3281,21,,,0,100,,3282,21,,,0,105,,3283,21,,,0,105,,3285,21,,,0,105,,3284,21,,,0
1601,'EventOn',630,,3302,21,,,0,115,,3287,21,,,0,110,,3288,21,,,0,150,,3289,21,,,0,110,,3290,21,,,0,110,,3291,21,,,0,110,,3292,21,,,0,110,,3293,21,,,0,156,,3294,21,,,0,116,,3295,21,,,0,109,,3296,21,,,0,108,,3297,21,,,0,100,,3298,21,,,0,105,,3299,21,,,0,105,,3301,21,,,0,105,,3300,21,,,0
1601,'KerOffPriveOff',630,,3318,21,,,0,115,,3303,21,,,0,110,,3304,21,,,0,150,,3305,21,,,0,110,,3306,21,,,0,110,,3307,21,,,0,110,,3308,21,,,0,110,,3309,21,,,0,156,,3310,21,,,0,116,,3311,21,,,0,109,,3312,21,,,0,108,,3313,21,,,0,100,,3314,21,,,0,105,,3315,21,,,0,105,,3317,21,,,0,105,,3316,21,,,0
1601,'Samedi',624,,3334,21,,,0,105,,3335,21,,,0,105,,3327,21,,,0,105,,3319,21,,,0,105,,3320,21,,,0,105,,3321,21,,,0,105,,3322,21,,,0,104,,3323,21,,,0,145,,3324,21,,,0,105,,3325,21,,,0,106,,3326,21,,,0,105,,3328,21,,,0,105,,3329,21,,,0,105,,3330,21,,,0,105,,3331,21,,,0,105,,3332,21,,,0,105,,3333,21,,,0
2500,'CsRoyOff',705,,3575,1,0,21,0,848,,3576,1,,,0
2500,'CsRoyOffKerOff',705,,3605,1,0,21,0,848,,3606,1,,,0
2500,'EventOn',705,,3677,1,0,21,0,15,,3676,1,0,10,0,830,,3680,2,,,0,3,,3679,1,,,0,5,,3678,20,,,0
2500,'KerOffPriveOff',720,,3710,1,0,10,0,830,,3712,2,,,0,8,,3711,20,,,0
190300201,'CsRoyOff',1552,,4953,3,4,,0
190300201,'CsRoyOffKerOff',1552,,4954,3,4,,0
190300201,'EventOn',1552,,4955,3,4,,0
3080200000,'EventOn',754,,4974,1,,,0
3080200000,'KerOffPriveOff',754,,4975,1,,,0
3080200001,'EventOn',1558,,4976,3,,,0
3080200001,'KerOffPriveOff',1558,,4977,3,,,0
3080300000,'EventOn',800,,4978,1,,,0
3080300000,'KerOffPriveOff',800,,4979,1,,,0
3080300001,'EventOn',1558,,4980,3,,,0
3080300001,'KerOffPriveOff',1558,,4981,3,,,0
3080400001,'EventOn',1600,,4984,2,,,0
3080400001,'KerOffPriveOff',1600,,4985,2,,,0
