500,'CsRoyOff',629,,654,21,,,0,76,,663,21,,,0,26,,681,21,,,0,15,,671,21,,,0,75,,668,21,,,0,35,,659,21,,,0,75,,655,21,,,0,75,,664,21,,,0,35,,672,21,,,0,75,,667,21,,,0,35,,660,21,,,0,75,,656,21,,,0,75,,665,21,,,0,35,,673,21,,,0,75,,670,21,,,0,35,,661,21,,,0,80,,657,21,,,0,78,,666,21,,,0,36,,674,21,,,0,75,,669,21,,,0,35,,662,21,,,0,74,,658,21,,,0,35,,680,21,,,0,145,,679,21,,,0,105,,678,21,,,0,105,,677,21,,,0,105,,676,21,,,0,105,,675,21,,,0
500,'CsRoyOffKerOff',629,,682,21,,,0,76,,691,21,,,0,26,,709,21,,,0,15,,699,21,,,0,75,,696,21,,,0,35,,687,21,,,0,75,,683,21,,,0,75,,692,21,,,0,35,,700,21,,,0,75,,695,21,,,0,35,,688,21,,,0,75,,684,21,,,0,75,,693,21,,,0,35,,701,21,,,0,75,,698,21,,,0,35,,689,21,,,0,80,,685,21,,,0,78,,694,21,,,0,36,,702,21,,,0,75,,697,21,,,0,35,,690,21,,,0,74,,686,21,,,0,35,,708,21,,,0,145,,707,21,,,0,105,,706,21,,,0,105,,705,21,,,0,105,,704,21,,,0,105,,703,21,,,0
500,'Dimanche',928,,712,21,,,0,105,,715,21,,,0,105,,714,21,,,0,105,,716,21,,,0,107,,717,21,,,0,105,,718,21,,,0,145,,719,21,,,0,105,,713,21,,,0,105,,710,21,,,0,103,,711,21,,,0
500,'EventOff',629,,720,21,,,0,76,,729,21,,,0,26,,747,21,,,0,15,,737,21,,,0,75,,734,21,,,0,35,,725,21,,,0,75,,721,21,,,0,75,,730,21,,,0,35,,738,21,,,0,75,,733,21,,,0,35,,726,21,,,0,75,,722,21,,,0,75,,731,21,,,0,35,,739,21,,,0,75,,736,21,,,0,35,,727,21,,,0,80,,723,21,,,0,78,,732,21,,,0,36,,740,21,,,0,75,,735,21,,,0,35,,728,21,,,0,74,,724,21,,,0,35,,746,21,,,0,145,,745,21,,,0,105,,744,21,,,0,105,,743,21,,,0,105,,742,21,,,0,105,,741,21,,,0
500,'EventOn',629,,748,21,,,0,76,,757,21,,,0,26,,775,21,,,0,15,,765,21,,,0,75,,762,21,,,0,35,,753,21,,,0,75,,749,21,,,0,75,,758,21,,,0,35,,766,21,,,0,75,,761,21,,,0,35,,754,21,,,0,75,,750,21,,,0,75,,759,21,,,0,35,,767,21,,,0,75,,764,21,,,0,35,,755,21,,,0,80,,751,21,,,0,78,,760,21,,,0,12,,776,21,,,0,24,,768,21,,,0,75,,763,21,,,0,35,,756,21,,,0,74,,752,21,,,0,35,,774,21,,,0,145,,773,21,,,0,105,,772,21,,,0,105,,771,21,,,0,105,,770,21,,,0,105,,769,21,,,0
500,'KerOffPriveOff',629,,777,21,,,0,76,,786,21,,,0,26,,804,21,,,0,15,,794,21,,,0,75,,791,21,,,0,35,,782,21,,,0,75,,778,21,,,0,75,,787,21,,,0,35,,795,21,,,0,75,,790,21,,,0,35,,783,21,,,0,75,,779,21,,,0,75,,788,21,,,0,35,,796,21,,,0,75,,793,21,,,0,35,,784,21,,,0,80,,780,21,,,0,78,,789,21,,,0,12,,805,21,,,0,24,,797,21,,,0,75,,792,21,,,0,35,,785,21,,,0,74,,781,21,,,0,35,,803,21,,,0,145,,802,21,,,0,105,,801,21,,,0,105,,800,21,,,0,105,,799,21,,,0,105,,798,21,,,0
500,'Samedi',658,,817,21,,,0,145,,806,21,,,0,105,,812,21,,,0,105,,818,21,,,0,105,,807,21,,,0,105,,813,21,,,0,107,,819,21,,,0,105,,808,21,,,0,105,,814,21,,,0,105,,820,21,,,0,105,,809,21,,,0,103,,815,21,,,0,105,,821,21,,,0,145,,810,21,,,0,105,,816,21,,,0,105,,822,21,,,0,105,,811,21,,,0
2600,'CsRoyOff',624,,3899,18,,,0,35,,3900,18,,,0,81,,3901,18,,,0,75,,3902,18,,,0,35,,3903,18,,,0,74,,3904,18,,,0,35,,3905,18,,,0,75,,3906,18,,,0,75,,3907,18,,,0,35,,3908,18,,,0,75,,3909,18,,,0,35,,3910,18,,,0,75,,3911,18,,,0,75,,3912,18,,,0,35,,3913,18,,,0,80,,3914,18,,,0,39,,3915,18,,,0,77,,3916,18,,,0,74,,3917,18,,,0,35,,3918,18,,,0,75,,3919,18,,,0,35,,3920,18,,,0,105,,3921,18,,,0,145,,3922,18,,,0,105,,3923,18,,,0,105,,3924,18,,,0,105,,3925,18,,,0
2600,'CsRoyOffKerOff',624,,3926,18,,,0,35,,3927,18,,,0,81,,3928,18,,,0,75,,3929,18,,,0,35,,3930,18,,,0,74,,3931,18,,,0,35,,3932,18,,,0,75,,3933,18,,,0,75,,3934,18,,,0,35,,3935,18,,,0,75,,3936,18,,,0,35,,3937,18,,,0,75,,3938,18,,,0,75,,3939,18,,,0,35,,3940,18,,,0,80,,3941,18,,,0,39,,3942,18,,,0,77,,3943,18,,,0,74,,3944,18,,,0,35,,3945,18,,,0,75,,3946,18,,,0,35,,3947,18,,,0,105,,3948,18,,,0,145,,3949,18,,,0,105,,3950,18,,,0,105,,3951,18,,,0,105,,3952,18,,,0
2600,'Dimanche',924,,3954,18,,,0,105,,3957,18,,,0,105,,3959,18,,,0,105,,3958,18,,,0,105,,3960,18,,,0,105,,3961,18,,,0,105,,3962,18,,,0,105,,3953,18,,,0,145,,3955,18,,,0,105,,3956,18,,,0
2600,'EventOff',624,,3963,18,,,0,35,,3964,18,,,0,81,,3965,18,,,0,75,,3966,18,,,0,35,,3967,18,,,0,74,,3968,18,,,0,35,,3969,18,,,0,75,,3970,18,,,0,75,,3971,18,,,0,35,,3972,18,,,0,75,,3973,18,,,0,35,,3974,18,,,0,75,,3975,18,,,0,75,,3976,18,,,0,35,,3977,18,,,0,80,,3978,18,,,0,39,,3979,18,,,0,77,,3980,18,,,0,74,,3981,18,,,0,35,,3982,18,,,0,75,,3983,18,,,0,35,,3984,18,,,0,105,,3985,18,,,0,145,,3986,18,,,0,105,,3987,18,,,0,105,,3988,18,,,0,105,,3989,18,,,0
2600,'EventOn',624,,3990,18,,,0,35,,3991,18,,,0,81,,3992,18,,,0,75,,3993,18,,,0,35,,3994,18,,,0,74,,3995,18,,,0,35,,3996,18,,,0,75,,3997,18,,,0,75,,3998,18,,,0,35,,3999,18,,,0,75,,4000,18,,,0,35,,4001,18,,,0,75,,4002,18,,,0,75,,4003,18,,,0,35,,4004,18,,,0,80,,4005,18,,,0,39,,4006,18,,,0,77,,4007,18,,,0,74,,4008,18,,,0,35,,4009,18,,,0,75,,4010,18,,,0,35,,4011,18,,,0,105,,4012,18,,,0,145,,4013,18,,,0,105,,4014,18,,,0,105,,4015,18,,,0,105,,4016,18,,,0
2600,'KerOffPriveOff',624,,4018,18,,,0,35,,4019,18,,,0,81,,4020,18,,,0,75,,4021,18,,,0,35,,4022,18,,,0,74,,4023,18,,,0,35,,4024,18,,,0,75,,4025,18,,,0,75,,4026,18,,,0,35,,4027,18,,,0,75,,4028,18,,,0,35,,4029,18,,,0,75,,4030,18,,,0,75,,4031,18,,,0,35,,4032,18,,,0,80,,4033,18,,,0,39,,4034,18,,,0,77,,4035,18,,,0,74,,4036,18,,,0,35,,4037,18,,,0,75,,4038,18,,,0,35,,4039,18,,,0,105,,4040,18,,,0,145,,4041,18,,,0,105,,4042,18,,,0,105,,4043,18,,,0,105,,4044,18,,,0
2600,'Samedi',654,,4055,18,,,0,105,,4054,18,,,0,145,,4053,18,,,0,105,,4052,18,,,0,105,,4051,18,,,0,105,,4060,18,,,0,105,,4059,18,,,0,105,,4058,18,,,0,105,,4057,18,,,0,105,,4056,18,,,0,105,,4061,18,,,0,105,,4062,18,,,0,105,,4047,18,,,0,105,,4048,18,,,0,145,,4049,18,,,0,105,,4050,18,,,0,105,,4046,18,,,0
5000,'CsRoyOff',644,,4263,12,,,0,65,,4262,12,,,0,16,,4218,12,,,0,15,,4219,12,,,0,62,,4220,12,,,0,18,,4221,12,,,0,17,,4222,12,,,0,18,,4223,12,,,0,56,,4224,12,,,0,15,,4225,12,,,0,20,,4226,12,,,0,55,,4227,12,,,0,19,,4228,12,,,0,15,,4229,12,,,0,20,,4230,12,,,0,55,,4231,12,,,0,20,,4232,12,,,0,15,,4233,12,,,0,60,,4234,12,,,0,15,,4235,12,,,0,20,,4236,12,,,0,15,,4237,12,,,0,60,,4238,12,,,0,15,,4239,12,,,0,19,,4240,12,,,0,55,,4241,12,,,0,20,,4242,12,,,0,15,,4243,12,,,0,61,,4244,12,,,0,15,,4245,12,,,0,24,,4246,12,,,0,19,,4247,12,,,0,59,,4248,12,,,0,18,,4249,12,,,0,21,,4250,12,,,0,56,,4251,12,,,0,20,,4252,12,,,0,16,,4253,12,,,0,58,,4254,12,,,0,16,,4255,12,,,0,19,,4256,12,,,0,15,,4257,12,,,0,168,,4258,12,,,0,105,,4259,12,,,0,105,,4260,12,,,0,105,,4261,12,,,0
5000,'CsRoyOffKerOff',644,,4309,12,,,0,65,,4308,12,,,0,16,,4264,12,,,0,15,,4265,12,,,0,62,,4266,12,,,0,18,,4267,12,,,0,17,,4268,12,,,0,18,,4269,12,,,0,56,,4270,12,,,0,15,,4271,12,,,0,20,,4272,12,,,0,55,,4273,12,,,0,19,,4274,12,,,0,15,,4275,12,,,0,20,,4276,12,,,0,55,,4277,12,,,0,20,,4278,12,,,0,15,,4279,12,,,0,60,,4280,12,,,0,15,,4281,12,,,0,20,,4282,12,,,0,15,,4283,12,,,0,60,,4284,12,,,0,15,,4285,12,,,0,19,,4286,12,,,0,55,,4287,12,,,0,20,,4288,12,,,0,15,,4289,12,,,0,61,,4290,12,,,0,15,,4291,12,,,0,24,,4292,12,,,0,19,,4293,12,,,0,59,,4294,12,,,0,18,,4295,12,,,0,21,,4296,12,,,0,56,,4297,12,,,0,20,,4298,12,,,0,16,,4299,12,,,0,58,,4300,12,,,0,16,,4301,12,,,0,19,,4302,12,,,0,15,,4303,12,,,0,168,,4304,12,,,0,105,,4305,12,,,0,105,,4306,12,,,0,105,,4307,12,,,0
5000,'Dimanche',948,,4310,12,,,0,105,,4313,12,,,0,105,,4315,12,,,0,145,,4314,12,,,0,105,,4316,12,,,0,105,,4317,12,,,0,106,,4318,12,,,0,105,,4311,12,,,0,105,,4312,12,,,0
5000,'EventOff',644,,4364,12,,,0,65,,4363,12,,,0,16,,4319,12,,,0,15,,4320,12,,,0,62,,4321,12,,,0,18,,4322,12,,,0,17,,4323,12,,,0,18,,4324,12,,,0,56,,4325,12,,,0,15,,4326,12,,,0,20,,4327,12,,,0,55,,4328,12,,,0,19,,4329,12,,,0,15,,4330,12,,,0,20,,4331,12,,,0,55,,4332,12,,,0,20,,4333,12,,,0,15,,4334,12,,,0,60,,4335,12,,,0,15,,4336,12,,,0,20,,4337,12,,,0,15,,4338,12,,,0,60,,4339,12,,,0,15,,4340,12,,,0,19,,4341,12,,,0,55,,4342,12,,,0,20,,4343,12,,,0,15,,4344,12,,,0,61,,4345,12,,,0,15,,4346,12,,,0,24,,4347,12,,,0,19,,4348,12,,,0,59,,4349,12,,,0,18,,4350,12,,,0,21,,4351,12,,,0,56,,4352,12,,,0,20,,4353,12,,,0,16,,4354,12,,,0,58,,4355,12,,,0,16,,4356,12,,,0,19,,4357,12,,,0,15,,4358,12,,,0,168,,4359,12,,,0,105,,4360,12,,,0,105,,4361,12,,,0,105,,4362,12,,,0
5000,'EventOn',644,,4410,12,,,0,65,,4409,12,,,0,16,,4365,12,,,0,15,,4366,12,,,0,62,,4367,12,,,0,18,,4368,12,,,0,17,,4369,12,,,0,18,,4370,12,,,0,56,,4371,12,,,0,15,,4372,12,,,0,20,,4373,12,,,0,55,,4374,12,,,0,19,,4375,12,,,0,15,,4376,12,,,0,20,,4377,12,,,0,55,,4378,12,,,0,20,,4379,12,,,0,15,,4380,12,,,0,60,,4381,12,,,0,15,,4382,12,,,0,20,,4383,12,,,0,15,,4384,12,,,0,60,,4385,12,,,0,15,,4386,12,,,0,19,,4387,12,,,0,55,,4388,12,,,0,20,,4389,12,,,0,15,,4390,12,,,0,61,,4391,12,,,0,15,,4392,12,,,0,24,,4393,12,,,0,19,,4394,12,,,0,59,,4395,12,,,0,18,,4396,12,,,0,21,,4397,12,,,0,56,,4398,12,,,0,20,,4399,12,,,0,16,,4400,12,,,0,58,,4401,12,,,0,16,,4402,12,,,0,19,,4403,12,,,0,15,,4404,12,,,0,168,,4405,12,,,0,105,,4406,12,,,0,105,,4407,12,,,0,105,,4408,12,,,0
5000,'KerOffPriveOff',644,,4456,12,,,0,65,,4455,12,,,0,16,,4411,12,,,0,15,,4412,12,,,0,62,,4413,12,,,0,18,,4414,12,,,0,17,,4415,12,,,0,18,,4416,12,,,0,56,,4417,12,,,0,15,,4418,12,,,0,20,,4419,12,,,0,55,,4420,12,,,0,19,,4421,12,,,0,15,,4422,12,,,0,20,,4423,12,,,0,55,,4424,12,,,0,20,,4425,12,,,0,15,,4426,12,,,0,60,,4427,12,,,0,15,,4428,12,,,0,20,,4429,12,,,0,15,,4430,12,,,0,60,,4431,12,,,0,15,,4432,12,,,0,19,,4433,12,,,0,55,,4434,12,,,0,20,,4435,12,,,0,15,,4436,12,,,0,61,,4437,12,,,0,15,,4438,12,,,0,24,,4439,12,,,0,19,,4440,12,,,0,59,,4441,12,,,0,18,,4442,12,,,0,21,,4443,12,,,0,56,,4444,12,,,0,20,,4445,12,,,0,16,,4446,12,,,0,58,,4447,12,,,0,16,,4448,12,,,0,19,,4449,12,,,0,15,,4450,12,,,0,168,,4451,12,,,0,105,,4452,12,,,0,105,,4453,12,,,0,105,,4454,12,,,0
5000,'Samedi',718,,4464,12,,,0,107,,4463,12,,,0,103,,4462,12,,,0,105,,4461,12,,,0,105,,4469,12,,,0,105,,4468,12,,,0,105,,4467,12,,,0,105,,4466,12,,,0,147,,4465,12,,,0,104,,4472,12,,,0,105,,4470,12,,,0,105,,4471,12,,,0,105,,4457,12,,,0,105,,4458,12,,,0,105,,4459,12,,,0,105,,4460,12,,,0
6001,'CsRoyOff',613,,4678,13,,,0,34,,4652,37,,,0,73,,4663,37,,,0,82,,4653,37,,,0,34,,4664,37,,,0,72,,4654,37,,,0,36,,4665,37,,,0,74,,4655,37,,,0,35,,4666,37,,,0,75,,4656,37,,,0,75,,4667,37,,,0,35,,4657,37,,,0,73,,4668,37,,,0,35,,4658,37,,,0,67,,4669,37,,,0,40,,4679,37,,,0,71,,4659,37,,,0,84,,4670,37,,,0,30,,4660,37,,,0,78,,4671,37,,,0,36,,4661,37,,,0,75,,4672,37,,,0,29,,4662,37,,,0,153,,4675,37,,,0,105,,4677,37,,,0,105,,4676,37,,,0,105,,4674,37,,,0,103,,4673,37,,,0
6001,'CsRoyOffKerOff',613,,4706,13,,,0,34,,4680,37,,,0,73,,4691,37,,,0,82,,4681,37,,,0,34,,4692,37,,,0,72,,4682,37,,,0,36,,4693,37,,,0,74,,4683,37,,,0,35,,4694,37,,,0,75,,4684,37,,,0,75,,4695,37,,,0,35,,4685,37,,,0,73,,4696,37,,,0,35,,4686,37,,,0,67,,4697,37,,,0,40,,4707,37,,,0,71,,4687,37,,,0,84,,4698,37,,,0,30,,4688,37,,,0,78,,4699,37,,,0,36,,4689,37,,,0,75,,4700,37,,,0,29,,4690,37,,,0,153,,4703,37,,,0,105,,4705,37,,,0,105,,4704,37,,,0,105,,4702,37,,,0,103,,4701,37,,,0
6001,'Dimanche',934,,4708,37,,,0,104,,4710,37,,,0,106,,4711,37,,,0,105,,4713,37,,,0,107,,4714,37,,,0,103,,4715,37,,,0,145,,4716,37,,,0,104,,4717,37,,,0,106,,4712,37,,,0,105,,4709,37,,,0
6001,'EventOff',613,,4744,13,,,0,34,,4718,37,,,0,73,,4729,37,,,0,82,,4719,37,,,0,34,,4730,37,,,0,72,,4720,37,,,0,36,,4731,37,,,0,74,,4721,37,,,0,35,,4732,37,,,0,75,,4722,37,,,0,75,,4733,37,,,0,35,,4723,37,,,0,73,,4734,37,,,0,35,,4724,37,,,0,67,,4735,37,,,0,40,,4745,37,,,0,71,,4725,37,,,0,84,,4736,37,,,0,30,,4726,37,,,0,78,,4737,37,,,0,36,,4727,37,,,0,75,,4738,37,,,0,29,,4728,37,,,0,153,,4741,37,,,0,105,,4743,37,,,0,105,,4742,37,,,0,105,,4740,37,,,0,103,,4739,37,,,0
6001,'EventOn',613,,4772,13,,,0,34,,4746,37,,,0,73,,4757,37,,,0,82,,4747,37,,,0,34,,4758,37,,,0,72,,4748,37,,,0,36,,4759,37,,,0,74,,4749,37,,,0,35,,4760,37,,,0,75,,4750,37,,,0,75,,4761,37,,,0,35,,4751,37,,,0,73,,4762,37,,,0,35,,4752,37,,,0,67,,4763,37,,,0,40,,4773,37,,,0,71,,4753,37,,,0,84,,4764,37,,,0,30,,4754,37,,,0,78,,4765,37,,,0,36,,4755,37,,,0,75,,4766,37,,,0,29,,4756,37,,,0,153,,4769,37,,,0,105,,4771,37,,,0,105,,4770,37,,,0,105,,4768,37,,,0,103,,4767,37,,,0
6001,'KerOffPriveOff',613,,4803,13,,,0,34,,4777,37,,,0,73,,4788,37,,,0,82,,4778,37,,,0,34,,4789,37,,,0,72,,4779,37,,,0,36,,4790,37,,,0,74,,4780,37,,,0,35,,4791,37,,,0,75,,4781,37,,,0,75,,4792,37,,,0,35,,4782,37,,,0,73,,4793,37,,,0,35,,4783,37,,,0,67,,4794,37,,,0,40,,4804,37,,,0,71,,4784,37,,,0,84,,4795,37,,,0,30,,4785,37,,,0,78,,4796,37,,,0,36,,4786,37,,,0,75,,4797,37,,,0,29,,4787,37,,,0,153,,4800,37,,,0,105,,4802,37,,,0,105,,4801,37,,,0,105,,4799,37,,,0,103,,4798,37,,,0
6001,'Samedi',704,,4813,37,,,0,105,,4819,37,,,0,105,,4808,37,,,0,105,,4814,37,,,0,106,,4820,37,,,0,105,,4809,37,,,0,106,,4815,37,,,0,105,,4821,37,,,0,105,,4810,37,,,0,103,,4816,37,,,0,105,,4822,37,,,0,105,,4811,37,,,0,145,,4817,37,,,0,105,,4823,37,,,0,105,,4812,37,,,0,105,,4818,37,,,0,105,,4824,37,,,0
111800501,'CsRoyOff',801,,4941,31,,,0
111800501,'EventOn',801,,4944,31,,,0
