801,'CsRoyOff',631,,1503,30,,,0,80,,1492,30,,,0,35,,1504,30,,,0,81,,1493,30,,,0,74,,1505,30,,,0,34,,1494,30,,,0,75,,1506,30,,,0,35,,1495,30,,,0,75,,1507,30,,,0,36,,1496,30,,,0,75,,1508,30,,,0,75,,1497,30,,,0,35,,1509,30,,,0,75,,1498,30,,,0,35,,1510,30,,,0,80,,1499,30,,,0,77,,1511,30,,,0,37,,1500,30,,,0,77,,1512,30,,,0,34,,1501,30,,,0,74,,1513,30,,,0,74,,1502,30,,,0,34,,1514,30,,,0,105,,1518,30,,,0,105,,1517,30,,,0,105,,1515,30,,,0,105,,1516,30,,,0
801,'CsRoyOffKerOff',631,,1530,30,,,0,80,,1519,30,,,0,35,,1531,30,,,0,81,,1520,30,,,0,74,,1532,30,,,0,34,,1521,30,,,0,75,,1533,30,,,0,35,,1522,30,,,0,75,,1534,30,,,0,36,,1523,30,,,0,75,,1535,30,,,0,75,,1524,30,,,0,35,,1536,30,,,0,75,,1525,30,,,0,35,,1537,30,,,0,80,,1526,30,,,0,77,,1538,30,,,0,37,,1527,30,,,0,77,,1539,30,,,0,34,,1528,30,,,0,74,,1540,30,,,0,74,,1529,30,,,0,34,,1541,30,,,0,105,,1545,30,,,0,105,,1544,30,,,0,105,,1542,30,,,0,105,,1543,30,,,0
801,'Dimanche',902,,1547,30,,,0,105,,1548,30,,,0,105,,1549,30,,,0,104,,1552,30,,,0,105,,1551,30,,,0,105,,1553,30,,,0,105,,1554,30,,,0,105,,1555,30,,,0,105,,1550,30,,,0,105,,1546,30,,,0
801,'EventOff',631,,1567,30,,,0,80,,1556,30,,,0,35,,1568,30,,,0,81,,1557,30,,,0,74,,1569,30,,,0,34,,1558,30,,,0,75,,1570,30,,,0,35,,1559,30,,,0,75,,1571,30,,,0,36,,1560,30,,,0,75,,1572,30,,,0,75,,1561,30,,,0,35,,1573,30,,,0,75,,1562,30,,,0,35,,1574,30,,,0,80,,1563,30,,,0,77,,1575,30,,,0,37,,1564,30,,,0,77,,1576,30,,,0,34,,1565,30,,,0,74,,1577,30,,,0,74,,1566,30,,,0,34,,1578,30,,,0,105,,1582,30,,,0,105,,1581,30,,,0,105,,1579,30,,,0,105,,1580,30,,,0
801,'EventOn',631,,1594,30,,,0,80,,1583,30,,,0,35,,1595,30,,,0,81,,1584,30,,,0,74,,1596,30,,,0,34,,1585,30,,,0,75,,1597,30,,,0,35,,1586,30,,,0,75,,1598,30,,,0,36,,1587,30,,,0,75,,1599,30,,,0,75,,1588,30,,,0,35,,1600,30,,,0,75,,1589,30,,,0,35,,1601,30,,,0,80,,1590,30,,,0,77,,1602,30,,,0,37,,1591,30,,,0,77,,1603,30,,,0,34,,1592,30,,,0,74,,1604,30,,,0,74,,1593,30,,,0,34,,1605,30,,,0,105,,1609,30,,,0,105,,1608,30,,,0,105,,1606,30,,,0,105,,1607,30,,,0
801,'KerOffPriveOff',631,,1621,30,,,0,80,,1610,30,,,0,35,,1622,30,,,0,81,,1611,30,,,0,74,,1623,30,,,0,34,,1612,30,,,0,75,,1624,30,,,0,35,,1613,30,,,0,75,,1625,30,,,0,36,,1614,30,,,0,75,,1626,30,,,0,75,,1615,30,,,0,35,,1627,30,,,0,75,,1616,30,,,0,35,,1628,30,,,0,80,,1617,30,,,0,77,,1629,30,,,0,37,,1618,30,,,0,77,,1630,30,,,0,34,,1619,30,,,0,74,,1631,30,,,0,74,,1620,30,,,0,34,,1632,30,,,0,105,,1636,30,,,0,105,,1635,30,,,0,105,,1633,30,,,0,105,,1634,30,,,0
801,'Samedi',631,,1637,30,,,0,105,,1638,30,,,0,106,,1639,30,,,0,105,,1640,30,,,0,106,,1641,30,,,0,104,,1642,30,,,0,145,,1643,30,,,0,105,,1644,30,,,0,104,,1645,30,,,0,106,,1646,30,,,0,105,,1647,30,,,0,105,,1648,30,,,0,105,,1649,30,,,0,106,,1650,30,,,0,105,,1651,30,,,0,105,,1652,30,,,0,103,,1653,30,,,0
1200,'CsRoyOff',651,,2509,2,,,0,155,,2510,2,,,0,110,,2511,2,,,0,110,,2512,2,,,0,110,,2513,2,,,0,109,,2514,2,,,0,110,,2515,2,,,0,155,,2516,2,,,0,118,,2517,2,,,0,108,,2518,2,,,0,110,,2519,2,,,0,105,,2523,2,,,0,105,,2522,2,,,0,145,,2521,2,,,0,105,,2520,2,,,0,105,,2524,2,,,0
1200,'CsRoyOffKerOff',651,,2526,2,,,0,155,,2527,2,,,0,110,,2528,2,,,0,110,,2529,2,,,0,110,,2530,2,,,0,109,,2531,2,,,0,110,,2532,2,,,0,155,,2533,2,,,0,118,,2534,2,,,0,108,,2535,2,,,0,110,,2536,2,,,0,105,,2540,2,,,0,105,,2539,2,,,0,145,,2538,2,,,0,105,,2537,2,,,0,105,,2541,2,,,0
1200,'Dimanche',916,,2544,2,,,0,105,,2546,2,,,0,105,,2547,2,,,0,105,,2548,2,,,0,104,,2549,2,,,0,105,,2550,2,,,0,105,,2551,2,,,0,106,,2552,2,,,0,105,,2545,2,,,0,145,,2543,2,,,0
1200,'EventOff',651,,2553,2,,,0,155,,2554,2,,,0,110,,2555,2,,,0,110,,2556,2,,,0,110,,2557,2,,,0,109,,2558,2,,,0,110,,2559,2,,,0,155,,2560,2,,,0,118,,2561,2,,,0,108,,2562,2,,,0,110,,2563,2,,,0,105,,2567,2,,,0,105,,2566,2,,,0,145,,2565,2,,,0,105,,2564,2,,,0,105,,2568,2,,,0
1200,'EventOn',651,,2569,2,,,0,155,,2570,2,,,0,110,,2571,2,,,0,110,,2572,2,,,0,110,,2573,2,,,0,109,,2574,2,,,0,110,,2575,2,,,0,155,,2576,2,,,0,118,,2577,2,,,0,108,,2578,2,,,0,110,,2579,2,,,0,105,,2583,2,,,0,105,,2582,2,,,0,145,,2581,2,,,0,105,,2580,2,,,0,105,,2584,2,,,0
1200,'KerOffPriveOff',651,,2586,2,,,0,155,,2587,2,,,0,110,,2588,2,,,0,110,,2589,2,,,0,110,,2590,2,,,0,109,,2591,2,,,0,110,,2592,2,,,0,155,,2593,2,,,0,118,,2594,2,,,0,108,,2595,2,,,0,110,,2596,2,,,0,105,,2600,2,,,0,105,,2599,2,,,0,145,,2598,2,,,0,105,,2597,2,,,0,105,,2601,2,,,0
1200,'Samedi',646,,2602,2,,,0,105,,2603,2,,,0,105,,2604,2,,,0,145,,2605,2,,,0,104,,2606,2,,,0,105,,2607,2,,,0,106,,2608,2,,,0,105,,2609,2,,,0,105,,2610,2,,,0,104,,2611,2,,,0,106,,2612,2,,,0,105,,2613,2,,,0,105,,2614,2,,,0,105,,2615,2,,,0,105,,2616,2,,,0,145,,2617,2,,,0,105,,2618,2,,,0
