601,'CsRoyOff',637,,1159,2,,,0,74,,1182,2,,,0,6,,1154,2,,,0,35,,1165,2,,,0,76,,1171,2,,,0,74,,1158,2,,,0,35,,1160,2,,,0,75,,1155,2,,,0,35,,1166,2,,,0,75,,1172,2,,,0,35,,1164,2,,,0,75,,1161,2,,,0,75,,1156,2,,,0,35,,1167,2,,,0,75,,1173,2,,,0,39,,1170,2,,,0,77,,1162,2,,,0,77,,1157,2,,,0,35,,1168,2,,,0,76,,1174,2,,,0,36,,1169,2,,,0,75,,1163,2,,,0,79,,1179,2,,,0,100,,1178,2,,,0,105,,1177,2,,,0,105,,1176,2,,,0,105,,1175,2,,,0,100,,1180,2,,,0
601,'CsRoyOffKerOff',637,,1189,2,,,0,74,,1212,2,,,0,6,,1184,2,,,0,35,,1195,2,,,0,76,,1201,2,,,0,74,,1188,2,,,0,35,,1190,2,,,0,75,,1185,2,,,0,35,,1196,2,,,0,75,,1202,2,,,0,35,,1194,2,,,0,75,,1191,2,,,0,75,,1186,2,,,0,35,,1197,2,,,0,75,,1203,2,,,0,39,,1200,2,,,0,77,,1192,2,,,0,77,,1187,2,,,0,35,,1198,2,,,0,76,,1204,2,,,0,36,,1199,2,,,0,75,,1193,2,,,0,79,,1209,2,,,0,100,,1208,2,,,0,105,,1207,2,,,0,105,,1206,2,,,0,105,,1205,2,,,0,100,,1210,2,,,0
601,'Dimanche',829,,1215,2,,,0,105,,1214,2,,,0,106,,1219,2,,,0,104,,1218,2,,,0,105,,1220,2,,,0,105,,1221,2,,,0,105,,1222,2,,,0,145,,1223,2,,,0,105,,1217,2,,,0,105,,1216,2,,,0,102,,1213,2,,,0
601,'EventOff',637,,1229,2,,,0,80,,1224,2,,,0,35,,1235,2,,,0,76,,1241,2,,,0,74,,1228,2,,,0,35,,1230,2,,,0,75,,1225,2,,,0,35,,1236,2,,,0,75,,1242,2,,,0,35,,1234,2,,,0,75,,1231,2,,,0,75,,1226,2,,,0,35,,1237,2,,,0,75,,1243,2,,,0,39,,1240,2,,,0,77,,1232,2,,,0,77,,1227,2,,,0,35,,1238,2,,,0,76,,1244,2,,,0,36,,1239,2,,,0,75,,1233,2,,,0,79,,1249,2,,,0,100,,1248,2,,,0,105,,1247,2,,,0,105,,1246,2,,,0,105,,1245,2,,,0,100,,1250,2,,,0
601,'EventOn',637,,1257,2,,,0,74,,1280,2,,,0,6,,1252,2,,,0,35,,1263,2,,,0,76,,1269,2,,,0,74,,1256,2,,,0,35,,1258,2,,,0,75,,1253,2,,,0,35,,1264,2,,,0,75,,1270,2,,,0,35,,1262,2,,,0,75,,1259,2,,,0,75,,1254,2,,,0,35,,1265,2,,,0,75,,1271,2,,,0,39,,1268,2,,,0,77,,1260,2,,,0,18,,1282,2,,,0,59,,1255,2,,,0,35,,1266,2,,,0,76,,1272,2,,,0,36,,1267,2,,,0,75,,1261,2,,,0,79,,1277,2,,,0,100,,1276,2,,,0,105,,1275,2,,,0,105,,1274,2,,,0,105,,1273,2,,,0,100,,1278,2,,,0
601,'KerOffPriveOff',637,,1288,2,,,0,80,,1283,2,,,0,35,,1294,2,,,0,76,,1300,2,,,0,74,,1287,2,,,0,35,,1289,2,,,0,75,,1284,2,,,0,35,,1295,2,,,0,75,,1301,2,,,0,35,,1293,2,,,0,75,,1290,2,,,0,75,,1285,2,,,0,35,,1296,2,,,0,75,,1302,2,,,0,39,,1299,2,,,0,77,,1291,2,,,0,18,,1311,2,,,0,59,,1286,2,,,0,35,,1297,2,,,0,76,,1303,2,,,0,36,,1298,2,,,0,75,,1292,2,,,0,79,,1308,2,,,0,100,,1307,2,,,0,105,,1306,2,,,0,105,,1305,2,,,0,105,,1304,2,,,0,100,,1309,2,,,0
601,'Samedi',705,,1312,2,,,0,105,,1320,2,,,0,106,,1313,2,,,0,105,,1321,2,,,0,105,,1314,2,,,0,104,,1322,2,,,0,104,,1315,2,,,0,104,,1323,2,,,0,105,,1316,2,,,0,106,,1324,2,,,0,106,,1317,2,,,0,145,,1325,2,,,0,105,,1318,2,,,0,105,,1326,2,,,0,105,,1319,2,,,0,105,,1327,2,,,0,97,,1329,2,,,0
900,'CsRoyOff',640,,1654,2,0,20,0,79,,1668,2,0,20,0,35,,1655,2,0,20,0,76,,1665,2,0,20,0,75,,1656,2,0,20,0,35,,1669,2,0,20,0,75,,1657,2,0,20,0,110,,1658,2,0,20,0,110,,1659,2,0,20,0,110,,1660,2,0,20,0,75,,1666,2,0,20,0,36,,1661,2,0,20,0,79,,1667,2,0,20,0,77,,1662,2,0,20,0,37,,1670,2,0,20,0,77,,1663,2,0,20,0,109,,1664,2,0,20,0
900,'CsRoyOffKerOff',640,,1673,2,0,20,0,79,,1687,2,0,20,0,35,,1674,2,0,20,0,76,,1684,2,0,20,0,75,,1675,2,0,20,0,35,,1688,2,0,20,0,75,,1676,2,0,20,0,110,,1677,2,0,20,0,110,,1678,2,0,20,0,110,,1679,2,0,20,0,75,,1685,2,0,20,0,36,,1680,2,0,20,0,79,,1686,2,0,20,0,77,,1681,2,0,20,0,37,,1689,2,0,20,0,77,,1682,2,0,20,0,109,,1683,2,0,20,0
900,'EventOff',640,,1691,2,0,20,0,79,,1705,2,0,20,0,35,,1692,2,0,20,0,76,,1702,2,0,20,0,75,,1693,2,0,20,0,35,,1706,2,0,20,0,75,,1694,2,0,20,0,110,,1695,2,0,20,0,110,,1696,2,0,20,0,110,,1697,2,0,20,0,75,,1703,2,0,20,0,36,,1698,2,0,20,0,79,,1704,2,0,20,0,77,,1699,2,0,20,0,37,,1707,2,0,20,0,77,,1700,2,0,20,0,109,,1701,2,0,20,0
900,'EventOn',640,,1708,2,0,20,0,79,,1722,2,0,20,0,35,,1709,2,0,20,0,76,,1719,2,0,20,0,75,,1710,2,0,20,0,35,,1723,2,0,20,0,75,,1711,2,0,20,0,110,,1712,2,0,20,0,110,,1713,2,0,20,0,110,,1714,2,0,20,0,75,,1720,2,0,20,0,36,,1715,2,0,20,0,79,,1721,2,0,20,0,77,,1716,2,0,20,0,37,,1724,2,0,20,0,77,,1717,2,0,20,0,109,,1718,2,0,20,0
900,'KerOffPriveOff',640,,1727,2,0,20,0,79,,1741,2,0,20,0,35,,1728,2,0,20,0,76,,1738,2,0,20,0,75,,1729,2,0,20,0,35,,1742,2,0,20,0,75,,1730,2,0,20,0,110,,1731,2,0,20,0,110,,1732,2,0,20,0,110,,1733,2,0,20,0,75,,1739,2,0,20,0,36,,1734,2,0,20,0,79,,1740,2,0,20,0,77,,1735,2,0,20,0,37,,1743,2,0,20,0,77,,1736,2,0,20,0,109,,1737,2,0,20,0
160900100,'EventOn',1543,,4946,5,,,0
160900100,'KerOffPriveOff',1543,,4947,5,,,0
