1600,'CsRoyOff',717,,3122,20,,,0,110,,3123,20,,,0,110,,3124,20,,,0,110,,3125,20,,,0,110,,3126,20,,,0,150,,3127,20,,,0,110,,3128,20,,,0,116,,3129,20,,,0,114,,3130,20,,,0,110,,3131,20,,,0,150,,3132,20,,,0,100,,3133,20,,,0,106,,3134,20,,,0,104,,3135,20,,,0,106,,3136,20,,,0,102,,3137,20,,,0
1600,'CsRoyOffKerOff',717,,3138,20,,,0,110,,3139,20,,,0,110,,3140,20,,,0,110,,3141,20,,,0,110,,3142,20,,,0,150,,3143,20,,,0,110,,3144,20,,,0,116,,3145,20,,,0,114,,3146,20,,,0,110,,3147,20,,,0,150,,3148,20,,,0,100,,3149,20,,,0,106,,3150,20,,,0,104,,3151,20,,,0,106,,3152,20,,,0,102,,3153,20,,,0
1600,'Dimanche',933,,3155,20,,,0,105,,3156,20,,,0,105,,3157,20,,,0,105,,3158,20,,,0,104,,3159,20,,,0,105,,3160,20,,,0,145,,3161,20,,,0,105,,3154,20,,,0,105,,3162,20,,,0,105,,3163,20,,,0
1600,'EventOff',717,,3164,20,,,0,110,,3165,20,,,0,110,,3166,20,,,0,110,,3167,20,,,0,110,,3168,20,,,0,150,,3169,20,,,0,110,,3170,20,,,0,116,,3171,20,,,0,114,,3172,20,,,0,110,,3173,20,,,0,150,,3174,20,,,0,100,,3175,20,,,0,106,,3176,20,,,0,104,,3177,20,,,0,106,,3178,20,,,0,102,,3179,20,,,0
1600,'EventOn',717,,3180,20,,,0,110,,3181,20,,,0,110,,3182,20,,,0,110,,3183,20,,,0,110,,3184,20,,,0,150,,3185,20,,,0,110,,3186,20,,,0,116,,3187,20,,,0,114,,3188,20,,,0,110,,3189,20,,,0,150,,3190,20,,,0,100,,3191,20,,,0,106,,3192,20,,,0,104,,3193,20,,,0,106,,3194,20,,,0,102,,3195,20,,,0
1600,'KerOffPriveOff',717,,3196,20,,,0,110,,3197,20,,,0,110,,3198,20,,,0,110,,3199,20,,,0,110,,3200,20,,,0,150,,3201,20,,,0,110,,3202,20,,,0,116,,3203,20,,,0,114,,3204,20,,,0,110,,3205,20,,,0,150,,3206,20,,,0,100,,3207,20,,,0,106,,3208,20,,,0,104,,3209,20,,,0,106,,3210,20,,,0,102,,3211,20,,,0
1600,'Samedi',702,,3227,20,,,0,105,,3228,20,,,0,105,,3212,20,,,0,105,,3213,20,,,0,105,,3214,20,,,0,105,,3215,20,,,0,105,,3216,20,,,0,105,,3217,20,,,0,105,,3218,20,,,0,105,,3219,20,,,0,105,,3221,20,,,0,105,,3222,20,,,0,145,,3223,20,,,0,105,,3224,20,,,0,105,,3225,20,,,0,105,,3226,20,,,0,105,,3220,20,,,0
111800200,'CsRoyOff',1614,,4924,4,,,0
111800200,'EventOn',1614,,4925,4,,,0
19200100000,'CsRoyOff',717,,4998,6,,,0
19200100000,'CsRoyOffKerOff',717,,4999,6,,,0
19200100000,'EventOn',717,,5000,6,,,0
19200100000,'KerOffPriveOff',717,,5001,6,,,0
