1301,'CsRoyOff',624,,2899,23,,,0,80,,2905,23,,,0,33,,2894,23,,,0,81,,2910,23,,,0,33,,2900,23,,,0,74,,2906,23,,,0,34,,2895,23,,,0,75,,2911,23,,,0,78,,2901,23,,,0,34,,2907,23,,,0,75,,2896,23,,,0,35,,2912,23,,,0,74,,2902,23,,,0,75,,2908,23,,,0,38,,2897,23,,,0,79,,2913,23,,,0,26,,2920,25,0,7 8,0,11,,2903,23,,,0,78,,2909,23,,,0,77,,2898,23,,,0,35,,2914,23,,,0,74,,2904,23,,,0,107,,2915,23,,,0,104,,2919,23,,,0,105,,2918,23,,,0,105,,2917,23,,,0,105,,2916,23,,,0
1301,'CsRoyOffKerOff',624,,2926,23,,,0,80,,2932,23,,,0,33,,2921,23,,,0,81,,2937,23,,,0,33,,2927,23,,,0,74,,2933,23,,,0,34,,2922,23,,,0,75,,2938,23,,,0,78,,2928,23,,,0,34,,2934,23,,,0,75,,2923,23,,,0,35,,2939,23,,,0,74,,2929,23,,,0,75,,2935,23,,,0,38,,2924,23,,,0,79,,2940,23,,,0,37,,2930,23,,,0,78,,2936,23,,,0,77,,2925,23,,,0,35,,2941,23,,,0,74,,2931,23,,,0,107,,2942,23,,,0,104,,2946,23,,,0,105,,2945,23,,,0,105,,2944,23,,,0,105,,2943,23,,,0
1301,'Dimanche',852,,2948,23,,,0,105,,2949,23,,,0,146,,2950,23,,,0,106,,2953,23,,,0,105,,2952,23,,,0,105,,2954,23,,,0,104,,2955,23,,,0,105,,2956,23,,,0,105,,2951,23,,,0,105,,2947,23,,,0
1301,'EventOff',624,,2962,23,,,0,80,,2968,23,,,0,33,,2957,23,,,0,81,,2973,23,,,0,33,,2963,23,,,0,74,,2969,23,,,0,34,,2958,23,,,0,75,,2974,23,,,0,78,,2964,23,,,0,34,,2970,23,,,0,75,,2959,23,,,0,35,,2975,23,,,0,74,,2965,23,,,0,75,,2971,23,,,0,38,,2960,23,,,0,79,,2976,23,,,0,37,,2966,23,,,0,78,,2972,23,,,0,77,,2961,23,,,0,35,,2977,23,,,0,74,,2967,23,,,0,107,,2978,23,,,0,104,,2982,23,,,0,105,,2981,23,,,0,105,,2980,23,,,0,105,,2979,23,,,0
1301,'EventOn',624,,2988,23,,,0,80,,2994,23,,,0,33,,2983,23,,,0,81,,2999,23,,,0,33,,2989,23,,,0,74,,2995,23,,,0,34,,2984,23,,,0,75,,3000,23,,,0,78,,2990,23,,,0,34,,2996,23,,,0,75,,2985,23,,,0,35,,3001,23,,,0,74,,2991,23,,,0,75,,2997,23,,,0,38,,2986,23,,,0,79,,3002,23,,,0,26,,3011,25,0,7 8,0,11,,2992,23,,,0,78,,2998,23,,,0,77,,2987,23,,,0,35,,3003,23,,,0,74,,2993,23,,,0,107,,3004,23,,,0,104,,3008,23,,,0,105,,3007,23,,,0,105,,3006,23,,,0,105,,3005,23,,,0
1301,'KerOffPriveOff',624,,3017,23,,,0,80,,3023,23,,,0,33,,3012,23,,,0,81,,3028,23,,,0,33,,3018,23,,,0,74,,3024,23,,,0,34,,3013,23,,,0,75,,3029,23,,,0,78,,3019,23,,,0,34,,3025,23,,,0,75,,3014,23,,,0,35,,3030,23,,,0,74,,3020,23,,,0,75,,3026,23,,,0,38,,3015,23,,,0,79,,3031,23,,,0,37,,3021,23,,,0,78,,3027,23,,,0,77,,3016,23,,,0,35,,3032,23,,,0,74,,3022,23,,,0,107,,3033,23,,,0,104,,3037,23,,,0,105,,3036,23,,,0,105,,3035,23,,,0,105,,3034,23,,,0
1301,'Samedi',624,,3040,23,,,0,103,,3049,23,,,0,105,,3041,23,,,0,106,,3050,23,,,0,107,,3042,23,,,0,105,,3051,23,,,0,105,,3043,23,,,0,145,,3052,23,,,0,105,,3044,23,,,0,105,,3053,23,,,0,105,,3045,23,,,0,104,,3054,23,,,0,104,,3046,23,,,0,105,,3055,23,,,0,104,,3047,23,,,0,105,,3056,23,,,0,105,,3048,23,,,0
1600,'CsRoyOff',703,,3122,5,,,0,109,,3123,5,,,0,112,,3124,5,,,0,110,,3125,5,,,0,110,,3126,5,,,0,110,,3127,5,,,0,149,,3128,5,,,0,115,,3129,5,,,0,114,,3130,5,,,0,111,,3131,5,,,0,111,,3132,5,,,0,100,,3133,5,,,0,146,,3134,5,,,0,104,,3135,5,,,0,106,,3136,5,,,0,102,,3137,5,,,0
1600,'CsRoyOffKerOff',703,,3138,5,,,0,109,,3139,5,,,0,112,,3140,5,,,0,110,,3141,5,,,0,110,,3142,5,,,0,110,,3143,5,,,0,149,,3144,5,,,0,115,,3145,5,,,0,114,,3146,5,,,0,111,,3147,5,,,0,111,,3148,5,,,0,100,,3149,5,,,0,146,,3150,5,,,0,104,,3151,5,,,0,106,,3152,5,,,0,102,,3153,5,,,0
1600,'Dimanche',919,,3155,5,,,0,105,,3156,5,,,0,105,,3157,5,,,0,105,,3158,5,,,0,104,,3159,5,,,0,105,,3160,5,,,0,105,,3161,5,,,0,105,,3154,5,,,0,105,,3162,5,,,0,145,,3163,5,,,0
1600,'EventOff',703,,3164,5,,,0,109,,3165,5,,,0,112,,3166,5,,,0,110,,3167,5,,,0,110,,3168,5,,,0,110,,3169,5,,,0,149,,3170,5,,,0,115,,3171,5,,,0,114,,3172,5,,,0,111,,3173,5,,,0,111,,3174,5,,,0,100,,3175,5,,,0,146,,3176,5,,,0,104,,3177,5,,,0,106,,3178,5,,,0,102,,3179,5,,,0
1600,'EventOn',703,,3180,5,,,0,109,,3181,5,,,0,112,,3182,5,,,0,110,,3183,5,,,0,110,,3184,5,,,0,110,,3185,5,,,0,149,,3186,5,,,0,115,,3187,5,,,0,114,,3188,5,,,0,111,,3189,5,,,0,111,,3190,5,,,0,100,,3191,5,,,0,146,,3192,5,,,0,104,,3193,5,,,0,106,,3194,5,,,0,102,,3195,5,,,0
1600,'KerOffPriveOff',703,,3196,5,,,0,109,,3197,5,,,0,112,,3198,5,,,0,110,,3199,5,,,0,110,,3200,5,,,0,110,,3201,5,,,0,149,,3202,5,,,0,115,,3203,5,,,0,114,,3204,5,,,0,111,,3205,5,,,0,111,,3206,5,,,0,100,,3207,5,,,0,146,,3208,5,,,0,104,,3209,5,,,0,106,,3210,5,,,0,102,,3211,5,,,0
1600,'Samedi',648,,3227,5,,,0,105,,3228,5,,,0,105,,3212,5,,,0,145,,3213,5,,,0,105,,3214,5,,,0,105,,3215,5,,,0,105,,3216,5,,,0,105,,3217,5,,,0,105,,3218,5,,,0,105,,3219,5,,,0,105,,3221,5,,,0,105,,3222,5,,,0,105,,3223,5,,,0,105,,3224,5,,,0,105,,3225,5,,,0,145,,3226,5,,,0,105,,3220,5,,,0
2500,'CsRoyOff',628,,3548,16,,,0,75,,3546,16,,,0,40,,3549,16,,,0,69,,3574,7,0,6,0,6,,3547,16,,,0,36,,3550,16,,,0,74,,3551,16,,,0,75,,3552,16,,,0,35,,3553,16,,,0,75,,3554,16,,,0,35,,3555,16,,,0,75,,3556,16,,,0,35,,3557,16,,,0,75,,3558,16,,,0,75,,3559,16,,,0,35,,3560,16,,,0,81,,3561,16,,,0,78,,3562,16,,,0,36,,3563,16,,,0,75,,3564,16,,,0,35,,3565,16,,,0,75,,3566,16,,,0,35,,3567,16,,,0,145,,3568,16,,,0,105,,3569,16,,,0,105,,3570,16,,,0,105,,3571,16,,,0,105,,3572,16,,,0
2500,'CsRoyOffKerOff',628,,3579,16,,,0,75,,3577,16,,,0,40,,3580,16,,,0,75,,3578,16,,,0,36,,3581,16,,,0,74,,3582,16,,,0,75,,3583,16,,,0,35,,3584,16,,,0,75,,3585,16,,,0,35,,3586,16,,,0,75,,3587,16,,,0,35,,3588,16,,,0,75,,3589,16,,,0,75,,3590,16,,,0,35,,3591,16,,,0,81,,3592,16,,,0,78,,3593,16,,,0,36,,3594,16,,,0,75,,3595,16,,,0,35,,3596,16,,,0,75,,3597,16,,,0,35,,3598,16,,,0,145,,3599,16,,,0,105,,3600,16,,,0,105,,3601,16,,,0,105,,3602,16,,,0,105,,3603,16,,,0
2500,'Dimanche',928,,3610,16,,,0,105,,3611,16,,,0,105,,3612,16,,,0,105,,3613,16,,,0,105,,3614,16,,,0,105,,3615,16,,,0,105,,3616,16,,,0,145,,3608,16,,,0,105,,3609,16,,,0,105,,3607,16,,,0
2500,'EventOff',628,,3620,16,,,0,75,,3618,16,,,0,40,,3621,16,,,0,75,,3619,16,,,0,36,,3622,16,,,0,74,,3623,16,,,0,75,,3624,16,,,0,35,,3625,16,,,0,75,,3626,16,,,0,35,,3627,16,,,0,75,,3628,16,,,0,35,,3629,16,,,0,75,,3630,16,,,0,75,,3631,16,,,0,35,,3632,16,,,0,81,,3633,16,,,0,78,,3634,16,,,0,36,,3635,16,,,0,75,,3636,16,,,0,35,,3637,16,,,0,75,,3638,16,,,0,35,,3639,16,,,0,145,,3640,16,,,0,105,,3641,16,,,0,105,,3642,16,,,0,105,,3643,16,,,0,105,,3644,16,,,0
2500,'EventOn',628,,3648,16,,,0,75,,3646,16,,,0,40,,3649,16,,,0,69,,3675,7,0,6,0,6,,3647,16,,,0,36,,3650,16,,,0,74,,3651,16,,,0,75,,3652,16,,,0,35,,3653,16,,,0,75,,3654,16,,,0,35,,3655,16,,,0,75,,3656,16,,,0,35,,3657,16,,,0,75,,3658,16,,,0,75,,3659,16,,,0,35,,3660,16,,,0,81,,3661,16,,,0,26,,3678,7,,,0,52,,3662,16,,,0,36,,3663,16,,,0,75,,3664,16,,,0,35,,3665,16,,,0,75,,3666,16,,,0,35,,3667,16,,,0,145,,3668,16,,,0,105,,3669,16,,,0,105,,3670,16,,,0,105,,3671,16,,,0,105,,3672,16,,,0
2500,'KerOffPriveOff',628,,3683,16,,,0,75,,3681,16,,,0,40,,3684,16,,,0,75,,3682,16,,,0,36,,3685,16,,,0,74,,3686,16,,,0,75,,3687,16,,,0,35,,3688,16,,,0,75,,3689,16,,,0,35,,3690,16,,,0,75,,3691,16,,,0,35,,3692,16,,,0,75,,3693,16,,,0,75,,3694,16,,,0,35,,3695,16,,,0,81,,3696,16,,,0,26,,3711,7,,,0,52,,3697,16,,,0,36,,3698,16,,,0,75,,3699,16,,,0,35,,3700,16,,,0,75,,3701,16,,,0,35,,3702,16,,,0,145,,3703,16,,,0,105,,3704,16,,,0,105,,3705,16,,,0,105,,3706,16,,,0,105,,3707,16,,,0
2500,'Samedi',658,,3713,16,,,0,145,,3719,16,,,0,105,,3726,16,,,0,105,,3714,16,,,0,105,,3720,16,,,0,105,,3727,16,,,0,105,,3715,16,,,0,105,,3721,16,,,0,105,,3728,16,,,0,105,,3716,16,,,0,105,,3722,16,,,0,105,,3729,16,,,0,105,,3717,16,,,0,145,,3723,16,,,0,105,,3730,16,,,0,105,,3718,16,,,0,105,,3724,16,,,0
