901,'CsRoyOff',617,,1744,17,,,0,24,,1758,17,,,0,70,,1762,23,0,5,0,6,,1745,17,,,0,1,,1763,23,0,6,0,39,,1757,17,,,0,74,,1746,17,,,0,76,,1759,17,,,0,35,,1747,17,,,0,110,,1748,17,,,0,151,,1749,17,,,0,109,,1750,17,,,0,111,,1751,17,,,0,35,,1756,17,,,0,76,,1752,17,,,0,79,,1755,17,,,0,37,,1753,17,,,0,77,,1760,17,,,0,76,,1754,17,,,0,110,,1761,17,,,0
901,'CsRoyOffKerOff',617,,1764,17,,,0,24,,1778,17,,,0,70,,1782,23,0,5,0,6,,1765,17,,,0,40,,1777,17,,,0,74,,1766,17,,,0,76,,1779,17,,,0,35,,1767,17,,,0,110,,1768,17,,,0,151,,1769,17,,,0,109,,1770,17,,,0,111,,1771,17,,,0,35,,1776,17,,,0,76,,1772,17,,,0,79,,1775,17,,,0,37,,1773,17,,,0,77,,1780,17,,,0,76,,1774,17,,,0,110,,1781,17,,,0
901,'EventOff',617,,1783,17,,,0,24,,1797,17,,,0,76,,1784,17,,,0,40,,1796,17,,,0,74,,1785,17,,,0,76,,1798,17,,,0,35,,1786,17,,,0,110,,1787,17,,,0,151,,1788,17,,,0,109,,1789,17,,,0,111,,1790,17,,,0,35,,1795,17,,,0,76,,1791,17,,,0,79,,1794,17,,,0,37,,1792,17,,,0,77,,1799,17,,,0,76,,1793,17,,,0,110,,1800,17,,,0
901,'EventOn',617,,1801,17,,,0,24,,1815,17,,,0,70,,1819,23,0,5,0,6,,1802,17,,,0,1,,1820,23,0,6,0,39,,1814,17,,,0,74,,1803,17,,,0,76,,1816,17,,,0,35,,1804,17,,,0,110,,1805,17,,,0,151,,1806,17,,,0,109,,1807,17,,,0,111,,1808,17,,,0,35,,1813,17,,,0,76,,1809,17,,,0,79,,1812,17,,,0,37,,1810,17,,,0,77,,1817,17,,,0,76,,1811,17,,,0,110,,1818,17,,,0
901,'KerOffPriveOff',617,,1821,17,,,0,24,,1835,17,,,0,76,,1822,17,,,0,40,,1834,17,,,0,74,,1823,17,,,0,76,,1836,17,,,0,35,,1824,17,,,0,110,,1825,17,,,0,151,,1826,17,,,0,109,,1827,17,,,0,111,,1828,17,,,0,35,,1833,17,,,0,76,,1829,17,,,0,79,,1832,17,,,0,37,,1830,17,,,0,77,,1837,17,,,0,76,,1831,17,,,0,110,,1838,17,,,0
8901,'CsRoyOff',2018,,4880,17,,,0,105,,4879,17,,,0,105,,4878,17,,,0,105,,4877,17,,,0
8901,'CsRoyOffKerOff',2018,,4884,17,,,0,105,,4883,17,,,0,105,,4882,17,,,0,105,,4881,17,,,0
8901,'Dimanche',835,,4886,17,,,0,105,,4888,17,,,0,106,,4890,17,,,0,105,,4891,17,,,0,105,,4892,17,,,0,145,,4893,17,,,0,105,,4894,17,,,0,105,,4895,17,,,0,105,,4885,17,,,0,104,,4889,17,,,0,101,,4887,17,,,0
8901,'EventOff',2018,,4899,17,,,0,105,,4898,17,,,0,105,,4897,17,,,0,105,,4896,17,,,0
8901,'EventOn',2018,,4903,17,,,0,105,,4902,17,,,0,105,,4901,17,,,0,105,,4900,17,,,0
8901,'KerOffPriveOff',2018,,4907,17,,,0,105,,4906,17,,,0,105,,4905,17,,,0,105,,4904,17,,,0
8901,'Samedi',711,,4916,17,,,0,105,,4908,17,,,0,106,,4917,17,,,0,105,,4909,17,,,0,105,,4918,17,,,0,105,,4910,17,,,0,104,,4919,17,,,0,105,,4911,17,,,0,105,,4920,17,,,0,106,,4912,17,,,0,144,,4921,17,,,0,105,,4913,17,,,0,105,,4922,17,,,0,105,,4914,17,,,0,105,,4923,17,,,0,105,,4915,17,,,0
