1301,'CsRoyOff',629,,2899,30,,,0,80,,2905,30,,,0,33,,2894,30,,,0,80,,2910,30,,,0,34,,2900,30,,,0,74,,2906,30,,,0,74,,2895,30,,,0,35,,2911,30,,,0,77,,2901,30,,,0,34,,2907,30,,,0,75,,2896,30,,,0,75,,2912,30,,,0,34,,2902,30,,,0,75,,2908,30,,,0,38,,2897,30,,,0,80,,2913,30,,,0,25,,2920,32,0,7 8,0,52,,2903,30,,,0,37,,2909,30,,,0,77,,2898,30,,,0,35,,2914,30,,,0,74,,2904,30,,,0,107,,2915,30,,,0,104,,2919,30,,,0,105,,2918,30,,,0,105,,2917,30,,,0,105,,2916,30,,,0
1301,'CsRoyOffKerOff',629,,2926,30,,,0,80,,2932,30,,,0,33,,2921,30,,,0,80,,2937,30,,,0,34,,2927,30,,,0,74,,2933,30,,,0,74,,2922,30,,,0,35,,2938,30,,,0,77,,2928,30,,,0,34,,2934,30,,,0,75,,2923,30,,,0,75,,2939,30,,,0,34,,2929,30,,,0,75,,2935,30,,,0,38,,2924,30,,,0,80,,2940,30,,,0,77,,2930,30,,,0,37,,2936,30,,,0,77,,2925,30,,,0,35,,2941,30,,,0,74,,2931,30,,,0,107,,2942,30,,,0,104,,2946,30,,,0,105,,2945,30,,,0,105,,2944,30,,,0,105,,2943,30,,,0
1301,'Dimanche',856,,2948,30,,,0,145,,2949,30,,,0,106,,2950,30,,,0,106,,2953,30,,,0,105,,2952,30,,,0,105,,2954,30,,,0,104,,2955,30,,,0,105,,2956,30,,,0,105,,2951,30,,,0,105,,2947,30,,,0
1301,'EventOff',629,,2962,30,,,0,80,,2968,30,,,0,33,,2957,30,,,0,80,,2973,30,,,0,34,,2963,30,,,0,74,,2969,30,,,0,74,,2958,30,,,0,35,,2974,30,,,0,77,,2964,30,,,0,34,,2970,30,,,0,75,,2959,30,,,0,75,,2975,30,,,0,34,,2965,30,,,0,75,,2971,30,,,0,38,,2960,30,,,0,80,,2976,30,,,0,77,,2966,30,,,0,37,,2972,30,,,0,77,,2961,30,,,0,35,,2977,30,,,0,74,,2967,30,,,0,107,,2978,30,,,0,104,,2982,30,,,0,105,,2981,30,,,0,105,,2980,30,,,0,105,,2979,30,,,0
1301,'EventOn',629,,2988,30,,,0,80,,2994,30,,,0,33,,2983,30,,,0,80,,2999,30,,,0,34,,2989,30,,,0,74,,2995,30,,,0,74,,2984,30,,,0,35,,3000,30,,,0,77,,2990,30,,,0,34,,2996,30,,,0,75,,2985,30,,,0,75,,3001,30,,,0,34,,2991,30,,,0,75,,2997,30,,,0,38,,2986,30,,,0,80,,3002,30,,,0,25,,3011,32,0,7 8,0,52,,2992,30,,,0,37,,2998,30,,,0,77,,2987,30,,,0,35,,3003,30,,,0,74,,2993,30,,,0,107,,3004,30,,,0,104,,3008,30,,,0,105,,3007,30,,,0,105,,3006,30,,,0,105,,3005,30,,,0
1301,'KerOffPriveOff',629,,3017,30,,,0,80,,3023,30,,,0,33,,3012,30,,,0,80,,3028,30,,,0,34,,3018,30,,,0,74,,3024,30,,,0,74,,3013,30,,,0,35,,3029,30,,,0,77,,3019,30,,,0,34,,3025,30,,,0,75,,3014,30,,,0,75,,3030,30,,,0,34,,3020,30,,,0,75,,3026,30,,,0,38,,3015,30,,,0,80,,3031,30,,,0,77,,3021,30,,,0,37,,3027,30,,,0,77,,3016,30,,,0,35,,3032,30,,,0,74,,3022,30,,,0,107,,3033,30,,,0,104,,3037,30,,,0,105,,3036,30,,,0,105,,3035,30,,,0,105,,3034,30,,,0
1301,'Samedi',628,,3040,30,,,0,103,,3049,30,,,0,105,,3041,30,,,0,106,,3050,30,,,0,107,,3042,30,,,0,105,,3051,30,,,0,105,,3043,30,,,0,145,,3052,30,,,0,105,,3044,30,,,0,105,,3053,30,,,0,105,,3045,30,,,0,104,,3054,30,,,0,104,,3046,30,,,0,105,,3055,30,,,0,104,,3047,30,,,0,105,,3056,30,,,0,105,,3048,30,,,0
1401,'CsRoyOff',714,,3096,21,,,0,100,,3097,21,,,0,100,,3095,21,,,0,687,,3094,27,,,0,100,,3093,27,,,0,99,,3092,27,,,0
1401,'CsRoyOffKerOff',714,,3102,21,,,0,100,,3103,21,,,0,100,,3101,21,,,0,687,,3100,27,,,0,100,,3099,27,,,0,99,,3098,27,,,0
1401,'EventOff',714,,3108,21,,,0,100,,3109,21,,,0,100,,3107,21,,,0,687,,3106,27,,,0,100,,3105,27,,,0,99,,3104,27,,,0
1401,'EventOn',714,,3114,21,,,0,100,,3115,21,,,0,100,,3113,21,,,0,687,,3112,27,,,0,100,,3111,27,,,0,99,,3110,27,,,0
1401,'KerOffPriveOff',714,,3120,21,,,0,100,,3121,21,,,0,100,,3119,21,,,0,687,,3118,27,,,0,100,,3117,27,,,0,99,,3116,27,,,0
