1300,'CsRoyOff',629,,2737,20,,,0,75,,2726,20,,,0,43,,2743,20,,,0,74,,2732,20,,,0,34,,2738,20,,,0,74,,2727,20,,,0,75,,2744,20,,,0,35,,2733,20,,,0,76,,2739,20,,,0,35,,2728,20,,,0,75,,2745,20,,,0,34,,2734,20,,,0,75,,2740,20,,,0,75,,2729,20,,,0,35,,2746,20,,,0,80,,2735,20,,,0,78,,2741,20,,,0,37,,2730,20,,,0,75,,2747,20,,,0,34,,2736,20,,,0,75,,2742,20,,,0,35,,2731,20,,,0,145,,2752,20,,,0,105,,2751,20,,,0,105,,2750,20,,,0,105,,2749,20,,,0,105,,2748,20,,,0
1300,'CsRoyOffKerOff',629,,2764,20,,,0,75,,2753,20,,,0,43,,2770,20,,,0,74,,2759,20,,,0,34,,2765,20,,,0,74,,2754,20,,,0,75,,2771,20,,,0,35,,2760,20,,,0,76,,2766,20,,,0,35,,2755,20,,,0,75,,2772,20,,,0,34,,2761,20,,,0,75,,2767,20,,,0,75,,2756,20,,,0,35,,2773,20,,,0,80,,2762,20,,,0,78,,2768,20,,,0,37,,2757,20,,,0,75,,2774,20,,,0,34,,2763,20,,,0,75,,2769,20,,,0,35,,2758,20,,,0,145,,2779,20,,,0,105,,2778,20,,,0,105,,2777,20,,,0,105,,2776,20,,,0,105,,2775,20,,,0
1300,'Dimanche',928,,2783,20,,,0,105,,2784,20,,,0,105,,2785,20,,,0,105,,2786,20,,,0,105,,2787,20,,,0,105,,2788,20,,,0,105,,2789,20,,,0,145,,2782,20,,,0,105,,2780,20,,,0,105,,2781,20,,,0
1300,'EventOff',629,,2801,20,,,0,75,,2790,20,,,0,43,,2807,20,,,0,74,,2796,20,,,0,34,,2802,20,,,0,74,,2791,20,,,0,75,,2808,20,,,0,35,,2797,20,,,0,76,,2803,20,,,0,35,,2792,20,,,0,75,,2809,20,,,0,34,,2798,20,,,0,75,,2804,20,,,0,75,,2793,20,,,0,35,,2810,20,,,0,80,,2799,20,,,0,78,,2805,20,,,0,37,,2794,20,,,0,75,,2811,20,,,0,34,,2800,20,,,0,75,,2806,20,,,0,35,,2795,20,,,0,145,,2816,20,,,0,105,,2815,20,,,0,105,,2814,20,,,0,105,,2813,20,,,0,105,,2812,20,,,0
1300,'EventOn',629,,2828,20,,,0,75,,2817,20,,,0,43,,2834,20,,,0,74,,2823,20,,,0,34,,2829,20,,,0,74,,2818,20,,,0,75,,2835,20,,,0,35,,2824,20,,,0,76,,2830,20,,,0,35,,2819,20,,,0,75,,2836,20,,,0,34,,2825,20,,,0,75,,2831,20,,,0,75,,2820,20,,,0,35,,2837,20,,,0,80,,2826,20,,,0,78,,2832,20,,,0,12,,2846,20,,,0,25,,2821,20,,,0,75,,2838,20,,,0,34,,2827,20,,,0,75,,2833,20,,,0,35,,2822,20,,,0,145,,2843,20,,,0,105,,2842,20,,,0,105,,2841,20,,,0,105,,2840,20,,,0,105,,2839,20,,,0
1300,'KerOffPriveOff',629,,2858,20,,,0,75,,2847,20,,,0,43,,2864,20,,,0,74,,2853,20,,,0,34,,2859,20,,,0,74,,2848,20,,,0,75,,2865,20,,,0,35,,2854,20,,,0,76,,2860,20,,,0,35,,2849,20,,,0,75,,2866,20,,,0,34,,2855,20,,,0,75,,2861,20,,,0,75,,2850,20,,,0,35,,2867,20,,,0,80,,2856,20,,,0,78,,2862,20,,,0,12,,2876,20,,,0,25,,2851,20,,,0,75,,2868,20,,,0,34,,2857,20,,,0,75,,2863,20,,,0,35,,2852,20,,,0,145,,2873,20,,,0,105,,2872,20,,,0,105,,2871,20,,,0,105,,2870,20,,,0,105,,2869,20,,,0
1300,'Samedi',658,,2885,20,,,0,145,,2877,20,,,0,105,,2886,20,,,0,106,,2878,20,,,0,105,,2887,20,,,0,105,,2879,20,,,0,105,,2888,20,,,0,105,,2880,20,,,0,105,,2889,20,,,0,105,,2881,20,,,0,105,,2890,20,,,0,105,,2882,20,,,0,105,,2891,20,,,0,145,,2883,20,,,0,105,,2892,20,,,0,105,,2884,20,,,0,104,,2893,20,,,0
1400,'CsRoyOff',632,,3062,4,,,0,70,,3063,4,,,0,30,,3061,4,,,0,100,,3060,4,,,0,685,,3059,4,,,0,100,,3057,4,,,0,100,,3058,4,,,0
1400,'CsRoyOffKerOff',632,,3069,4,,,0,70,,3070,4,,,0,30,,3068,4,,,0,100,,3067,4,,,0,685,,3066,4,,,0,100,,3064,4,,,0,100,,3065,4,,,0
1400,'EventOff',632,,3076,4,,,0,70,,3077,4,,,0,30,,3075,4,,,0,100,,3074,4,,,0,685,,3073,4,,,0,100,,3071,4,,,0,100,,3072,4,,,0
1400,'EventOn',632,,3083,4,,,0,70,,3084,4,,,0,30,,3082,4,,,0,100,,3081,4,,,0,685,,3080,4,,,0,100,,3078,4,,,0,100,,3079,4,,,0
1400,'KerOffPriveOff',632,,3090,4,,,0,70,,3091,4,,,0,30,,3089,4,,,0,100,,3088,4,,,0,685,,3087,4,,,0,100,,3085,4,,,0,100,,3086,4,,,0
