200,'CsRoyOff',617,,17,2,,,0,35,,6,2,,,0,80,,12,2,,,0,75,,1,2,,,0,36,,18,2,,,0,74,,7,2,,,0,35,,13,2,,,0,75,,2,2,,,0,75,,19,2,,,0,35,,8,2,,,0,75,,14,2,,,0,35,,3,2,,,0,75,,20,2,,,0,35,,9,2,,,0,75,,15,2,,,0,80,,4,2,,,0,38,,21,2,,,0,77,,10,2,,,0,75,,16,2,,,0,35,,5,2,,,0,75,,22,2,,,0,35,,11,2,,,0,105,,27,2,,,0,105,,26,2,,,0,145,,25,2,,,0,105,,24,2,,,0,105,,23,2,,,0
200,'CsRoyOffKerOff',617,,44,2,,,0,35,,33,2,,,0,80,,39,2,,,0,75,,28,2,,,0,36,,45,2,,,0,74,,34,2,,,0,35,,40,2,,,0,75,,29,2,,,0,75,,46,2,,,0,35,,35,2,,,0,75,,41,2,,,0,35,,30,2,,,0,75,,47,2,,,0,35,,36,2,,,0,75,,42,2,,,0,80,,31,2,,,0,38,,48,2,,,0,77,,37,2,,,0,75,,43,2,,,0,35,,32,2,,,0,75,,49,2,,,0,35,,38,2,,,0,105,,54,2,,,0,105,,53,2,,,0,145,,52,2,,,0,105,,51,2,,,0,105,,50,2,,,0
200,'Dimanche',917,,58,2,,,0,105,,59,2,,,0,105,,60,2,,,0,105,,61,2,,,0,105,,62,2,,,0,105,,63,2,,,0,105,,64,2,,,0,105,,56,2,,,0,105,,55,2,,,0,145,,57,2,,,0
200,'EventOff',617,,81,2,,,0,35,,70,2,,,0,80,,76,2,,,0,75,,65,2,,,0,36,,82,2,,,0,74,,71,2,,,0,35,,77,2,,,0,75,,66,2,,,0,75,,83,2,,,0,35,,72,2,,,0,75,,78,2,,,0,35,,67,2,,,0,75,,84,2,,,0,35,,73,2,,,0,75,,79,2,,,0,80,,68,2,,,0,38,,85,2,,,0,77,,74,2,,,0,75,,80,2,,,0,35,,69,2,,,0,75,,86,2,,,0,35,,75,2,,,0,105,,91,2,,,0,105,,90,2,,,0,145,,89,2,,,0,105,,88,2,,,0,105,,87,2,,,0
200,'EventOn',617,,108,2,,,0,35,,97,2,,,0,80,,103,2,,,0,75,,92,2,,,0,36,,109,2,,,0,74,,98,2,,,0,35,,104,2,,,0,75,,93,2,,,0,75,,110,2,,,0,35,,99,2,,,0,75,,105,2,,,0,35,,94,2,,,0,75,,111,2,,,0,35,,100,2,,,0,75,,106,2,,,0,80,,95,2,,,0,38,,112,2,,,0,77,,101,2,,,0,75,,107,2,,,0,35,,96,2,,,0,75,,113,2,,,0,35,,102,2,,,0,105,,118,2,,,0,105,,117,2,,,0,145,,116,2,,,0,105,,115,2,,,0,105,,114,2,,,0
200,'KerOffPriveOff',617,,135,2,,,0,35,,124,2,,,0,80,,130,2,,,0,75,,119,2,,,0,36,,136,2,,,0,74,,125,2,,,0,35,,131,2,,,0,75,,120,2,,,0,75,,137,2,,,0,35,,126,2,,,0,75,,132,2,,,0,35,,121,2,,,0,75,,138,2,,,0,35,,127,2,,,0,75,,133,2,,,0,80,,122,2,,,0,38,,139,2,,,0,77,,128,2,,,0,75,,134,2,,,0,35,,123,2,,,0,75,,140,2,,,0,35,,129,2,,,0,105,,145,2,,,0,105,,144,2,,,0,145,,143,2,,,0,105,,142,2,,,0,105,,141,2,,,0
200,'Samedi',646,,146,2,,,0,105,,147,2,,,0,105,,148,2,,,0,146,,149,2,,,0,105,,150,2,,,0,105,,151,2,,,0,105,,152,2,,,0,105,,153,2,,,0,105,,154,2,,,0,105,,155,2,,,0,105,,156,2,,,0,105,,157,2,,,0,105,,158,2,,,0,105,,159,2,,,0,104,,160,2,,,0,145,,161,2,,,0,105,,162,2,,,0
500,'CsRoyOff',617,,654,2,,,0,35,,663,2,,,0,65,,681,2,,,0,15,,671,2,,,0,75,,668,2,,,0,36,,659,2,,,0,74,,655,2,,,0,35,,664,2,,,0,75,,672,2,,,0,75,,667,2,,,0,35,,660,2,,,0,75,,656,2,,,0,35,,665,2,,,0,75,,673,2,,,0,35,,670,2,,,0,75,,661,2,,,0,80,,657,2,,,0,38,,666,2,,,0,77,,674,2,,,0,75,,669,2,,,0,35,,662,2,,,0,75,,658,2,,,0,35,,680,2,,,0,105,,679,2,,,0,105,,678,2,,,0,145,,677,2,,,0,105,,676,2,,,0,105,,675,2,,,0
500,'CsRoyOffKerOff',617,,682,2,,,0,35,,691,2,,,0,65,,709,2,,,0,15,,699,2,,,0,75,,696,2,,,0,36,,687,2,,,0,74,,683,2,,,0,35,,692,2,,,0,75,,700,2,,,0,75,,695,2,,,0,35,,688,2,,,0,75,,684,2,,,0,35,,693,2,,,0,75,,701,2,,,0,35,,698,2,,,0,75,,689,2,,,0,80,,685,2,,,0,38,,694,2,,,0,77,,702,2,,,0,75,,697,2,,,0,35,,690,2,,,0,75,,686,2,,,0,35,,708,2,,,0,105,,707,2,,,0,105,,706,2,,,0,145,,705,2,,,0,105,,704,2,,,0,105,,703,2,,,0
500,'Dimanche',916,,712,2,,,0,105,,715,2,,,0,105,,714,2,,,0,105,,716,2,,,0,106,,717,2,,,0,105,,718,2,,,0,105,,719,2,,,0,105,,713,2,,,0,105,,710,2,,,0,144,,711,2,,,0
500,'EventOff',617,,720,2,,,0,35,,729,2,,,0,65,,747,2,,,0,15,,737,2,,,0,75,,734,2,,,0,36,,725,2,,,0,74,,721,2,,,0,35,,730,2,,,0,75,,738,2,,,0,75,,733,2,,,0,35,,726,2,,,0,75,,722,2,,,0,35,,731,2,,,0,75,,739,2,,,0,35,,736,2,,,0,75,,727,2,,,0,80,,723,2,,,0,38,,732,2,,,0,77,,740,2,,,0,75,,735,2,,,0,35,,728,2,,,0,75,,724,2,,,0,35,,746,2,,,0,105,,745,2,,,0,105,,744,2,,,0,145,,743,2,,,0,105,,742,2,,,0,105,,741,2,,,0
500,'EventOn',617,,748,2,,,0,35,,757,2,,,0,65,,775,2,,,0,15,,765,2,,,0,75,,762,2,,,0,36,,753,2,,,0,74,,749,2,,,0,35,,758,2,,,0,75,,766,2,,,0,75,,761,2,,,0,35,,754,2,,,0,75,,750,2,,,0,35,,759,2,,,0,75,,767,2,,,0,35,,764,2,,,0,75,,755,2,,,0,80,,751,2,,,0,38,,760,2,,,0,52,,776,2,,,0,25,,768,2,,,0,75,,763,2,,,0,35,,756,2,,,0,75,,752,2,,,0,35,,774,2,,,0,105,,773,2,,,0,105,,772,2,,,0,145,,771,2,,,0,105,,770,2,,,0,105,,769,2,,,0
500,'KerOffPriveOff',617,,777,2,,,0,35,,786,2,,,0,65,,804,2,,,0,15,,794,2,,,0,75,,791,2,,,0,36,,782,2,,,0,74,,778,2,,,0,35,,787,2,,,0,75,,795,2,,,0,75,,790,2,,,0,35,,783,2,,,0,75,,779,2,,,0,35,,788,2,,,0,75,,796,2,,,0,35,,793,2,,,0,75,,784,2,,,0,80,,780,2,,,0,38,,789,2,,,0,52,,805,2,,,0,25,,797,2,,,0,75,,792,2,,,0,35,,785,2,,,0,75,,781,2,,,0,35,,803,2,,,0,105,,802,2,,,0,105,,801,2,,,0,145,,800,2,,,0,105,,799,2,,,0,105,,798,2,,,0
500,'Samedi',646,,817,2,,,0,105,,806,2,,,0,105,,812,2,,,0,145,,818,2,,,0,105,,807,2,,,0,105,,813,2,,,0,106,,819,2,,,0,105,,808,2,,,0,105,,814,2,,,0,105,,820,2,,,0,105,,809,2,,,0,104,,815,2,,,0,105,,821,2,,,0,105,,810,2,,,0,105,,816,2,,,0,145,,822,2,,,0,105,,811,2,,,0
