501,'CsRoyOff',622,,840,3,,,0,79,,837,3,,,0,33,,827,3,,,0,77,,823,3,,,0,36,,833,3,,,0,76,,841,3,,,0,34,,831,3,,,0,75,,828,3,,,0,74,,824,3,,,0,35,,834,3,,,0,75,,842,3,,,0,35,,832,3,,,0,75,,829,3,,,0,75,,825,3,,,0,34,,835,3,,,0,76,,843,3,,,0,37,,839,3,,,0,78,,830,3,,,0,81,,826,3,,,0,35,,836,3,,,0,75,,844,3,,,0,35,,838,3,,,0,75,,849,3,,,0,97,,848,3,,,0,105,,847,3,,,0,105,,846,3,,,0,105,,845,3,,,0
501,'CsRoyOffKerOff',622,,868,3,,,0,79,,865,3,,,0,33,,855,3,,,0,77,,851,3,,,0,36,,861,3,,,0,76,,869,3,,,0,34,,859,3,,,0,75,,856,3,,,0,74,,852,3,,,0,35,,862,3,,,0,75,,870,3,,,0,35,,860,3,,,0,75,,857,3,,,0,75,,853,3,,,0,34,,863,3,,,0,76,,871,3,,,0,37,,867,3,,,0,78,,858,3,,,0,81,,854,3,,,0,35,,864,3,,,0,75,,872,3,,,0,35,,866,3,,,0,75,,877,3,,,0,97,,876,3,,,0,105,,875,3,,,0,105,,874,3,,,0,105,,873,3,,,0
501,'Dimanche',845,,882,3,,,0,105,,881,3,,,0,105,,883,3,,,0,145,,885,3,,,0,105,,884,3,,,0,106,,886,3,,,0,105,,887,3,,,0,105,,888,3,,,0,105,,879,3,,,0,105,,880,3,,,0
501,'EventOff',622,,906,3,,,0,79,,903,3,,,0,33,,893,3,,,0,77,,889,3,,,0,36,,899,3,,,0,76,,907,3,,,0,34,,897,3,,,0,75,,894,3,,,0,74,,890,3,,,0,35,,900,3,,,0,75,,908,3,,,0,35,,898,3,,,0,75,,895,3,,,0,75,,891,3,,,0,34,,901,3,,,0,76,,909,3,,,0,37,,905,3,,,0,78,,896,3,,,0,81,,892,3,,,0,35,,902,3,,,0,75,,910,3,,,0,35,,904,3,,,0,75,,915,3,,,0,97,,914,3,,,0,105,,913,3,,,0,105,,912,3,,,0,105,,911,3,,,0
501,'EventOn',622,,933,3,,,0,79,,930,3,,,0,33,,920,3,,,0,77,,916,3,,,0,36,,926,3,,,0,76,,934,3,,,0,34,,924,3,,,0,75,,921,3,,,0,74,,917,3,,,0,35,,927,3,,,0,75,,935,3,,,0,35,,925,3,,,0,75,,922,3,,,0,75,,918,3,,,0,34,,928,3,,,0,76,,936,3,,,0,37,,932,3,,,0,78,,923,3,,,0,81,,919,3,,,0,35,,929,3,,,0,75,,937,3,,,0,35,,931,3,,,0,75,,942,3,,,0,97,,941,3,,,0,105,,940,3,,,0,105,,939,3,,,0,105,,938,3,,,0
501,'KerOffPriveOff',622,,961,3,,,0,79,,958,3,,,0,33,,948,3,,,0,77,,944,3,,,0,36,,954,3,,,0,76,,962,3,,,0,34,,952,3,,,0,75,,949,3,,,0,74,,945,3,,,0,35,,955,3,,,0,75,,963,3,,,0,35,,953,3,,,0,75,,950,3,,,0,75,,946,3,,,0,34,,956,3,,,0,76,,964,3,,,0,37,,960,3,,,0,78,,951,3,,,0,81,,947,3,,,0,35,,957,3,,,0,75,,965,3,,,0,35,,959,3,,,0,75,,970,3,,,0,97,,969,3,,,0,105,,968,3,,,0,105,,967,3,,,0,105,,966,3,,,0
501,'Samedi',615,,971,3,,,0,105,,977,3,,,0,105,,983,3,,,0,105,,972,3,,,0,105,,978,3,,,0,105,,984,3,,,0,105,,973,3,,,0,106,,979,3,,,0,105,,985,3,,,0,145,,974,3,,,0,105,,980,3,,,0,105,,986,3,,,0,104,,975,3,,,0,105,,981,3,,,0,105,,987,3,,,0,105,,976,3,,,0,105,,982,3,,,0
1300,'CsRoyOff',636,,2737,31,,,0,75,,2726,31,,,0,44,,2743,31,,,0,74,,2732,31,,,0,74,,2738,31,,,0,34,,2727,31,,,0,75,,2744,31,,,0,35,,2733,31,,,0,76,,2739,31,,,0,35,,2728,31,,,0,75,,2745,31,,,0,74,,2734,31,,,0,35,,2740,31,,,0,75,,2729,31,,,0,35,,2746,31,,,0,80,,2735,31,,,0,78,,2741,31,,,0,37,,2730,31,,,0,75,,2747,31,,,0,34,,2736,31,,,0,75,,2742,31,,,0,75,,2731,31,,,0,105,,2752,31,,,0,104,,2751,31,,,0,105,,2750,31,,,0,105,,2749,31,,,0,105,,2748,31,,,0
1300,'CsRoyOffKerOff',636,,2764,31,,,0,75,,2753,31,,,0,44,,2770,31,,,0,74,,2759,31,,,0,74,,2765,31,,,0,34,,2754,31,,,0,75,,2771,31,,,0,35,,2760,31,,,0,76,,2766,31,,,0,35,,2755,31,,,0,75,,2772,31,,,0,74,,2761,31,,,0,35,,2767,31,,,0,75,,2756,31,,,0,35,,2773,31,,,0,80,,2762,31,,,0,78,,2768,31,,,0,37,,2757,31,,,0,75,,2774,31,,,0,34,,2763,31,,,0,75,,2769,31,,,0,75,,2758,31,,,0,105,,2779,31,,,0,104,,2778,31,,,0,105,,2777,31,,,0,105,,2776,31,,,0,105,,2775,31,,,0
1300,'Dimanche',935,,2783,31,,,0,105,,2784,31,,,0,106,,2785,31,,,0,105,,2786,31,,,0,105,,2787,31,,,0,145,,2788,31,,,0,105,,2789,31,,,0,105,,2782,31,,,0,105,,2780,31,,,0,104,,2781,31,,,0
1300,'EventOff',636,,2801,31,,,0,75,,2790,31,,,0,44,,2807,31,,,0,74,,2796,31,,,0,74,,2802,31,,,0,34,,2791,31,,,0,75,,2808,31,,,0,35,,2797,31,,,0,76,,2803,31,,,0,35,,2792,31,,,0,75,,2809,31,,,0,74,,2798,31,,,0,35,,2804,31,,,0,75,,2793,31,,,0,35,,2810,31,,,0,80,,2799,31,,,0,78,,2805,31,,,0,37,,2794,31,,,0,75,,2811,31,,,0,34,,2800,31,,,0,75,,2806,31,,,0,75,,2795,31,,,0,105,,2816,31,,,0,104,,2815,31,,,0,105,,2814,31,,,0,105,,2813,31,,,0,105,,2812,31,,,0
1300,'EventOn',636,,2828,31,,,0,75,,2817,31,,,0,44,,2834,31,,,0,74,,2823,31,,,0,74,,2829,31,,,0,34,,2818,31,,,0,75,,2835,31,,,0,35,,2824,31,,,0,76,,2830,31,,,0,35,,2819,31,,,0,75,,2836,31,,,0,74,,2825,31,,,0,35,,2831,31,,,0,75,,2820,31,,,0,35,,2837,31,,,0,80,,2826,31,,,0,78,,2832,31,,,0,12,,2846,31,,,0,25,,2821,31,,,0,75,,2838,31,,,0,34,,2827,31,,,0,75,,2833,31,,,0,75,,2822,31,,,0,105,,2843,31,,,0,104,,2842,31,,,0,105,,2841,31,,,0,105,,2840,31,,,0,105,,2839,31,,,0
1300,'KerOffPriveOff',636,,2858,31,,,0,75,,2847,31,,,0,44,,2864,31,,,0,74,,2853,31,,,0,74,,2859,31,,,0,34,,2848,31,,,0,75,,2865,31,,,0,35,,2854,31,,,0,76,,2860,31,,,0,35,,2849,31,,,0,75,,2866,31,,,0,74,,2855,31,,,0,35,,2861,31,,,0,75,,2850,31,,,0,35,,2867,31,,,0,80,,2856,31,,,0,78,,2862,31,,,0,12,,2876,31,,,0,25,,2851,31,,,0,75,,2868,31,,,0,34,,2857,31,,,0,75,,2863,31,,,0,75,,2852,31,,,0,105,,2873,31,,,0,104,,2872,31,,,0,105,,2871,31,,,0,105,,2870,31,,,0,105,,2869,31,,,0
1300,'Samedi',704,,2885,31,,,0,106,,2877,31,,,0,105,,2886,31,,,0,107,,2878,31,,,0,105,,2887,31,,,0,105,,2879,31,,,0,105,,2888,31,,,0,105,,2880,31,,,0,105,,2889,31,,,0,105,,2881,31,,,0,105,,2890,31,,,0,144,,2882,31,,,0,105,,2891,31,,,0,105,,2883,31,,,0,105,,2892,31,,,0,105,,2884,31,,,0,104,,2893,31,,,0
5000,'CsRoyOff',639,,4263,3,,,0,65,,4262,3,,,0,16,,4218,3,,,0,15,,4219,3,,,0,21,,4220,3,,,0,58,,4221,3,,,0,18,,4222,3,,,0,18,,4223,3,,,0,56,,4224,3,,,0,15,,4225,3,,,0,20,,4226,3,,,0,15,,4227,3,,,0,59,,4228,3,,,0,15,,4229,3,,,0,20,,4230,3,,,0,55,,4231,3,,,0,20,,4232,3,,,0,15,,4233,3,,,0,60,,4234,3,,,0,15,,4235,3,,,0,20,,4236,3,,,0,15,,4237,3,,,0,60,,4238,3,,,0,15,,4239,3,,,0,19,,4240,3,,,0,15,,4241,3,,,0,60,,4242,3,,,0,15,,4243,3,,,0,21,,4244,3,,,0,55,,4245,3,,,0,23,,4246,3,,,0,19,,4247,3,,,0,60,,4248,3,,,0,18,,4249,3,,,0,21,,4250,3,,,0,56,,4251,3,,,0,20,,4252,3,,,0,16,,4253,3,,,0,58,,4254,3,,,0,16,,4255,3,,,0,19,,4256,3,,,0,15,,4257,3,,,0,168,,4258,3,,,0,105,,4259,3,,,0,105,,4260,3,,,0,105,,4261,3,,,0
5000,'CsRoyOffKerOff',639,,4309,3,,,0,65,,4308,3,,,0,16,,4264,3,,,0,15,,4265,3,,,0,21,,4266,3,,,0,58,,4267,3,,,0,18,,4268,3,,,0,18,,4269,3,,,0,56,,4270,3,,,0,15,,4271,3,,,0,20,,4272,3,,,0,15,,4273,3,,,0,59,,4274,3,,,0,15,,4275,3,,,0,20,,4276,3,,,0,55,,4277,3,,,0,20,,4278,3,,,0,15,,4279,3,,,0,60,,4280,3,,,0,15,,4281,3,,,0,20,,4282,3,,,0,15,,4283,3,,,0,60,,4284,3,,,0,15,,4285,3,,,0,19,,4286,3,,,0,15,,4287,3,,,0,60,,4288,3,,,0,15,,4289,3,,,0,21,,4290,3,,,0,55,,4291,3,,,0,23,,4292,3,,,0,19,,4293,3,,,0,60,,4294,3,,,0,18,,4295,3,,,0,21,,4296,3,,,0,56,,4297,3,,,0,20,,4298,3,,,0,16,,4299,3,,,0,58,,4300,3,,,0,16,,4301,3,,,0,19,,4302,3,,,0,15,,4303,3,,,0,168,,4304,3,,,0,105,,4305,3,,,0,105,,4306,3,,,0,105,,4307,3,,,0
5000,'Dimanche',943,,4310,3,,,0,105,,4313,3,,,0,105,,4315,3,,,0,105,,4314,3,,,0,145,,4316,3,,,0,105,,4317,3,,,0,106,,4318,3,,,0,105,,4311,3,,,0,105,,4312,3,,,0
5000,'EventOff',639,,4364,3,,,0,65,,4363,3,,,0,16,,4319,3,,,0,15,,4320,3,,,0,21,,4321,3,,,0,58,,4322,3,,,0,18,,4323,3,,,0,18,,4324,3,,,0,56,,4325,3,,,0,15,,4326,3,,,0,20,,4327,3,,,0,15,,4328,3,,,0,59,,4329,3,,,0,15,,4330,3,,,0,20,,4331,3,,,0,55,,4332,3,,,0,20,,4333,3,,,0,15,,4334,3,,,0,60,,4335,3,,,0,15,,4336,3,,,0,20,,4337,3,,,0,15,,4338,3,,,0,60,,4339,3,,,0,15,,4340,3,,,0,19,,4341,3,,,0,15,,4342,3,,,0,60,,4343,3,,,0,15,,4344,3,,,0,21,,4345,3,,,0,55,,4346,3,,,0,23,,4347,3,,,0,19,,4348,3,,,0,60,,4349,3,,,0,18,,4350,3,,,0,21,,4351,3,,,0,56,,4352,3,,,0,20,,4353,3,,,0,16,,4354,3,,,0,58,,4355,3,,,0,16,,4356,3,,,0,19,,4357,3,,,0,15,,4358,3,,,0,168,,4359,3,,,0,105,,4360,3,,,0,105,,4361,3,,,0,105,,4362,3,,,0
5000,'EventOn',639,,4410,3,,,0,65,,4409,3,,,0,16,,4365,3,,,0,15,,4366,3,,,0,21,,4367,3,,,0,58,,4368,3,,,0,18,,4369,3,,,0,18,,4370,3,,,0,56,,4371,3,,,0,15,,4372,3,,,0,20,,4373,3,,,0,15,,4374,3,,,0,59,,4375,3,,,0,15,,4376,3,,,0,20,,4377,3,,,0,55,,4378,3,,,0,20,,4379,3,,,0,15,,4380,3,,,0,60,,4381,3,,,0,15,,4382,3,,,0,20,,4383,3,,,0,15,,4384,3,,,0,60,,4385,3,,,0,15,,4386,3,,,0,19,,4387,3,,,0,15,,4388,3,,,0,60,,4389,3,,,0,15,,4390,3,,,0,21,,4391,3,,,0,55,,4392,3,,,0,23,,4393,3,,,0,19,,4394,3,,,0,60,,4395,3,,,0,18,,4396,3,,,0,21,,4397,3,,,0,56,,4398,3,,,0,20,,4399,3,,,0,16,,4400,3,,,0,58,,4401,3,,,0,16,,4402,3,,,0,19,,4403,3,,,0,15,,4404,3,,,0,168,,4405,3,,,0,105,,4406,3,,,0,105,,4407,3,,,0,105,,4408,3,,,0
5000,'KerOffPriveOff',639,,4456,3,,,0,65,,4455,3,,,0,16,,4411,3,,,0,15,,4412,3,,,0,21,,4413,3,,,0,58,,4414,3,,,0,18,,4415,3,,,0,18,,4416,3,,,0,56,,4417,3,,,0,15,,4418,3,,,0,20,,4419,3,,,0,15,,4420,3,,,0,59,,4421,3,,,0,15,,4422,3,,,0,20,,4423,3,,,0,55,,4424,3,,,0,20,,4425,3,,,0,15,,4426,3,,,0,60,,4427,3,,,0,15,,4428,3,,,0,20,,4429,3,,,0,15,,4430,3,,,0,60,,4431,3,,,0,15,,4432,3,,,0,19,,4433,3,,,0,15,,4434,3,,,0,60,,4435,3,,,0,15,,4436,3,,,0,21,,4437,3,,,0,55,,4438,3,,,0,23,,4439,3,,,0,19,,4440,3,,,0,60,,4441,3,,,0,18,,4442,3,,,0,21,,4443,3,,,0,56,,4444,3,,,0,20,,4445,3,,,0,16,,4446,3,,,0,58,,4447,3,,,0,16,,4448,3,,,0,19,,4449,3,,,0,15,,4450,3,,,0,168,,4451,3,,,0,105,,4452,3,,,0,105,,4453,3,,,0,105,,4454,3,,,0
5000,'Samedi',713,,4464,3,,,0,106,,4463,3,,,0,104,,4462,3,,,0,105,,4461,3,,,0,105,,4469,3,,,0,105,,4468,3,,,0,105,,4467,3,,,0,105,,4466,3,,,0,106,,4465,3,,,0,105,,4472,3,,,0,145,,4470,3,,,0,105,,4471,3,,,0,105,,4457,3,,,0,105,,4458,3,,,0,105,,4459,3,,,0,105,,4460,3,,,0
