600,'CsRoyOff',639,,1003,9,,,0,80,,995,9,,,0,20,,1015,9,0,6,0,15,,988,9,,,0,75,,999,9,,,0,73,,1005,9,,,0,35,,994,9,,,0,75,,996,9,,,0,35,,989,9,,,0,75,,1000,9,,,0,35,,1006,9,,,0,75,,992,9,,,0,75,,997,9,,,0,35,,990,9,,,0,76,,1001,9,,,0,35,,1007,9,,,0,80,,1004,9,,,0,76,,998,9,,,0,39,,991,9,,,0,75,,1002,9,,,0,35,,1008,9,,,0,74,,993,9,,,0,109,,1010,9,,,0,99,,1013,9,,,0,105,,1012,9,,,0,107,,1011,9,,,0,103,,1009,9,,,0
600,'CsRoyOffKerOff',639,,1031,9,,,0,80,,1023,9,,,0,35,,1016,9,,,0,75,,1027,9,,,0,73,,1033,9,,,0,35,,1022,9,,,0,75,,1024,9,,,0,35,,1017,9,,,0,75,,1028,9,,,0,35,,1034,9,,,0,75,,1020,9,,,0,75,,1025,9,,,0,35,,1018,9,,,0,76,,1029,9,,,0,35,,1035,9,,,0,80,,1032,9,,,0,76,,1026,9,,,0,39,,1019,9,,,0,75,,1030,9,,,0,35,,1036,9,,,0,74,,1021,9,,,0,109,,1038,9,,,0,99,,1041,9,,,0,105,,1040,9,,,0,107,,1039,9,,,0,103,,1037,9,,,0
600,'Dimanche',859,,1044,9,,,0,145,,1047,9,,,0,106,,1046,9,,,0,106,,1048,9,,,0,105,,1049,9,,,0,105,,1050,9,,,0,105,,1051,9,,,0,105,,1052,9,,,0,105,,1043,9,,,0,104,,1045,9,,,0
600,'EventOff',639,,1068,9,,,0,80,,1060,9,,,0,35,,1053,9,,,0,75,,1064,9,,,0,73,,1070,9,,,0,35,,1059,9,,,0,75,,1061,9,,,0,35,,1054,9,,,0,75,,1065,9,,,0,35,,1071,9,,,0,75,,1057,9,,,0,75,,1062,9,,,0,35,,1055,9,,,0,76,,1066,9,,,0,35,,1072,9,,,0,80,,1069,9,,,0,76,,1063,9,,,0,39,,1056,9,,,0,75,,1067,9,,,0,35,,1073,9,,,0,74,,1058,9,,,0,109,,1075,9,,,0,99,,1078,9,,,0,105,,1077,9,,,0,107,,1076,9,,,0,103,,1074,9,,,0
600,'EventOn',639,,1095,9,,,0,80,,1087,9,,,0,20,,1107,9,0,6,0,15,,1080,9,,,0,75,,1091,9,,,0,73,,1097,9,,,0,35,,1086,9,,,0,75,,1088,9,,,0,35,,1081,9,,,0,75,,1092,9,,,0,35,,1098,9,,,0,75,,1084,9,,,0,75,,1089,9,,,0,35,,1082,9,,,0,76,,1093,9,,,0,35,,1099,9,,,0,80,,1096,9,,,0,76,,1090,9,,,0,39,,1083,9,,,0,75,,1094,9,,,0,35,,1100,9,,,0,74,,1085,9,,,0,109,,1102,9,,,0,99,,1105,9,,,0,105,,1104,9,,,0,107,,1103,9,,,0,103,,1101,9,,,0
600,'KerOffPriveOff',639,,1124,9,,,0,80,,1116,9,,,0,35,,1109,9,,,0,75,,1120,9,,,0,73,,1126,9,,,0,35,,1115,9,,,0,75,,1117,9,,,0,35,,1110,9,,,0,75,,1121,9,,,0,35,,1127,9,,,0,75,,1113,9,,,0,75,,1118,9,,,0,35,,1111,9,,,0,76,,1122,9,,,0,35,,1128,9,,,0,80,,1125,9,,,0,76,,1119,9,,,0,39,,1112,9,,,0,75,,1123,9,,,0,35,,1129,9,,,0,74,,1114,9,,,0,109,,1131,9,,,0,99,,1134,9,,,0,105,,1133,9,,,0,107,,1132,9,,,0,103,,1130,9,,,0
600,'Samedi',633,,1137,9,,,0,103,,1146,9,,,0,105,,1138,9,,,0,106,,1147,9,,,0,105,,1139,9,,,0,105,,1148,9,,,0,145,,1140,9,,,0,104,,1149,9,,,0,104,,1141,9,,,0,106,,1150,9,,,0,106,,1142,9,,,0,104,,1151,9,,,0,105,,1143,9,,,0,105,,1152,9,,,0,105,,1144,9,,,0,105,,1153,9,,,0,105,,1145,9,,,0
900,'CsRoyOff',646,,1654,8,0,20,0,79,,1668,8,0,20,0,75,,1655,8,0,20,0,36,,1665,8,0,20,0,75,,1656,8,0,20,0,35,,1669,8,0,20,0,75,,1657,8,0,20,0,110,,1658,8,0,20,0,110,,1659,8,0,20,0,111,,1660,8,0,20,0,75,,1666,8,0,20,0,76,,1661,8,0,20,0,39,,1667,8,0,20,0,77,,1662,8,0,20,0,37,,1670,8,0,20,0,76,,1663,8,0,20,0,108,,1664,8,0,20,0
900,'CsRoyOffKerOff',646,,1673,8,0,20,0,79,,1687,8,0,20,0,75,,1674,8,0,20,0,36,,1684,8,0,20,0,75,,1675,8,0,20,0,35,,1688,8,0,20,0,75,,1676,8,0,20,0,110,,1677,8,0,20,0,110,,1678,8,0,20,0,111,,1679,8,0,20,0,75,,1685,8,0,20,0,76,,1680,8,0,20,0,39,,1686,8,0,20,0,77,,1681,8,0,20,0,37,,1689,8,0,20,0,76,,1682,8,0,20,0,108,,1683,8,0,20,0
900,'EventOff',646,,1691,8,0,20,0,79,,1705,8,0,20,0,75,,1692,8,0,20,0,36,,1702,8,0,20,0,75,,1693,8,0,20,0,35,,1706,8,0,20,0,75,,1694,8,0,20,0,110,,1695,8,0,20,0,110,,1696,8,0,20,0,111,,1697,8,0,20,0,75,,1703,8,0,20,0,76,,1698,8,0,20,0,39,,1704,8,0,20,0,77,,1699,8,0,20,0,37,,1707,8,0,20,0,76,,1700,8,0,20,0,108,,1701,8,0,20,0
900,'EventOn',646,,1708,8,0,20,0,79,,1722,8,0,20,0,75,,1709,8,0,20,0,36,,1719,8,0,20,0,75,,1710,8,0,20,0,35,,1723,8,0,20,0,75,,1711,8,0,20,0,110,,1712,8,0,20,0,110,,1713,8,0,20,0,111,,1714,8,0,20,0,75,,1720,8,0,20,0,76,,1715,8,0,20,0,39,,1721,8,0,20,0,77,,1716,8,0,20,0,37,,1724,8,0,20,0,76,,1717,8,0,20,0,108,,1718,8,0,20,0
900,'KerOffPriveOff',646,,1727,8,0,20,0,79,,1741,8,0,20,0,75,,1728,8,0,20,0,36,,1738,8,0,20,0,75,,1729,8,0,20,0,35,,1742,8,0,20,0,75,,1730,8,0,20,0,110,,1731,8,0,20,0,110,,1732,8,0,20,0,111,,1733,8,0,20,0,75,,1739,8,0,20,0,76,,1734,8,0,20,0,39,,1740,8,0,20,0,77,,1735,8,0,20,0,37,,1743,8,0,20,0,76,,1736,8,0,20,0,108,,1737,8,0,20,0
8900,'CsRoyOff',1940,,4827,9,,,0,100,,4829,9,,,0,105,,4828,9,,,0,107,,4826,9,,,0,103,,4825,9,,,0
8900,'CsRoyOffKerOff',1940,,4832,9,,,0,100,,4834,9,,,0,105,,4833,9,,,0,107,,4831,9,,,0,103,,4830,9,,,0
8900,'Dimanche',859,,4836,9,,,0,145,,4838,9,,,0,106,,4839,9,,,0,105,,4840,9,,,0,105,,4842,9,,,0,105,,4841,9,,,0,105,,4843,9,,,0,105,,4844,9,,,0,105,,4835,9,,,0,104,,4837,9,,,0
8900,'EventOff',1940,,4847,9,,,0,100,,4849,9,,,0,105,,4848,9,,,0,107,,4846,9,,,0,103,,4845,9,,,0
8900,'EventOn',1940,,4852,9,,,0,100,,4854,9,,,0,105,,4853,9,,,0,107,,4851,9,,,0,103,,4850,9,,,0
8900,'KerOffPriveOff',1940,,4857,9,,,0,100,,4859,9,,,0,105,,4858,9,,,0,107,,4856,9,,,0,103,,4855,9,,,0
8900,'Samedi',632,,4876,9,,,0,103,,4860,9,,,0,105,,4868,9,,,0,106,,4861,9,,,0,105,,4869,9,,,0,105,,4862,9,,,0,145,,4870,9,,,0,104,,4863,9,,,0,104,,4871,9,,,0,106,,4864,9,,,0,106,,4872,9,,,0,104,,4865,9,,,0,105,,4873,9,,,0,105,,4866,9,,,0,105,,4874,9,,,0,105,,4867,9,,,0,105,,4875,9,,,0
111800401,'CsRoyOff',1609,,4934,14,,,0
111800401,'EventOn',1609,,4935,14,,,0
160900101,'EventOn',738,,4948,9,,,0
160900101,'KerOffPriveOff',738,,4949,9,,,0
