901,'CsRoyOff',610,,1744,5,,,0,24,,1758,5,,,0,68,,1762,6,0,5,0,5,,1763,6,0,6,0,3,,1745,5,,,0,40,,1757,5,,,0,74,,1746,5,,,0,76,,1759,5,,,0,35,,1747,5,,,0,110,,1748,5,,,0,111,,1749,5,,,0,149,,1750,5,,,0,111,,1751,5,,,0,35,,1756,5,,,0,76,,1752,5,,,0,79,,1755,5,,,0,37,,1753,5,,,0,77,,1760,5,,,0,36,,1754,5,,,0,150,,1761,5,,,0
901,'CsRoyOffKerOff',610,,1764,5,,,0,24,,1778,5,,,0,68,,1782,6,0,5,0,8,,1765,5,,,0,40,,1777,5,,,0,74,,1766,5,,,0,76,,1779,5,,,0,35,,1767,5,,,0,110,,1768,5,,,0,111,,1769,5,,,0,149,,1770,5,,,0,111,,1771,5,,,0,35,,1776,5,,,0,76,,1772,5,,,0,79,,1775,5,,,0,37,,1773,5,,,0,77,,1780,5,,,0,36,,1774,5,,,0,150,,1781,5,,,0
901,'EventOff',610,,1783,5,,,0,24,,1797,5,,,0,76,,1784,5,,,0,40,,1796,5,,,0,74,,1785,5,,,0,76,,1798,5,,,0,35,,1786,5,,,0,110,,1787,5,,,0,111,,1788,5,,,0,149,,1789,5,,,0,111,,1790,5,,,0,35,,1795,5,,,0,76,,1791,5,,,0,79,,1794,5,,,0,37,,1792,5,,,0,77,,1799,5,,,0,36,,1793,5,,,0,150,,1800,5,,,0
901,'EventOn',610,,1801,5,,,0,24,,1815,5,,,0,68,,1819,6,0,5,0,5,,1820,6,0,6,0,3,,1802,5,,,0,40,,1814,5,,,0,74,,1803,5,,,0,76,,1816,5,,,0,35,,1804,5,,,0,110,,1805,5,,,0,111,,1806,5,,,0,149,,1807,5,,,0,111,,1808,5,,,0,35,,1813,5,,,0,76,,1809,5,,,0,79,,1812,5,,,0,37,,1810,5,,,0,77,,1817,5,,,0,36,,1811,5,,,0,150,,1818,5,,,0
901,'KerOffPriveOff',610,,1821,5,,,0,24,,1835,5,,,0,76,,1822,5,,,0,40,,1834,5,,,0,74,,1823,5,,,0,76,,1836,5,,,0,35,,1824,5,,,0,110,,1825,5,,,0,111,,1826,5,,,0,149,,1827,5,,,0,111,,1828,5,,,0,35,,1833,5,,,0,76,,1829,5,,,0,79,,1832,5,,,0,37,,1830,5,,,0,77,,1837,5,,,0,36,,1831,5,,,0,150,,1838,5,,,0
8901,'CsRoyOff',2011,,4880,5,,,0,105,,4879,5,,,0,105,,4878,5,,,0,105,,4877,5,,,0
8901,'CsRoyOffKerOff',2011,,4884,5,,,0,105,,4883,5,,,0,105,,4882,5,,,0,105,,4881,5,,,0
8901,'Dimanche',828,,4886,5,,,0,105,,4888,5,,,0,106,,4890,5,,,0,105,,4891,5,,,0,105,,4892,5,,,0,105,,4893,5,,,0,105,,4894,5,,,0,145,,4895,5,,,0,105,,4885,5,,,0,104,,4889,5,,,0,101,,4887,5,,,0
8901,'EventOff',2011,,4899,5,,,0,105,,4898,5,,,0,105,,4897,5,,,0,105,,4896,5,,,0
8901,'EventOn',2011,,4903,5,,,0,105,,4902,5,,,0,105,,4901,5,,,0,105,,4900,5,,,0
8901,'KerOffPriveOff',2011,,4907,5,,,0,105,,4906,5,,,0,105,,4905,5,,,0,105,,4904,5,,,0
8901,'Samedi',704,,4916,5,,,0,105,,4908,5,,,0,106,,4917,5,,,0,105,,4909,5,,,0,105,,4918,5,,,0,105,,4910,5,,,0,104,,4919,5,,,0,105,,4911,5,,,0,105,,4920,5,,,0,106,,4912,5,,,0,104,,4921,5,,,0,105,,4913,5,,,0,145,,4922,5,,,0,105,,4914,5,,,0,105,,4923,5,,,0,105,,4915,5,,,0
