900,'CsRoyOff',700,,1654,37,0,20,0,40,,1668,37,0,20,0,75,,1655,37,0,20,0,36,,1665,37,0,20,0,75,,1656,37,0,20,0,75,,1669,37,0,20,0,35,,1657,37,0,20,0,111,,1658,37,0,20,0,110,,1659,37,0,20,0,151,,1660,37,0,20,0,35,,1666,37,0,20,0,76,,1661,37,0,20,0,39,,1667,37,0,20,0,70,,1672,33,0,5,0,2,,1671,36,,,0,5,,1662,37,0,20,0,77,,1670,37,0,20,0,36,,1663,37,0,20,0,107,,1664,37,0,20,0
900,'CsRoyOffKerOff',700,,1673,37,0,20,0,40,,1687,37,0,20,0,75,,1674,37,0,20,0,36,,1684,37,0,20,0,75,,1675,37,0,20,0,75,,1688,37,0,20,0,35,,1676,37,0,20,0,111,,1677,37,0,20,0,110,,1678,37,0,20,0,151,,1679,37,0,20,0,35,,1685,37,0,20,0,76,,1680,37,0,20,0,39,,1686,37,0,20,0,70,,1690,33,0,5,0,7,,1681,37,0,20,0,77,,1689,37,0,20,0,36,,1682,37,0,20,0,107,,1683,37,0,20,0
900,'EventOff',700,,1691,37,0,20,0,40,,1705,37,0,20,0,75,,1692,37,0,20,0,36,,1702,37,0,20,0,75,,1693,37,0,20,0,75,,1706,37,0,20,0,35,,1694,37,0,20,0,111,,1695,37,0,20,0,110,,1696,37,0,20,0,151,,1697,37,0,20,0,35,,1703,37,0,20,0,76,,1698,37,0,20,0,39,,1704,37,0,20,0,77,,1699,37,0,20,0,77,,1707,37,0,20,0,36,,1700,37,0,20,0,107,,1701,37,0,20,0
900,'EventOn',700,,1708,37,0,20,0,40,,1722,37,0,20,0,75,,1709,37,0,20,0,36,,1719,37,0,20,0,75,,1710,37,0,20,0,75,,1723,37,0,20,0,35,,1711,37,0,20,0,111,,1712,37,0,20,0,110,,1713,37,0,20,0,151,,1714,37,0,20,0,35,,1720,37,0,20,0,76,,1715,37,0,20,0,39,,1721,37,0,20,0,70,,1726,33,0,5,0,2,,1725,36,,,0,5,,1716,37,0,20,0,77,,1724,37,0,20,0,36,,1717,37,0,20,0,107,,1718,37,0,20,0
900,'KerOffPriveOff',700,,1727,37,0,20,0,40,,1741,37,0,20,0,75,,1728,37,0,20,0,36,,1738,37,0,20,0,75,,1729,37,0,20,0,75,,1742,37,0,20,0,35,,1730,37,0,20,0,111,,1731,37,0,20,0,110,,1732,37,0,20,0,151,,1733,37,0,20,0,35,,1739,37,0,20,0,76,,1734,37,0,20,0,39,,1740,37,0,20,0,77,,1735,37,0,20,0,77,,1743,37,0,20,0,36,,1736,37,0,20,0,107,,1737,37,0,20,0
8900,'CsRoyOff',1954,,4827,38,,,0,100,,4829,38,,,0,105,,4828,38,,,0,147,,4826,38,,,0,103,,4825,38,,,0
8900,'CsRoyOffKerOff',1954,,4832,38,,,0,100,,4834,38,,,0,105,,4833,38,,,0,147,,4831,38,,,0,103,,4830,38,,,0
8900,'Dimanche',914,,4836,38,,,0,105,,4838,38,,,0,107,,4839,38,,,0,105,,4840,38,,,0,105,,4842,38,,,0,105,,4841,38,,,0,105,,4843,38,,,0,105,,4844,38,,,0,104,,4835,38,,,0,104,,4837,38,,,0
8900,'EventOff',1954,,4847,38,,,0,100,,4849,38,,,0,105,,4848,38,,,0,147,,4846,38,,,0,103,,4845,38,,,0
8900,'EventOn',1954,,4852,38,,,0,100,,4854,38,,,0,105,,4853,38,,,0,147,,4851,38,,,0,103,,4850,38,,,0
8900,'KerOffPriveOff',1954,,4857,38,,,0,100,,4859,38,,,0,105,,4858,38,,,0,147,,4856,38,,,0,103,,4855,38,,,0
8900,'Samedi',646,,4876,38,,,0,103,,4860,38,,,0,105,,4868,38,,,0,147,,4861,38,,,0,105,,4869,38,,,0,105,,4862,38,,,0,105,,4870,38,,,0,104,,4863,38,,,0,104,,4871,38,,,0,106,,4864,38,,,0,106,,4872,38,,,0,104,,4865,38,,,0,105,,4873,38,,,0,105,,4866,38,,,0,104,,4874,38,,,0,105,,4867,38,,,0,145,,4875,38,,,0
