500,'CsRoyOff',628,,654,18,,,0,76,,663,18,,,0,26,,681,18,,,0,15,,671,18,,,0,75,,668,18,,,0,35,,659,18,,,0,75,,655,18,,,0,75,,664,18,,,0,35,,672,18,,,0,75,,667,18,,,0,35,,660,18,,,0,75,,656,18,,,0,75,,665,18,,,0,35,,673,18,,,0,75,,670,18,,,0,35,,661,18,,,0,80,,657,18,,,0,78,,666,18,,,0,36,,674,18,,,0,75,,669,18,,,0,35,,662,18,,,0,74,,658,18,,,0,35,,680,18,,,0,145,,679,18,,,0,105,,678,18,,,0,105,,677,18,,,0,105,,676,18,,,0,105,,675,18,,,0
500,'CsRoyOffKerOff',628,,682,18,,,0,76,,691,18,,,0,26,,709,18,,,0,15,,699,18,,,0,75,,696,18,,,0,35,,687,18,,,0,75,,683,18,,,0,75,,692,18,,,0,35,,700,18,,,0,75,,695,18,,,0,35,,688,18,,,0,75,,684,18,,,0,75,,693,18,,,0,35,,701,18,,,0,75,,698,18,,,0,35,,689,18,,,0,80,,685,18,,,0,78,,694,18,,,0,36,,702,18,,,0,75,,697,18,,,0,35,,690,18,,,0,74,,686,18,,,0,35,,708,18,,,0,145,,707,18,,,0,105,,706,18,,,0,105,,705,18,,,0,105,,704,18,,,0,105,,703,18,,,0
500,'Dimanche',927,,712,18,,,0,105,,715,18,,,0,105,,714,18,,,0,105,,716,18,,,0,107,,717,18,,,0,105,,718,18,,,0,105,,719,18,,,0,145,,713,18,,,0,105,,710,18,,,0,103,,711,18,,,0
500,'EventOff',628,,720,18,,,0,76,,729,18,,,0,26,,747,18,,,0,15,,737,18,,,0,75,,734,18,,,0,35,,725,18,,,0,75,,721,18,,,0,75,,730,18,,,0,35,,738,18,,,0,75,,733,18,,,0,35,,726,18,,,0,75,,722,18,,,0,75,,731,18,,,0,35,,739,18,,,0,75,,736,18,,,0,35,,727,18,,,0,80,,723,18,,,0,78,,732,18,,,0,36,,740,18,,,0,75,,735,18,,,0,35,,728,18,,,0,74,,724,18,,,0,35,,746,18,,,0,145,,745,18,,,0,105,,744,18,,,0,105,,743,18,,,0,105,,742,18,,,0,105,,741,18,,,0
500,'EventOn',628,,748,18,,,0,76,,757,18,,,0,26,,775,18,,,0,15,,765,18,,,0,75,,762,18,,,0,35,,753,18,,,0,75,,749,18,,,0,75,,758,18,,,0,35,,766,18,,,0,75,,761,18,,,0,35,,754,18,,,0,75,,750,18,,,0,75,,759,18,,,0,35,,767,18,,,0,75,,764,18,,,0,35,,755,18,,,0,80,,751,18,,,0,78,,760,18,,,0,12,,776,18,,,0,24,,768,18,,,0,75,,763,18,,,0,35,,756,18,,,0,74,,752,18,,,0,35,,774,18,,,0,145,,773,18,,,0,105,,772,18,,,0,105,,771,18,,,0,105,,770,18,,,0,105,,769,18,,,0
500,'KerOffPriveOff',628,,777,18,,,0,76,,786,18,,,0,26,,804,18,,,0,15,,794,18,,,0,75,,791,18,,,0,35,,782,18,,,0,75,,778,18,,,0,75,,787,18,,,0,35,,795,18,,,0,75,,790,18,,,0,35,,783,18,,,0,75,,779,18,,,0,75,,788,18,,,0,35,,796,18,,,0,75,,793,18,,,0,35,,784,18,,,0,80,,780,18,,,0,78,,789,18,,,0,12,,805,18,,,0,24,,797,18,,,0,75,,792,18,,,0,35,,785,18,,,0,74,,781,18,,,0,35,,803,18,,,0,145,,802,18,,,0,105,,801,18,,,0,105,,800,18,,,0,105,,799,18,,,0,105,,798,18,,,0
500,'Samedi',657,,817,18,,,0,145,,806,18,,,0,105,,812,18,,,0,105,,818,18,,,0,105,,807,18,,,0,105,,813,18,,,0,107,,819,18,,,0,105,,808,18,,,0,105,,814,18,,,0,105,,820,18,,,0,105,,809,18,,,0,103,,815,18,,,0,105,,821,18,,,0,145,,810,18,,,0,105,,816,18,,,0,105,,822,18,,,0,105,,811,18,,,0
2600,'CsRoyOff',622,,3899,15,,,0,35,,3900,15,,,0,81,,3901,15,,,0,75,,3902,15,,,0,35,,3903,15,,,0,74,,3904,15,,,0,35,,3905,15,,,0,75,,3906,15,,,0,75,,3907,15,,,0,35,,3908,15,,,0,75,,3909,15,,,0,35,,3910,15,,,0,75,,3911,15,,,0,75,,3912,15,,,0,35,,3913,15,,,0,80,,3914,15,,,0,39,,3915,15,,,0,77,,3916,15,,,0,74,,3917,15,,,0,35,,3918,15,,,0,75,,3919,15,,,0,35,,3920,15,,,0,105,,3921,15,,,0,145,,3922,15,,,0,105,,3923,15,,,0,105,,3924,15,,,0,105,,3925,15,,,0
2600,'CsRoyOffKerOff',622,,3926,15,,,0,35,,3927,15,,,0,81,,3928,15,,,0,75,,3929,15,,,0,35,,3930,15,,,0,74,,3931,15,,,0,35,,3932,15,,,0,75,,3933,15,,,0,75,,3934,15,,,0,35,,3935,15,,,0,75,,3936,15,,,0,35,,3937,15,,,0,75,,3938,15,,,0,75,,3939,15,,,0,35,,3940,15,,,0,80,,3941,15,,,0,39,,3942,15,,,0,77,,3943,15,,,0,74,,3944,15,,,0,35,,3945,15,,,0,75,,3946,15,,,0,35,,3947,15,,,0,105,,3948,15,,,0,145,,3949,15,,,0,105,,3950,15,,,0,105,,3951,15,,,0,105,,3952,15,,,0
2600,'Dimanche',922,,3954,15,,,0,105,,3957,15,,,0,105,,3959,15,,,0,105,,3958,15,,,0,105,,3960,15,,,0,105,,3961,15,,,0,105,,3962,15,,,0,105,,3953,15,,,0,145,,3955,15,,,0,105,,3956,15,,,0
2600,'EventOff',622,,3963,15,,,0,35,,3964,15,,,0,81,,3965,15,,,0,75,,3966,15,,,0,35,,3967,15,,,0,74,,3968,15,,,0,35,,3969,15,,,0,75,,3970,15,,,0,75,,3971,15,,,0,35,,3972,15,,,0,75,,3973,15,,,0,35,,3974,15,,,0,75,,3975,15,,,0,75,,3976,15,,,0,35,,3977,15,,,0,80,,3978,15,,,0,39,,3979,15,,,0,77,,3980,15,,,0,74,,3981,15,,,0,35,,3982,15,,,0,75,,3983,15,,,0,35,,3984,15,,,0,105,,3985,15,,,0,145,,3986,15,,,0,105,,3987,15,,,0,105,,3988,15,,,0,105,,3989,15,,,0
2600,'EventOn',622,,3990,15,,,0,35,,3991,15,,,0,81,,3992,15,,,0,75,,3993,15,,,0,35,,3994,15,,,0,74,,3995,15,,,0,35,,3996,15,,,0,75,,3997,15,,,0,75,,3998,15,,,0,35,,3999,15,,,0,75,,4000,15,,,0,35,,4001,15,,,0,75,,4002,15,,,0,75,,4003,15,,,0,35,,4004,15,,,0,80,,4005,15,,,0,39,,4006,15,,,0,77,,4007,15,,,0,74,,4008,15,,,0,35,,4009,15,,,0,75,,4010,15,,,0,35,,4011,15,,,0,105,,4012,15,,,0,145,,4013,15,,,0,105,,4014,15,,,0,105,,4015,15,,,0,105,,4016,15,,,0
2600,'KerOffPriveOff',622,,4018,15,,,0,35,,4019,15,,,0,81,,4020,15,,,0,75,,4021,15,,,0,35,,4022,15,,,0,74,,4023,15,,,0,35,,4024,15,,,0,75,,4025,15,,,0,75,,4026,15,,,0,35,,4027,15,,,0,75,,4028,15,,,0,35,,4029,15,,,0,75,,4030,15,,,0,75,,4031,15,,,0,35,,4032,15,,,0,80,,4033,15,,,0,39,,4034,15,,,0,77,,4035,15,,,0,74,,4036,15,,,0,35,,4037,15,,,0,75,,4038,15,,,0,35,,4039,15,,,0,105,,4040,15,,,0,145,,4041,15,,,0,105,,4042,15,,,0,105,,4043,15,,,0,105,,4044,15,,,0
2600,'Samedi',652,,4055,15,,,0,105,,4054,15,,,0,145,,4053,15,,,0,105,,4052,15,,,0,105,,4051,15,,,0,105,,4060,15,,,0,105,,4059,15,,,0,105,,4058,15,,,0,105,,4057,15,,,0,105,,4056,15,,,0,105,,4061,15,,,0,105,,4062,15,,,0,105,,4047,15,,,0,105,,4048,15,,,0,145,,4049,15,,,0,105,,4050,15,,,0,105,,4046,15,,,0
