1401,'CsRoyOff',711,,3096,15,,,0,100,,3097,15,,,0,100,,3095,15,,,0,647,,3094,21,,,0,100,,3093,21,,,0,99,,3092,21,,,0
1401,'CsRoyOffKerOff',711,,3102,15,,,0,100,,3103,15,,,0,100,,3101,15,,,0,647,,3100,21,,,0,100,,3099,21,,,0,99,,3098,21,,,0
1401,'EventOff',711,,3108,15,,,0,100,,3109,15,,,0,100,,3107,15,,,0,647,,3106,21,,,0,100,,3105,21,,,0,99,,3104,21,,,0
1401,'EventOn',711,,3114,15,,,0,100,,3115,15,,,0,100,,3113,15,,,0,647,,3112,21,,,0,100,,3111,21,,,0,99,,3110,21,,,0
1401,'KerOffPriveOff',711,,3120,15,,,0,100,,3121,15,,,0,100,,3119,15,,,0,647,,3118,21,,,0,100,,3117,21,,,0,99,,3116,21,,,0
1601,'CsRoyOff',633,,3244,24,,,0,115,,3229,24,,,0,110,,3230,24,,,0,150,,3231,24,,,0,110,,3232,24,,,0,110,,3233,24,,,0,110,,3234,24,,,0,110,,3235,24,,,0,156,,3236,24,,,0,116,,3237,24,,,0,109,,3238,24,,,0,107,,3239,24,,,0,100,,3240,24,,,0,105,,3241,24,,,0,105,,3243,24,,,0,105,,3242,24,,,0
1601,'CsRoyOffKerOff',633,,3260,24,,,0,115,,3245,24,,,0,110,,3246,24,,,0,150,,3247,24,,,0,110,,3248,24,,,0,110,,3249,24,,,0,110,,3250,24,,,0,110,,3251,24,,,0,156,,3252,24,,,0,116,,3253,24,,,0,109,,3254,24,,,0,107,,3255,24,,,0,100,,3256,24,,,0,105,,3257,24,,,0,105,,3259,24,,,0,105,,3258,24,,,0
1601,'Dimanche',857,,3269,24,,,0,145,,3262,24,,,0,105,,3263,24,,,0,105,,3264,24,,,0,105,,3265,24,,,0,105,,3266,24,,,0,106,,3267,24,,,0,105,,3268,24,,,0,104,,3261,24,,,0,105,,3270,24,,,0
1601,'EventOff',633,,3286,24,,,0,115,,3271,24,,,0,110,,3272,24,,,0,150,,3273,24,,,0,110,,3274,24,,,0,110,,3275,24,,,0,110,,3276,24,,,0,110,,3277,24,,,0,156,,3278,24,,,0,116,,3279,24,,,0,109,,3280,24,,,0,107,,3281,24,,,0,100,,3282,24,,,0,105,,3283,24,,,0,105,,3285,24,,,0,105,,3284,24,,,0
1601,'EventOn',633,,3302,24,,,0,115,,3287,24,,,0,110,,3288,24,,,0,150,,3289,24,,,0,110,,3290,24,,,0,110,,3291,24,,,0,110,,3292,24,,,0,110,,3293,24,,,0,156,,3294,24,,,0,116,,3295,24,,,0,109,,3296,24,,,0,107,,3297,24,,,0,100,,3298,24,,,0,105,,3299,24,,,0,105,,3301,24,,,0,105,,3300,24,,,0
1601,'KerOffPriveOff',633,,3318,24,,,0,115,,3303,24,,,0,110,,3304,24,,,0,150,,3305,24,,,0,110,,3306,24,,,0,110,,3307,24,,,0,110,,3308,24,,,0,110,,3309,24,,,0,156,,3310,24,,,0,116,,3311,24,,,0,109,,3312,24,,,0,107,,3313,24,,,0,100,,3314,24,,,0,105,,3315,24,,,0,105,,3317,24,,,0,105,,3316,24,,,0
1601,'Samedi',627,,3334,24,,,0,105,,3335,24,,,0,105,,3327,24,,,0,105,,3319,24,,,0,105,,3320,24,,,0,105,,3321,24,,,0,105,,3322,24,,,0,144,,3323,24,,,0,105,,3324,24,,,0,105,,3325,24,,,0,106,,3326,24,,,0,105,,3328,24,,,0,105,,3329,24,,,0,105,,3330,24,,,0,105,,3331,24,,,0,105,,3332,24,,,0,105,,3333,24,,,0
