400,'CsRoyOff',635,,341,24,,,0,76,,325,24,,,0,42,,337,24,,,0,75,,333,24,,,0,76,,345,24,,,0,33,,330,24,,,0,75,,342,24,,,0,35,,326,24,,,0,75,,338,24,,,0,35,,334,24,,,0,75,,346,24,,,0,75,,331,24,,,0,35,,339,24,,,0,75,,335,24,,,0,35,,343,24,,,0,81,,327,24,,,0,76,,352,14,,,0,2,,329,24,,,0,37,,332,24,,,0,75,,340,24,,,0,34,,336,24,,,0,75,,344,24,,,0,75,,328,24,,,0,105,,351,24,,,0,105,,350,24,,,0,105,,349,24,,,0,105,,348,24,,,0,105,,347,24,,,0
400,'CsRoyOffKerOff',635,,369,24,,,0,76,,353,24,,,0,42,,365,24,,,0,75,,361,24,,,0,76,,373,24,,,0,33,,358,24,,,0,75,,370,24,,,0,35,,354,24,,,0,75,,366,24,,,0,35,,362,24,,,0,75,,374,24,,,0,75,,359,24,,,0,35,,367,24,,,0,75,,363,24,,,0,35,,371,24,,,0,81,,355,24,,,0,76,,380,14,,,0,2,,357,24,,,0,37,,360,24,,,0,75,,368,24,,,0,34,,364,24,,,0,75,,372,24,,,0,75,,356,24,,,0,105,,379,24,,,0,105,,378,24,,,0,105,,377,24,,,0,105,,376,24,,,0,105,,375,24,,,0
400,'Dimanche',937,,384,24,,,0,105,,385,24,,,0,105,,386,24,,,0,105,,387,24,,,0,105,,388,24,,,0,146,,389,24,,,0,104,,390,24,,,0,105,,381,24,,,0,104,,383,24,,,0,104,,382,24,,,0
400,'EventOff',635,,407,24,,,0,76,,391,24,,,0,42,,403,24,,,0,75,,399,24,,,0,76,,411,24,,,0,33,,396,24,,,0,75,,408,24,,,0,35,,392,24,,,0,75,,404,24,,,0,35,,400,24,,,0,75,,412,24,,,0,75,,397,24,,,0,35,,405,24,,,0,75,,401,24,,,0,35,,409,24,,,0,81,,393,24,,,0,78,,395,24,,,0,37,,398,24,,,0,75,,406,24,,,0,34,,402,24,,,0,75,,410,24,,,0,75,,394,24,,,0,105,,417,24,,,0,105,,416,24,,,0,105,,415,24,,,0,105,,414,24,,,0,105,,413,24,,,0
400,'EventOn',635,,434,24,,,0,76,,418,24,,,0,42,,430,24,,,0,75,,426,24,,,0,76,,438,24,,,0,33,,423,24,,,0,75,,435,24,,,0,35,,419,24,,,0,75,,431,24,,,0,35,,427,24,,,0,75,,439,24,,,0,75,,424,24,,,0,35,,432,24,,,0,75,,428,24,,,0,35,,436,24,,,0,81,,420,24,,,0,76,,446,14,,,0,2,,422,24,,,0,27,,445,14,,,0,10,,425,24,,,0,75,,433,24,,,0,34,,429,24,,,0,75,,437,24,,,0,75,,421,24,,,0,105,,444,24,,,0,105,,443,24,,,0,105,,442,24,,,0,105,,441,24,,,0,105,,440,24,,,0
400,'KerOffPriveOff',635,,463,24,,,0,76,,447,24,,,0,42,,459,24,,,0,75,,455,24,,,0,76,,467,24,,,0,33,,452,24,,,0,75,,464,24,,,0,35,,448,24,,,0,75,,460,24,,,0,35,,456,24,,,0,75,,468,24,,,0,75,,453,24,,,0,35,,461,24,,,0,75,,457,24,,,0,35,,465,24,,,0,81,,449,24,,,0,76,,475,14,,,0,2,,451,24,,,0,27,,474,14,,,0,10,,454,24,,,0,75,,462,24,,,0,34,,458,24,,,0,75,,466,24,,,0,75,,450,24,,,0,105,,473,24,,,0,105,,472,24,,,0,105,,471,24,,,0,105,,470,24,,,0,105,,469,24,,,0
400,'Samedi',703,,476,24,,,0,106,,477,24,,,0,108,,478,24,,,0,105,,479,24,,,0,105,,480,24,,,0,105,,481,24,,,0,105,,482,24,,,0,105,,483,24,,,0,104,,484,24,,,0,105,,485,24,,,0,105,,486,24,,,0,144,,487,24,,,0,105,,488,24,,,0,105,,489,24,,,0,105,,490,24,,,0,102,,491,24,,,0,105,,492,24,,,0
2500,'CsRoyOff',717,,3575,10,0,21,0,884,,3576,10,,,0
2500,'CsRoyOffKerOff',717,,3605,10,0,21,0,884,,3606,10,,,0
2500,'EventOn',717,,3677,10,0,21,0,11,,3676,10,0,10,0,873,,3679,10,,,0,5,,3678,29,,,0
2500,'KerOffPriveOff',728,,3710,10,0,10,0,878,,3711,29,,,0
3080200000,'EventOn',802,,4974,10,,,0
3080200000,'KerOffPriveOff',802,,4975,10,,,0
3080200001,'EventOn',1605,,4976,12,,,0
3080200001,'KerOffPriveOff',1605,,4977,12,,,0
3080400001,'EventOn',1612,,4984,21,,,0
3080400001,'KerOffPriveOff',1612,,4985,21,,,0
