800,'CsRoyOff',633,,1330,24,,,0,75,,1341,24,,,0,42,,1331,24,,,0,75,,1342,24,,,0,34,,1332,24,,,0,74,,1343,24,,,0,75,,1333,24,,,0,35,,1344,24,,,0,76,,1334,24,,,0,35,,1345,24,,,0,75,,1335,24,,,0,75,,1346,24,,,0,35,,1336,24,,,0,75,,1347,24,,,0,36,,1337,24,,,0,80,,1348,24,,,0,79,,1338,24,,,0,37,,1349,24,,,0,75,,1339,24,,,0,33,,1350,24,,,0,75,,1340,24,,,0,74,,1351,24,,,0,105,,1356,24,,,0,105,,1355,24,,,0,105,,1352,24,,,0,105,,1353,24,,,0,105,,1354,24,,,0
800,'CsRoyOffKerOff',633,,1357,24,,,0,75,,1368,24,,,0,42,,1358,24,,,0,75,,1369,24,,,0,34,,1359,24,,,0,74,,1370,24,,,0,75,,1360,24,,,0,35,,1371,24,,,0,76,,1361,24,,,0,35,,1372,24,,,0,75,,1362,24,,,0,75,,1373,24,,,0,35,,1363,24,,,0,75,,1374,24,,,0,36,,1364,24,,,0,80,,1375,24,,,0,79,,1365,24,,,0,37,,1376,24,,,0,75,,1366,24,,,0,33,,1377,24,,,0,75,,1367,24,,,0,74,,1378,24,,,0,105,,1383,24,,,0,105,,1382,24,,,0,105,,1379,24,,,0,105,,1380,24,,,0,105,,1381,24,,,0
800,'Dimanche',934,,1386,24,,,0,105,,1387,24,,,0,105,,1389,24,,,0,105,,1390,24,,,0,105,,1391,24,,,0,105,,1392,24,,,0,145,,1393,24,,,0,105,,1388,24,,,0,105,,1384,24,,,0,105,,1385,24,,,0
800,'EventOff',633,,1394,24,,,0,75,,1405,24,,,0,42,,1395,24,,,0,75,,1406,24,,,0,34,,1396,24,,,0,74,,1407,24,,,0,75,,1397,24,,,0,35,,1408,24,,,0,76,,1398,24,,,0,35,,1409,24,,,0,75,,1399,24,,,0,75,,1410,24,,,0,35,,1400,24,,,0,75,,1411,24,,,0,36,,1401,24,,,0,80,,1412,24,,,0,79,,1402,24,,,0,37,,1413,24,,,0,75,,1403,24,,,0,33,,1414,24,,,0,75,,1404,24,,,0,74,,1415,24,,,0,105,,1420,24,,,0,105,,1419,24,,,0,105,,1416,24,,,0,105,,1417,24,,,0,105,,1418,24,,,0
800,'EventOn',633,,1421,24,,,0,75,,1432,24,,,0,42,,1422,24,,,0,75,,1433,24,,,0,34,,1423,24,,,0,74,,1434,24,,,0,75,,1424,24,,,0,35,,1435,24,,,0,76,,1425,24,,,0,35,,1436,24,,,0,75,,1426,24,,,0,75,,1437,24,,,0,35,,1427,24,,,0,75,,1438,24,,,0,36,,1428,24,,,0,80,,1439,24,,,0,79,,1429,24,,,0,37,,1440,24,,,0,75,,1430,24,,,0,33,,1441,24,,,0,75,,1431,24,,,0,74,,1442,24,,,0,105,,1447,24,,,0,105,,1446,24,,,0,105,,1443,24,,,0,105,,1444,24,,,0,105,,1445,24,,,0
800,'KerOffPriveOff',633,,1448,24,,,0,75,,1459,24,,,0,42,,1449,24,,,0,75,,1460,24,,,0,34,,1450,24,,,0,74,,1461,24,,,0,75,,1451,24,,,0,35,,1462,24,,,0,76,,1452,24,,,0,35,,1463,24,,,0,75,,1453,24,,,0,75,,1464,24,,,0,35,,1454,24,,,0,75,,1465,24,,,0,36,,1455,24,,,0,80,,1466,24,,,0,79,,1456,24,,,0,37,,1467,24,,,0,75,,1457,24,,,0,33,,1468,24,,,0,75,,1458,24,,,0,74,,1469,24,,,0,105,,1474,24,,,0,105,,1473,24,,,0,105,,1470,24,,,0,105,,1471,24,,,0,105,,1472,24,,,0
800,'Samedi',702,,1475,24,,,0,105,,1476,24,,,0,106,,1477,24,,,0,106,,1478,24,,,0,105,,1479,24,,,0,105,,1480,24,,,0,105,,1481,24,,,0,105,,1482,24,,,0,105,,1483,24,,,0,105,,1484,24,,,0,105,,1485,24,,,0,105,,1486,24,,,0,145,,1487,24,,,0,105,,1488,24,,,0,104,,1489,24,,,0,104,,1490,24,,,0,105,,1491,24,,,0
1700,'CsRoyOff',633,,3336,5,,,0,80,,3337,5,,,0,37,,3338,5,,,0,79,,3339,5,,,0,74,,3340,5,,,0,35,,3341,5,,,0,75,,3342,5,,,0,35,,3343,5,,,0,75,,3344,5,,,0,36,,3345,5,,,0,75,,3346,5,,,0,75,,3347,5,,,0,35,,3348,5,,,0,75,,3349,5,,,0,37,,3350,5,,,0,78,,3351,5,,,0,77,,3352,5,,,0,37,,3353,5,,,0,70,,3354,5,,,0,40,,3355,5,,,0,73,,3356,5,,,0
1700,'CsRoyOffKerOff',633,,3357,5,,,0,80,,3358,5,,,0,37,,3359,5,,,0,79,,3360,5,,,0,74,,3361,5,,,0,35,,3362,5,,,0,75,,3363,5,,,0,35,,3364,5,,,0,75,,3365,5,,,0,36,,3366,5,,,0,75,,3367,5,,,0,75,,3368,5,,,0,35,,3369,5,,,0,75,,3370,5,,,0,37,,3371,5,,,0,78,,3372,5,,,0,77,,3373,5,,,0,37,,3374,5,,,0,70,,3375,5,,,0,40,,3376,5,,,0,73,,3377,5,,,0
1700,'EventOff',633,,3378,5,,,0,80,,3379,5,,,0,37,,3380,5,,,0,79,,3381,5,,,0,74,,3382,5,,,0,35,,3383,5,,,0,75,,3384,5,,,0,35,,3385,5,,,0,75,,3386,5,,,0,36,,3387,5,,,0,75,,3388,5,,,0,75,,3389,5,,,0,35,,3390,5,,,0,75,,3391,5,,,0,37,,3392,5,,,0,78,,3393,5,,,0,77,,3394,5,,,0,37,,3395,5,,,0,70,,3396,5,,,0,40,,3397,5,,,0,73,,3398,5,,,0
1700,'EventOn',633,,3399,5,,,0,80,,3400,5,,,0,37,,3401,5,,,0,79,,3402,5,,,0,74,,3403,5,,,0,35,,3404,5,,,0,75,,3405,5,,,0,35,,3406,5,,,0,75,,3407,5,,,0,36,,3408,5,,,0,75,,3409,5,,,0,75,,3410,5,,,0,35,,3411,5,,,0,75,,3412,5,,,0,37,,3413,5,,,0,78,,3414,5,,,0,77,,3415,5,,,0,37,,3416,5,,,0,70,,3417,5,,,0,40,,3418,5,,,0,73,,3419,5,,,0
1700,'KerOffPriveOff',633,,3420,5,,,0,80,,3421,5,,,0,37,,3422,5,,,0,79,,3423,5,,,0,74,,3424,5,,,0,35,,3425,5,,,0,75,,3426,5,,,0,35,,3427,5,,,0,75,,3428,5,,,0,36,,3429,5,,,0,75,,3430,5,,,0,75,,3431,5,,,0,35,,3432,5,,,0,75,,3433,5,,,0,37,,3434,5,,,0,78,,3435,5,,,0,77,,3436,5,,,0,37,,3437,5,,,0,70,,3438,5,,,0,40,,3439,5,,,0,73,,3440,5,,,0
