1100,'CsRoyOff',642,,2185,43,4,,0,78,,2169,43,4,,0,81,,2181,43,4,,0,33,,2165,43,4,,0,76,,2176,43,4,,0,34,,2173,43,4,,0,75,,2186,43,4,,0,35,,2170,43,4,,0,75,,2182,43,4,,0,75,,2166,43,4,,0,35,,2177,43,4,,0,75,,2174,43,4,,0,36,,2183,43,4,,0,75,,2167,43,4,,0,75,,2180,43,4,,0,41,,2171,43,4,,0,64,,2192,37,4,,0,15,,2178,43,4,,0,37,,2175,43,4,,0,74,,2184,43,4,,0,72,,2168,43,4,,0,35,,2179,43,4,,0,75,,2172,43,4,,0,105,,2190,43,4,,0,105,,2191,43,4,,0,105,,2189,43,4,,0,105,,2188,43,4,,0,100,,2187,43,4,,0
1100,'CsRoyOffKerOff',642,,2213,43,4,,0,78,,2197,43,4,,0,81,,2209,43,4,,0,33,,2193,43,4,,0,76,,2204,43,4,,0,34,,2201,43,4,,0,75,,2214,43,4,,0,35,,2198,43,4,,0,75,,2210,43,4,,0,75,,2194,43,4,,0,35,,2205,43,4,,0,75,,2202,43,4,,0,36,,2211,43,4,,0,75,,2195,43,4,,0,75,,2208,43,4,,0,41,,2199,43,4,,0,64,,2220,37,4,,0,15,,2206,43,4,,0,37,,2203,43,4,,0,74,,2212,43,4,,0,72,,2196,43,4,,0,35,,2207,43,4,,0,75,,2200,43,4,,0,105,,2218,43,4,,0,105,,2219,43,4,,0,105,,2217,43,4,,0,105,,2216,43,4,,0,100,,2215,43,4,,0
1100,'Dimanche',940,,2224,43,4,,0,105,,2226,43,4,,0,105,,2225,43,4,,0,105,,2227,43,4,,0,145,,2228,43,4,,0,105,,2229,43,4,,0,105,,2230,43,4,,0,105,,2222,43,4,,0,103,,2221,43,4,,0,105,,2223,43,4,,0
1100,'EventOff',642,,2251,43,4,,0,78,,2235,43,4,,0,81,,2247,43,4,,0,33,,2231,43,4,,0,76,,2242,43,4,,0,34,,2239,43,4,,0,75,,2252,43,4,,0,35,,2236,43,4,,0,75,,2248,43,4,,0,75,,2232,43,4,,0,35,,2243,43,4,,0,75,,2240,43,4,,0,36,,2249,43,4,,0,75,,2233,43,4,,0,75,,2246,43,4,,0,41,,2237,43,4,,0,79,,2244,43,4,,0,37,,2241,43,4,,0,74,,2250,43,4,,0,72,,2234,43,4,,0,35,,2245,43,4,,0,75,,2238,43,4,,0,105,,2256,43,4,,0,105,,2257,43,4,,0,105,,2255,43,4,,0,105,,2254,43,4,,0,100,,2253,43,4,,0
1100,'EventOn',642,,2278,43,4,,0,78,,2262,43,4,,0,81,,2274,43,4,,0,33,,2258,43,4,,0,76,,2269,43,4,,0,34,,2266,43,4,,0,75,,2279,43,4,,0,35,,2263,43,4,,0,75,,2275,43,4,,0,75,,2259,43,4,,0,35,,2270,43,4,,0,75,,2267,43,4,,0,36,,2276,43,4,,0,75,,2260,43,4,,0,75,,2273,43,4,,0,41,,2264,43,4,,0,64,,2288,37,4,,0,12,,2287,29,4,,0,3,,2271,43,4,,0,37,,2268,43,4,,0,74,,2277,43,4,,0,72,,2261,43,4,,0,35,,2272,43,4,,0,75,,2265,43,4,,0,105,,2283,43,4,,0,105,,2284,43,4,,0,105,,2282,43,4,,0,105,,2281,43,4,,0,100,,2280,43,4,,0
1100,'KerOffPriveOff',642,,2309,43,4,,0,78,,2293,43,4,,0,81,,2305,43,4,,0,33,,2289,43,4,,0,76,,2300,43,4,,0,34,,2297,43,4,,0,75,,2310,43,4,,0,35,,2294,43,4,,0,75,,2306,43,4,,0,75,,2290,43,4,,0,35,,2301,43,4,,0,75,,2298,43,4,,0,36,,2307,43,4,,0,75,,2291,43,4,,0,75,,2304,43,4,,0,41,,2295,43,4,,0,76,,2318,29,4,,0,3,,2302,43,4,,0,37,,2299,43,4,,0,74,,2308,43,4,,0,72,,2292,43,4,,0,35,,2303,43,4,,0,75,,2296,43,4,,0,105,,2314,43,4,,0,105,,2315,43,4,,0,105,,2313,43,4,,0,105,,2312,43,4,,0,100,,2311,43,4,,0
1100,'Samedi',710,,2319,43,4,,0,106,,2328,43,4,,0,105,,2320,43,4,,0,105,,2329,43,4,,0,104,,2321,43,4,,0,105,,2330,43,4,,0,105,,2322,43,4,,0,105,,2331,43,4,,0,105,,2323,43,4,,0,105,,2332,43,4,,0,104,,2324,43,4,,0,144,,2333,43,4,,0,105,,2325,43,4,,0,105,,2334,43,4,,0,105,,2326,43,4,,0,105,,2335,43,4,,0,105,,2327,43,4,,0
1101,'CsRoyOff',615,,2344,1,,,0,40,,2355,1,,,0,58,,2364,1,0,16 17,0,17,,2341,1,,,0,75,,2351,1,,,0,35,,2336,1,,,0,75,,2348,1,,,0,35,,2345,1,,,0,75,,2356,1,,,0,75,,2342,1,,,0,35,,2352,1,,,0,75,,2337,1,,,0,35,,2349,1,,,0,75,,2346,1,,,0,35,,2353,1,,,0,75,,2338,1,,,0,80,,2340,1,,,0,35,,2343,1,,,0,80,,2350,1,,,0,75,,2347,1,,,0,35,,2354,1,,,0,75,,2339,1,,,0,35,,2361,1,,,0,75,,2362,1,,,0,100,,2360,1,,,0,105,,2359,1,,,0,105,,2358,1,,,0,105,,2357,1,,,0
1101,'CsRoyOffKerOff',615,,2373,1,,,0,40,,2384,1,,,0,58,,2393,1,0,16 17,0,17,,2370,1,,,0,75,,2380,1,,,0,35,,2365,1,,,0,75,,2377,1,,,0,35,,2374,1,,,0,75,,2385,1,,,0,75,,2371,1,,,0,35,,2381,1,,,0,75,,2366,1,,,0,35,,2378,1,,,0,75,,2375,1,,,0,35,,2382,1,,,0,75,,2367,1,,,0,80,,2369,1,,,0,35,,2372,1,,,0,80,,2379,1,,,0,75,,2376,1,,,0,35,,2383,1,,,0,75,,2368,1,,,0,35,,2390,1,,,0,75,,2391,1,,,0,100,,2389,1,,,0,105,,2388,1,,,0,105,,2387,1,,,0,105,,2386,1,,,0
1101,'Dimanche',840,,2397,1,,,0,105,,2396,1,,,0,105,,2398,1,,,0,105,,2399,1,,,0,145,,2400,1,,,0,105,,2401,1,,,0,105,,2402,1,,,0,105,,2403,1,,,0,105,,2395,1,,,0,105,,2394,1,,,0
1101,'EventOff',615,,2412,1,,,0,40,,2423,1,,,0,75,,2409,1,,,0,75,,2419,1,,,0,35,,2404,1,,,0,75,,2416,1,,,0,35,,2413,1,,,0,75,,2424,1,,,0,75,,2410,1,,,0,35,,2420,1,,,0,75,,2405,1,,,0,35,,2417,1,,,0,75,,2414,1,,,0,35,,2421,1,,,0,75,,2406,1,,,0,80,,2408,1,,,0,35,,2411,1,,,0,80,,2418,1,,,0,75,,2415,1,,,0,35,,2422,1,,,0,75,,2407,1,,,0,35,,2429,1,,,0,75,,2430,1,,,0,100,,2428,1,,,0,105,,2427,1,,,0,105,,2426,1,,,0,105,,2425,1,,,0
1101,'EventOn',615,,2439,1,,,0,40,,2450,1,,,0,58,,2459,1,0,16 17,0,17,,2436,1,,,0,75,,2446,1,,,0,35,,2431,1,,,0,75,,2443,1,,,0,35,,2440,1,,,0,75,,2451,1,,,0,75,,2437,1,,,0,35,,2447,1,,,0,75,,2432,1,,,0,35,,2444,1,,,0,75,,2441,1,,,0,35,,2448,1,,,0,75,,2433,1,,,0,80,,2435,1,,,0,35,,2438,1,,,0,80,,2445,1,,,0,75,,2442,1,,,0,35,,2449,1,,,0,75,,2434,1,,,0,35,,2456,1,,,0,75,,2457,1,,,0,100,,2455,1,,,0,105,,2454,1,,,0,105,,2453,1,,,0,105,,2452,1,,,0
1101,'KerOffPriveOff',615,,2470,1,,,0,40,,2481,1,,,0,58,,2489,1,0,16 17,0,17,,2467,1,,,0,75,,2477,1,,,0,35,,2462,1,,,0,75,,2474,1,,,0,35,,2471,1,,,0,75,,2482,1,,,0,75,,2468,1,,,0,35,,2478,1,,,0,75,,2463,1,,,0,35,,2475,1,,,0,75,,2472,1,,,0,35,,2479,1,,,0,75,,2464,1,,,0,80,,2466,1,,,0,35,,2469,1,,,0,80,,2476,1,,,0,75,,2473,1,,,0,35,,2480,1,,,0,75,,2465,1,,,0,35,,2487,1,,,0,75,,2488,1,,,0,100,,2486,1,,,0,105,,2485,1,,,0,105,,2484,1,,,0,105,,2483,1,,,0
1101,'Samedi',610,,2500,1,,,0,105,,2492,1,,,0,105,,2501,1,,,0,105,,2493,1,,,0,105,,2502,1,,,0,105,,2494,1,,,0,105,,2503,1,,,0,104,,2495,1,,,0,105,,2504,1,,,0,105,,2496,1,,,0,146,,2505,1,,,0,105,,2497,1,,,0,105,,2506,1,,,0,105,,2498,1,,,0,105,,2507,1,,,0,105,,2499,1,,,0,105,,2508,1,,,0
1600,'CsRoyOff',727,,3122,35,4,,0,110,,3123,35,4,,0,110,,3124,35,4,,0,110,,3125,35,4,,0,150,,3126,35,4,,0,110,,3127,35,4,,0,110,,3128,35,4,,0,116,,3129,35,4,,0,114,,3130,35,4,,0,150,,3131,35,4,,0,110,,3132,35,4,,0,100,,3133,35,4,,0,106,,3134,35,4,,0,104,,3135,35,4,,0,106,,3136,35,4,,0,102,,3137,35,4,,0
1600,'CsRoyOffKerOff',727,,3138,35,4,,0,110,,3139,35,4,,0,110,,3140,35,4,,0,110,,3141,35,4,,0,150,,3142,35,4,,0,110,,3143,35,4,,0,110,,3144,35,4,,0,116,,3145,35,4,,0,114,,3146,35,4,,0,150,,3147,35,4,,0,110,,3148,35,4,,0,100,,3149,35,4,,0,106,,3150,35,4,,0,104,,3151,35,4,,0,106,,3152,35,4,,0,102,,3153,35,4,,0
1600,'Dimanche',942,,3155,35,4,,0,105,,3156,35,4,,0,105,,3157,35,4,,0,105,,3158,35,4,,0,145,,3159,35,4,,0,105,,3160,35,4,,0,105,,3161,35,4,,0,105,,3154,35,4,,0,105,,3162,35,4,,0,105,,3163,35,4,,0
1600,'EventOff',727,,3164,35,4,,0,110,,3165,35,4,,0,110,,3166,35,4,,0,110,,3167,35,4,,0,150,,3168,35,4,,0,110,,3169,35,4,,0,110,,3170,35,4,,0,116,,3171,35,4,,0,114,,3172,35,4,,0,150,,3173,35,4,,0,110,,3174,35,4,,0,100,,3175,35,4,,0,106,,3176,35,4,,0,104,,3177,35,4,,0,106,,3178,35,4,,0,102,,3179,35,4,,0
1600,'EventOn',727,,3180,35,4,,0,110,,3181,35,4,,0,110,,3182,35,4,,0,110,,3183,35,4,,0,150,,3184,35,4,,0,110,,3185,35,4,,0,110,,3186,35,4,,0,116,,3187,35,4,,0,114,,3188,35,4,,0,150,,3189,35,4,,0,110,,3190,35,4,,0,100,,3191,35,4,,0,106,,3192,35,4,,0,104,,3193,35,4,,0,106,,3194,35,4,,0,102,,3195,35,4,,0
1600,'KerOffPriveOff',727,,3196,35,4,,0,110,,3197,35,4,,0,110,,3198,35,4,,0,110,,3199,35,4,,0,150,,3200,35,4,,0,110,,3201,35,4,,0,110,,3202,35,4,,0,116,,3203,35,4,,0,114,,3204,35,4,,0,150,,3205,35,4,,0,110,,3206,35,4,,0,100,,3207,35,4,,0,106,,3208,35,4,,0,104,,3209,35,4,,0,106,,3210,35,4,,0,102,,3211,35,4,,0
1600,'Samedi',712,,3227,35,4,,0,105,,3228,35,4,,0,105,,3212,35,4,,0,105,,3213,35,4,,0,105,,3214,35,4,,0,105,,3215,35,4,,0,105,,3216,35,4,,0,105,,3217,35,4,,0,105,,3218,35,4,,0,105,,3219,35,4,,0,145,,3221,35,4,,0,105,,3222,35,4,,0,105,,3223,35,4,,0,105,,3224,35,4,,0,105,,3225,35,4,,0,105,,3226,35,4,,0,105,,3220,35,4,,0
1601,'CsRoyOff',615,,3244,1,,,0,115,,3229,1,,,0,110,,3230,1,,,0,110,,3231,1,,,0,150,,3232,1,,,0,110,,3233,1,,,0,110,,3234,1,,,0,110,,3235,1,,,0,115,,3236,1,,,0,155,,3237,1,,,0,110,,3238,1,,,0,110,,3239,1,,,0,100,,3240,1,,,0,105,,3241,1,,,0,105,,3243,1,,,0,105,,3242,1,,,0
1601,'CsRoyOffKerOff',615,,3260,1,,,0,115,,3245,1,,,0,110,,3246,1,,,0,110,,3247,1,,,0,150,,3248,1,,,0,110,,3249,1,,,0,110,,3250,1,,,0,110,,3251,1,,,0,115,,3252,1,,,0,155,,3253,1,,,0,110,,3254,1,,,0,110,,3255,1,,,0,100,,3256,1,,,0,105,,3257,1,,,0,105,,3259,1,,,0,105,,3258,1,,,0
1601,'Dimanche',840,,3269,1,,,0,105,,3262,1,,,0,105,,3263,1,,,0,105,,3264,1,,,0,145,,3265,1,,,0,105,,3266,1,,,0,105,,3267,1,,,0,105,,3268,1,,,0,105,,3261,1,,,0,105,,3270,1,,,0
1601,'EventOff',615,,3286,1,,,0,115,,3271,1,,,0,110,,3272,1,,,0,110,,3273,1,,,0,150,,3274,1,,,0,110,,3275,1,,,0,110,,3276,1,,,0,110,,3277,1,,,0,115,,3278,1,,,0,155,,3279,1,,,0,110,,3280,1,,,0,110,,3281,1,,,0,100,,3282,1,,,0,105,,3283,1,,,0,105,,3285,1,,,0,105,,3284,1,,,0
1601,'EventOn',615,,3302,1,,,0,115,,3287,1,,,0,110,,3288,1,,,0,110,,3289,1,,,0,150,,3290,1,,,0,110,,3291,1,,,0,110,,3292,1,,,0,110,,3293,1,,,0,115,,3294,1,,,0,155,,3295,1,,,0,110,,3296,1,,,0,110,,3297,1,,,0,100,,3298,1,,,0,105,,3299,1,,,0,105,,3301,1,,,0,105,,3300,1,,,0
1601,'KerOffPriveOff',615,,3318,1,,,0,115,,3303,1,,,0,110,,3304,1,,,0,110,,3305,1,,,0,150,,3306,1,,,0,110,,3307,1,,,0,110,,3308,1,,,0,110,,3309,1,,,0,115,,3310,1,,,0,155,,3311,1,,,0,110,,3312,1,,,0,110,,3313,1,,,0,100,,3314,1,,,0,105,,3315,1,,,0,105,,3317,1,,,0,105,,3316,1,,,0
1601,'Samedi',610,,3334,1,,,0,105,,3335,1,,,0,105,,3327,1,,,0,105,,3319,1,,,0,105,,3320,1,,,0,105,,3321,1,,,0,105,,3322,1,,,0,104,,3323,1,,,0,105,,3324,1,,,0,105,,3325,1,,,0,146,,3326,1,,,0,105,,3328,1,,,0,105,,3329,1,,,0,105,,3330,1,,,0,105,,3331,1,,,0,105,,3332,1,,,0,105,,3333,1,,,0
190300400,'CsRoyOff',728,,4962,4,4,,0
190300400,'CsRoyOffKerOff',728,,4963,4,4,,0
190300400,'EventOn',728,,4964,4,4,,0
190300401,'CsRoyOff',1605,,4965,1,,,0
190300401,'CsRoyOffKerOff',1605,,4966,1,,,0
190300401,'EventOn',1605,,4967,1,,,0
